-0.0570575222
0.000991608249
0.0076902518
-0.147745445
-0.010572548
0.0285598543
-0.0776794851
0.0841859207
0.148300573
0.0829206184
-0.0432399288
0.10316705
-0.0537977405
-0.0413597375
0.046774108
0.0869384483
0.0255259778
0.0885654688
-0.0392580256
0.0298382938
0.0370784216
-0.177237704
-0.0445374586
-0.130147725
0.119490564
-0.0574310347
0.0520536974
0.00727511477
0.0852064639
-0.0706113502
-0.0278776437
-0.0992080122
0.0445160381
-0.0308894236
-0.042621661
-0.0883001834
0.128533244
-0.0721392035
-0.11682637
-0.0453100279
-0.0324732289
-0.0286989436
0.110235564
0.00436611753
-0.063952595
-0.0926089734
-0.057531938
0.101333223
-0.0106220404
-0.0121985786
-0.0263679959
-0.00890895352
-0.177556559
0.118123062
0.133035168
0.0688988343
-0.0465348214
0.0392604284
0.137281626
-0.136025771
0.129235104
0.118921168
0.0431551486
-0.118913934
-0.0676382706
-0.0381356403
-0.169337451
0.0895059854
-0.108065985
-0.103889436
-0.10448119
0.0227718931
-0.0194662493
-0.0188925192
0.0542366654
-0.0491841994
0.0338319205
0.108273678
0.0383210778
0.0673696995
-0.0418303236
-0.0874539316
0.00669150054
-0.0440937355
-0.0722406507
0.118748359
-0.0276823621
0.032370165
-0.116987154
-0.0736554414
-0.0117679024
0.030547658
-0.00173443323
-0.00521910423
-0.0894444808
0.0221038386
-0.0252183154
-0.00634965254
-0.0180070233
0.116699874
-0.026915282
-0.0076697804
0.215763435
0.126510128
-0.0228864253
-0.0516788252
-0.0174744725
0.108823679
0.124713324
0.128231674
-0.19601126
-0.14030543
0.126773298
0.0724366009
0.0206940453
-0.105644345
-0.00188010349
0.0953463688
0.0224283915
0.0957782045
0.0763502121
0.0440950654
0.0689845681
-0.0187467821
-0.196487382
0.0422244444
-0.0798213705
0.0473267213
0.116925098
0.0470120572
0.0786723197
-0.0803992227
-0.0441713929
0.00368749001
0.00323088141
-0.155401438
-0.0988257751
0.0777351856
-0.0210254136
0.0495282114
-0.0190879479
0.061853379
0.0464784279
0.0119994013
-0.0206720121
-0.0302915908
0.120412245
0.13070792
0.0284560453
-0.0379514098
0.0368083194
-0.00899537466
0.0173365772
0.0857888833
-0.0127782011
0.0157181844
0.0766590387
0.0136033557
-0.0207401644
0.0683912486
0.0656440035
-0.0223693699
-0.0721903071
-0.141088411
-0.0560976155
0.0161015857
-0.088367857
0.00595523696
0.108827569
-0.081075944
-0.0566278771
0.101651736
0.0246997476
-0.03752812
-0.0996891335
-0.0438394919
0.0120003261
-0.0378925055
0.154967502
-0.129197657
0.263198555
0.026578337
-0.104528286
-0.148295447
0.115785189
-0.0434626192
0.0113756834
0.141857803
-0.0885558203
-0.0732880235
-0.0996157527
-0.177378461
-0.0205103587
0.0733792558
0.0647908077
-0.0299081299
0.0700326562
0.0517754182
0.04474907
0.0367253982
-0.0980096534
-0.100991368
-0.00730380975
-0.0217252988
-0.0185309798
0.0304065309
0.0575560406
0.105189741
0.090628542
0.035983339
-0.0742618889
0.06172866
-0.0605077408
0.0145362671
0.0642685443
0.0341557935
-0.09585388
0.0404574834
0.00434848247
-0.0307914745
0.0784460977
0.0764913931
0.0677694902
-0.0928948149
0.016497869
-0.109873161
0.00484961737
-0.054583028
0.078137055
0.0828419253
0.107243203
0.122368015
-0.0263012052
0.088183105
0.00672561442
-0.0554320849
0.0351192802
-0.0811911076
0.0691955239
0.13392435
-0.123245418
0.240429312
-0.00202917214
0.0432233624
-0.0010179925
-0.0406193621
-0.0171841625
0.0411999077
0.0732273757
0.0150301438
0.105668023
0.016755715
0.0973446742
0.0979228616
0.129648834
-0.00690800743
0.141385674
-0.0499720275
0.127683148
-0.0195028987
-0.124167413
0.0812342688
0.0299597718
-0.0791871697
-0.0476897061
0.0191771332
-0.0294930302
0.113026515
-0.0170445312
0.0479417369
-0.0593994707
0.01728536
0.0593888834
0.0446139053
0.0201785937
0.059463013
0.0323540866
0.0933901221
0.0329088308
0.0990216434
-0.0736069232
0.0969044864
0.00670904806
0.0394775458
-0.0731587186
0.117024936
0.0902282968
-0.128660306
0.0152994599
-0.0473509505
-0.0737491772
0.0267024059
0.0363321044
-0.037636131
-0.0462491475
0.117775753
-0.0319615752
-0.0661353916
0.0933761895
0.0383593626
0.0528091453
0.00673261611
-0.0315255187
0.0635786653
0.0738544241
-0.042882435
0.119503386
-0.0524725132
-0.0466737039
-0.0549390763
-0.0341741033
-0.104386151
0.0392345637
0.104303151
0.0431592427
-0.0454594269
-0.056925863
-0.0121263023
-0.0730956271
-0.0548843481
-0.0424283966
0.0358571857
-0.104753114
-0.118649587
0.0401648581
0.0243022982
-0.0278168749
0.0105463024
0.0362582132
0.0442792363
0.191529468
-0.0569053367
0.0290161632
-0.0158526842
-0.087200731
0.122652426
0.121955901
0.0871737078
-0.101183794
0.0593115091
-0.156112447
-0.0384422131
0.00927495398
0.0766156465
-0.0331608206
-0.0884782895
-0.0192884691
0.0666235313
-0.104321614
-0.0386975482
-0.145984337
0.209225431
0.112920687
0.015964685
-0.198984191
-0.105944
0.181505278
0.130109861
0.0545113496
0.024723988
0.00777330063
0.0892561674
-3.54613221e-05
0.124262877
-0.0542276688
-0.0844861716
0.138767704
0.106079578
-0.0711416453
-0.0471140519
-0.121426255
-0.0112748845
-0.0935582891
-0.0254653655
0.00361467805
-0.00606518704
0.0182713903
-0.131587908
0.0335711874
-0.135494128
0.0576318093
0.138897002
0.0246097054
0.0845937207
-0.0825034156
-0.0286882184
-0.0852315426
0.110838436
0.0791257322
-0.0850732028
0.147209287
0.0766628385
0.0227886755
-0.0739901662
0.0493607819
0.000185341254
0.0031395331
-0.0944339707
-0.0382505767
0.0280071739
-0.00552747073
0.0282741077
0.0575802289
-0.00894416496
0.164282143
-0.0598834082
-0.0151047288
-0.0420659781
0.0489607751
0.0305327941
-0.03533547
0.16167827
0.0412408933
-0.151248947
-0.0647258684
-0.10530854
0.179965854
0.0149043091
0.000987583539
0.129100606
-0.0232563857
0.0361617468
-0.0879272744
6.49796129e-06
0.000768241007
-0.0348431244
0.0739613175
0.0946890786
-0.0221990384
0.0845853463
-0.0808052942
0.00407769391
0.0660380349
-0.0971333534
-0.101206474
0.0645507649
-0.0510161668
0.0965680555
0.0500464775
-0.01253762
0.000485808996
0.0426177457
-0.0328140967
-0.0197042804
-0.0063316361
0.0419483483
-0.116104878
0.00501254713
0.0853184387
0.102233939
0.0363959521
-0.0957785398
0.0769542158
-0.0347031802
-0.136037573
-0.018150894
0.0623588227
0.0770151839
0.0587620661
-0.14816092
0.0400661565
0.0559135154
0.106265247
0.0551770888
0.0589350387
-0.127255917
-0.11304947
-0.185110226
-0.0332786292
-0.0924791396
-0.0793593004
-0.0587562509
-0.0696755275
0.0426136516
0.0669729784
0.140482128
-0.019578848
-0.0961513668
-0.0339242145
0.103954084
-0.0326273479
-0.0484756939
0.0873918533
-0.0207214337
-0.083333239
-0.0926888064
0.0774814561
-0.0458485149
0.10333582
-0.077751413
-0.0423835181
0.0786758512
-0.0562623553
0.0870970413
-0.0203333646
-0.194081634
-0.154217899
0.0727791041
-0.0336974412
-0.210045412
-0.0379624702
-0.06942904
0.0923260003
0.0995941162
0.0375706218
0.080226846
0.122527622
-0.15603283
-0.0169189535
0.0117565617
-0.0661693588
0.0719833747
-0.0544893593
-0.0586513504
-0.0167095065
0.0204985999
-0.0750729293
0.145715833
0.0417797714
-0.1603764
-0.0381907448
0.0809063017
-0.037099313
0.120428495
0.0107845273
0.0395508595
-0.0330534279
-0.0842056423
-0.028018726
0.0354219079
0.0510947667
0.0624509193
0.0131098405
0.0367103368
0.0780568197
-0.0377499275
-0.0436436012
-0.0168573074
-0.0338416919
-0.0751830265
-0.0852364823
0.0664623156
0.0448165275
-0.000845984439
0.00935187563
0.147962958
-0.159843281
-0.0246390495
-0.0656407177
-0.0225747321
0.0139303422
-0.0191511419
-0.0818347335
0.104202487
0.055662971
0.147297695
-0.0215761326
-0.0631946027
0.166495219
0.160380557
-0.00432428811
-0.0475958362
0.076908499
0.0463019647
-0.00436461251
0.0264048874
0.0407481566
0.0493171476
0.090827316
-0.0449880324
0.116807617
-0.00197727722
0.00593129825
0.0479097925
0.0498515405
0.0365838781
0.067539379
-0.100639045
0.0184555575
0.111241788
0.0743947476
-0.0237950161
-0.128531441
-0.0189503767
0.0955143571
0.0159245543
0.0367683172
0.132378787
0.13312076
-0.0275527444
-0.0719085708
-0.0936681032
0.0637586191
0.045058731
-0.114227325
0.00880965404
-0.139002755
-0.0616499335
-0.0830532163
-0.0947143584
-0.00444890792
0.0253765229
-0.0214005914
-0.00424745586
-0.198498711
0.0490985103
0.0352615863
0.106244646
0.0503817275
-0.115283735
0.0130768912
0.0290175304
0.0223970953
0.0652914271
-0.0183108635
-0.12514475
0.112229578
-0.0314993225
-0.00536718778
-0.0776502118
0.0552469268
-0.0520017445
0.0302327331
0.0220775697
-0.0278044324
-0.141279608
-0.107705072
0.0645475537
-0.00176711427
-0.101729177
0.0849587917
-0.0312069692
0.0220831186
0.000824903836
0.0494261719
-0.164422199
0.0978723317
0.0367067866
-0.0571380518
0.0125312572
0.0160421487
0.0278302804
-0.104148686
-0.106890388
0.0824768916
-0.0812323615
-0.0365016498
-0.0833069831
0.0755792782
-0.1218931
0.0158344712
-0.179640576
-0.0275268219
0.0493683927
-0.128925309
0.00923004467
-0.0901261568
0.0476261638
-0.0219587833
-0.0290345401
-0.0547891967
-0.0195681304
0.0779673606
-0.00934815034
-0.114903472
0.0313992947
-0.0295535736
0.0524735376
-0.120663524
-0.0542676039
-0.111239463
0.0981445387
0.0274384245
-0.0684037358
-0.089390032
0.0578289703
0.0342615545
-0.0303518325
0.122446842
0.0292316098
-0.054063607
-0.000624932698
-0.0652517974
0.0795985162
0.020688301
0.0282605942
-0.0531110503
-0.101017669
-0.0230470654
-0.0212471634
0.0929665491
0.0367949009
-0.0771523267
0.00957497302
-0.0626683161
0.0917381272
-0.143412277
-0.0761951581
0.0861487836
0.0982848778
-0.0992647335
-0.0129585788
0.0337017626
0.0281067435
-0.0241680704
-0.00234767771
-0.0594354495
0.0376089513
0.0406716466
-0.102237105
0.0350529104
-0.0645750687
-0.153522938
-0.139919057
-0.0175060444
0.127847791
-0.0493365005
-0.0211366471
-0.00503230374
0.031322863
-0.116502672
0.100654244
-0.00251152832
0.0760798007
0.0171292033
0.0445279479
-0.0901979133
0.125622049
-0.0358232297
0.14964132
0.0715817064
0.0438304283
-0.105468191
0.0416567735
0.124489456
-0.0300269853
0.0143177873
-0.0399864279
0.11568737
-0.0457605049
0.0416087732
0.0466356501
0.0433808528
-0.0136424378
-0.033431001
-0.00307255751
-0.1528541
0.0481028669
-0.0512342714
-0.0594340786
-0.0787808895
0.0614565387
-0.00625860179
0.0113462005
-0.0543593802
0.0839502513
-0.0640142933
0.0300573315
0.114584737
-0.016845312
0.0392098464
0.127235934
-0.152005538
0.0999768525
0.110065043
0.142547682
0.0700337142
-0.0973501056
-0.0347926728
0.0624504052
0.0959909186
-0.0749374256
0.0494596884
-0.0798613057
-0.0025016719
-0.0811980516
0.0384767354
-0.000345528621
-0.0900414214
-0.0806783289
0.0141768344
0.0261938479
0.143612593
0.0552963614
-0.0546971671
-0.103791185
-0.0398865864
0.0387444049
-0.0163593907
-0.0227627307
0.12851873
0.00660786824
0.0258827806
-0.0263820384
-0.0309959594
0.0418216772
-0.0267486889
-0.0831565708
0.041076351
-0.0087568881
-0.00187629135
0.0773625597
0.10981223
-0.0833257735
-0.0143025229
0.135538548
0.0808892548
-0.0441463329
0.0447602198
0.0635100156
-0.0837474093
0.0150365299
0.00686873356
0.0970706493
-0.0541361682
-0.0102637857
-0.0363870561
0.0731941685
0.00969940983
-0.0781832337
0.169144109
-0.0933795199
0.021014221
0.0452262238
-0.0671999902
0.00848694425
0.168204188
0.0928427279
0.0592894778
0.0489878766
0.0178469755
-0.0497732125
0.108617686
0.0147953397
0.106631964
0.0413192213
-0.0756675079
0.098635897
0.0405283384
0.0228854027
-0.0703568533
-0.0194847509
-0.00357393525
0.0100350343
-0.118451223
0.0348667763
-0.0317066908
-0.170021594
-0.149035588
-0.0658377185
0.0987345725
0.100672111
0.0199963655
0.0638813227
-0.156133205
0.00627752347
-0.158590183
-0.0664473996
-0.0421313494
0.0376025289
-0.0795522556
-0.115516193
-0.00355057348
-0.0172738377
0.0853316858
0.0464472473
0.0619095452
0.0644871891
-0.0373175777
0.116440542
-0.0889395326
0.0650534481
-0.0806364045
-0.0317955352
-0.00968360621
-0.00863737706
0.154072747
-0.0466754176
0.00263258093
-0.0579774864
0.00747128576
0.0139152044
0.176697046
0.00258118846
0.147168934
0.0369762778
0.0523560159
-0.0986163765
0.0862607583
0.0371056125
-0.0489936695
0.0412263125
-0.151761457
-0.158242866
-0.0806286857
0.0359322242
-0.0380193032
0.00814276934
-0.0478346609
0.121102624
0.0388861969
0.0798790306
-0.00215203199
-0.01331136
-0.09855178
-0.113316305
0.0716222897
-0.00659778342
0.0781040937
0.0303326827
-0.0177912042
-0.108062588
-0.169527426
0.0342612527
-0.0405316986
-0.0581452958
0.0561178848
-0.0596346296
-0.0454624072
-0.033691071
-0.0359130837
0.0720626414
-0.0373330861
0.128823668
-0.038772855
-0.0356612802
0.0206641778
-0.0631477684
0.0217522439
-0.0298165977
-0.0142753469
-0.0273362976
0.0191413034
-0.0922445506
0.0193415973
-0.0238882806
-0.0730680823
0.0487241298
0.0101489462
-0.00197769608
-0.0230331682
-0.0712747276
-0.0353756212
0.0325511917
-0.0715361536
0.0865943804
-0.0889693946
0.0970968455
-0.0176130086
0.0339027829
0.0142102074
-0.0194320548
-0.068410188
0.0614744388
-0.0395216048
-0.101922221
-0.0268364288
0.050003875
0.0117424
0.0245572738
-0.104926795
-0.0139715169
0.0833270475
-0.0879309028
0.0842809752
-0.0241764039
0.0202955622
0.0267040748
-0.12974073
0.0615974255
0.0810141787
-0.0308534857
0.0755484477
0.022961922
-0.0534203947
-0.0450141393
-0.0715730414
0.0271234903
-0.00612778403
-0.165829629
-0.0404284261
0.148265556
-0.038057372
-0.0036965888
-0.0687235072
-0.0215277374
0.0481930822
0.00636059511
-0.0181131326
0.0355904512
0.0714860037
-0.00315810507
-0.0841428041
-0.0499846712
-0.0342009887
-0.069450438
-0.0378500149
-0.0253553614
0.058898475
0.0027510291
-0.0115333227
-0.118490346
0.0453440137
0.0409968086
0.000168387109
0.0608898811
-0.167306945
0.0629230291
0.0101203257
0.108176313
-0.0770935416
0.000105221523
0.114915259
0.0360519104
0.0960299075
0.0934886113
-0.044120118
-0.0478295721
0.117166236
0.0733685791
-0.0724637136
-0.115056083
0.0378339402
-0.0685835704
-0.0257150158
-0.091256246
-0.0677121207
-0.100187376
0.084228687
-0.0359003022
0.0415750332
0.0998537615
-0.0464574993
0.0390662067
-0.0943252891
-0.074525483
0.119015209
0.164192781
0.0651801899
0.0208654162
-0.0109429695
-0.0280506108
0.125241622
-0.102928475
-0.00887811091
-0.0999119654
-0.00263429293
-0.112330131
-0.0880270004
0.0206186287
0.04387955
-0.0312034562
0.128637984
0.0724387392
0.0328304879
-0.10863322
-0.189768106
-0.0814002752
-0.127762079
-0.0572469831
0.0631913394
0.0636466071
0.0684271678
-0.0718066916
-0.0485025644
-0.110109359
0.101770364
0.0243310351
-0.00335623045
-0.109821104
-0.024461193
0.0489598624
-0.0796925053
0.0365914628
0.0138337715
-0.112004608
0.192249194
-0.0369567312
-0.12230286
-0.112257771
-0.0990777165
0.0754462183
-0.0327743255
0.207087278
-0.126801938
-0.00368849654
0.0952454582
-0.17226553
0.00192668394
0.162508965
0.154512882
0.0794300288
0.0199793484
-0.0561529063
0.000769165228
-0.139118642
-0.0773090646
-5.5879289e-05
0.0302725043
0.0637526438
0.0350716226
-0.00338633312
0.129932493
-0.0430483408
0.0812517256
-0.0511225462
-0.1024203
-0.0508596338
0.0255160984
-0.088923946
-0.119726449
0.0149317728
0.0542664081
-0.0162786879
0.0638920888
0.0670096502
0.112285919
-0.00543025648
0.0529509634
0.0565713271
0.0542993061
0.0891399011
0.0564384945
-0.0805660114
0.00246651354
0.0036264779
-0.0162511263
-0.0424166732
0.133905619
-0.0203971639
-0.0171255302
-0.0491001084
-0.0614395626
0.116785705
-0.0711361021
-0.0653381944
-0.0300552789
0.0197421759
-0.0559817143
-0.136552855
0.0206543282
-0.0172478221
-0.0323704109
-0.0554257073
0.0590420924
0.00409580721
-0.0637855157
-0.158164218
-0.107798286
0.0147877447
0.0492540635
-0.0574039333
0.0738144144
0.0124058211
0.0227033086
-0.0215736702
-0.00626666751
0.0310448576
0.0352795422
0.0596359484
-0.0327900238
0.0475044288
0.0446531475
0.0606536604
0.109031476
-0.00992162712
0.0881095752
-3.60624836e-05
0.0712214187
-0.0340759046
-0.0243052375
-0.0287315026
-0.0478057973
-0.0708648413
-0.00860427227
-0.0177189372
-0.0830372423
-0.0973982513
0.123338342
0.039331086
0.0287068505
-0.122985594
-0.0786061361
0.134412169
0.0815137252
0.0180883761
0.0158360563
0.0714716315
0.036150232
0.0545742512
-0.0963179767
0.022175584
0.117619
0.0331640318
0.0333719403
0.138499558
-0.0782296583
-0.0674252808
-0.0547215641
-0.0515596904
-0.103044219
-0.00767809153
-0.0578789823
0.0208727494
-0.0121778082
-0.105805427
0.0201394167
0.0689059123
0.0289517194
-0.0183841847
0.0446973629
-0.0752796084
0.0185471158
0.0995881781
-0.0353188887
0.00124295265
-0.0262003541
-0.0220093485
-0.0112889707
0.0244130809
0.114632577
-0.00203247881
-0.00523663964
-0.0176866632
0.0879217014
-0.0149919111
-0.0223652553
0.00307922787
-0.0654557049
-0.0990707725
-0.0964918733
-0.0125433048
-0.105031386
-0.0369189456
0.0469287708
-0.113610841
0.0927668437
0.0618080422
0.120530508
-0.0339176059
0.0958773419
0.0210588537
0.0384924933
0.149923369
-0.120233677
-0.0661976188
0.0072696628
0.0771364346
0.0740665793
-0.0384996124
0.189188778
-0.0208984781
0.101964317
-0.0313768685
0.0491826162
-0.0202698782
-0.0338668711
-0.055242829
0.0743823722
-0.0260905679
-0.0269716512
-0.0703587234
0.0300673284
-0.0317431279
-0.0674654618
0.0359693654
-0.02459611
0.0548677444
-0.13179414
0.117386743
-0.0390806235
0.197162122
0.074429512
0.0048755859
0.0284437686
-0.0497618318
0.0564128272
-0.0162823237
0.0991852805
0.125250787
-0.072182849
0.0215472598
0.111289322
0.041125387
-0.139816955
-0.0663165897
-0.022927478
-0.0311422274
-0.0509245358
0.0702970028
-0.0732006282
0.044551257
-0.0439759903
0.0114615783
0.0860800445
-0.0531190746
0.0399187766
-0.0246675871
-0.0114884423
-0.0960410014
-0.0393042304
-0.0654984713
-0.103915744
0.0150046041
-0.0191995949
-0.0510645062
0.00318467268
-0.144527227
0.111936606
-0.0120664518
-0.0307455752
-0.0506844819
-0.0145071149
0.0471489988
-0.156278342
-0.0547000021
0.0182058048
0.0632674024
-0.00110632123
-0.100780234
-0.0333115757
0.116583116
-0.0887784585
-0.0731818825
-0.050892137
0.0182158723
0.0423663631
0.140438393
0.0938080177
-0.210080504
0.0327631608
-0.0568428226
-0.115062535
0.0177590512
-0.00318936934
0.0508020557
-0.00695337821
-0.0457593575
-0.0471424945
-0.0385073684
0.154442996
-0.041146256
-0.115968682
-0.0349792726
0.0107815014
-0.148427323
-0.191729501
-0.0426040739
0.0760395229
0.0466533937
-0.00815050863
-0.0228947755
0.0632213503
-0.0690730736
0.0264441799
-0.0925031528
0.102982134
-0.0268935487
-0.00741292303
-0.033751823
-0.0679545105
0.0494511947
-0.0566935204
-0.158872798
-0.0504310988
0.0554213412
-0.00895630475
-0.129779458
-0.0515586101
-0.040055532
0.0369923227
-0.0230248962
-0.0521860756
-0.128285408
-0.125637978
0.0693380088
-0.153019428
-0.015455897
0.000285571354
-0.0306094345
-0.0759582296
-0.236261889
-0.026598949
0.0123355379
0.0186972301
0.0853418261
0.189141154
0.0901123136
0.037059661
0.0502300113
-0.0225555245
-0.0257459227
0.0355442986
0.0765526891
-0.012207889
0.0330067165
0.0137392739
0.0522605255
-0.0342515856
-0.0194730405
-0.0245101769
-0.0397013985
-0.033913292
-0.165538713
0.113714591
-0.0297112465
0.0366138257
0.118219614
0.00835621823
-0.0410208106
0.0584782027
0.0646993741
0.0188367814
-0.0787023753
0.016576983
0.00238260813
0.0489473231
-0.00586410612
0.07105124
-0.109573364
-0.0743836984
0.047486525
0.0962850302
-0.0535011664
0.0124488696
0.0310061015
0.0889917091
0.0583271645
0.0120668672
0.107953556
0.101465032
0.103013173
-0.0823957026
-0.0691087171
0.0311581027
0.0266757142
0.01044174
0.0912221968
-0.0377657637
-0.0854169354
-0.076459378
-0.000626591733
-0.00725581823
-0.0814150497
-0.114324957
0.114222899
-0.0432903841
-0.111651368
-0.0879581869
-0.0730969682
0.0431510285
-0.00320292101
-0.0250393972
0.0206528325
0.012234807
0.098751992
-0.043412827
-0.0315651111
0.0955766812
-0.0829895809
0.067889154
-0.0302706789
-0.0154774664
-0.0529635958
0.123492531
-0.0317734964
-0.0977895185
-0.0452749617
-0.0585844629
-0.0952477679
-0.0768781155
-0.0594801269
-0.0596242622
0.0350308977
-0.0150945485
0.0988006443
0.0346240923
-0.0551825911
-0.00334957917
0.0212243069
0.139558643
0.0263837948
0.0850993022
0.220972344
-0.0102150086
-0.0748780668
0.0937823504
-0.0668255538
-0.0603889599
0.0195724722
0.0186131317
0.0476650968
0.0541946813
-0.0595269501
-0.0492470674
0.149343446
0.176398754
0.106269628
0.0399992839
0.0454552136
-0.0286483597
-0.0835003257
-0.0447947048
0.0536131822
0.052782122
0.0976972431
0.0900678337
0.0108439196
0.0253499001
-0.0134877637
-0.0412634425
-0.0871279985
0.0347527824
0.0846783742
-0.141664043
-0.0978189781
0.00649313815
0.14129737
0.129720435
-0.101226397
0.116979882
-0.277342439
-0.0508416332
0.0958199278
-0.0993973389
-0.097339347
0.17611587
0.0531932972
-0.0279362425
-0.0175755508
-0.0378445014
-0.173716336
0.073994875
0.0421894379
-0.163647547
-0.0572472177
-0.0100479824
0.0573049188
0.102304451
-0.0304291639
0.059796147
0.0692785159
0.0863539204
-0.0728099868
0.141925171
0.0838319436
0.117429987
0.0691047087
0.0319865458
0.0194209628
-0.0067982492
-0.0951824188
0.0228595361
0.113798536
0.0767206401
-0.0271078143
0.0495681465
0.100290589
0.0310684312
0.00457995199
-0.012537282
-0.0414115712
0.0261754412
0.0255609006
-0.0912080333
0.0685052946
0.100499541
0.175502121
0.0754288733
-0.0696054325
-0.0199028552
0.0727536008
-0.0575908981
0.00524512772
-0.149936289
0.054902181
0.0431549065
-0.0212636981
0.0488317087
0.032538604
0.0200621746
0.0645224079
0.0620861165
0.0356104821
-0.067544885
-0.073818557
0.0210825372
0.0909495354
-0.00764600839
0.0651670396
0.0754058734
-0.00838175509
-0.0656431168
0.0493357442
-0.0898713022
0.048307199
-0.0706479028
-0.0619716644
-0.0452787466
0.0710533485
-0.0910711288
-0.0193180926
-0.0388514213
0.0567787327
-0.137642711
-0.0158916097
-0.00236925995
0.0101658581
0.0608433411
-0.0902019665
0.0214645807
0.0362369269
0.099870719
0.0217467602
-0.0611345544
0.109583162
0.0949593857
0.129244059
-0.0804705769
0.0684283301
-0.119942717
0.0971482396
0.0671064183
0.133472428
-0.0556459874
0.01712838
0.0847009495
0.0498054922
-0.0572753511
-0.0431755744
-0.0432031006
0.126243636
-0.0148568619
0.00105782528
-0.0378544815
0.142453209
-0.0487981252
0.0185397323
0.0947966948
-0.00888107065
-0.0153657636
0.1261255
-0.16515629
0.0173347369
-0.0235122424
0.0905254856
0.124054864
-0.0348042436
0.0541462041
-0.0007819538
0.0362235978
0.139552563
0.0787055418
0.0243529808
0.0323537104
-0.0100356387
-0.0511318706
0.0241465587
0.0146849556
-0.0249183699
-0.0629971698
0.00211916002
-0.0752251521
0.0168634765
-0.0786257014
-0.0809809417
0.0322477259
0.00121289468
0.0238598213
-0.0197798219
-0.101159856
0.00963377953
0.0132621368
-0.0836347416
-0.0156840011
-0.0169270318
0.0436702557
-0.0778812468
-0.0311368536
-0.0172187071
0.0711233616
-0.0628146827
-0.100156583
-0.0354495905
-0.114379637
-0.122503787
0.0175585151
0.00708592916
-0.0527809188
-0.0852293968
0.0390504971
-0.0327597745
-0.0854859054
0.0394014753
-0.0787296966
0.0343512781
0.0328454114
-0.083637543
0.00990760792
-0.0213910695
-0.0307453666
0.0551070571
0.194957808
-0.0632647276
0.0194871258
-0.00936598331
0.0298334472
0.0404082984
-0.0619072802
-0.152124405
-0.0631347522
0.0093871709
-0.0758763254
0.0578834563
0.0761135966
-0.106185108
0.0269186962
-0.0775126368
-0.046396587
0.0973455086
0.0422851369
-0.0424620658
0.0587515756
-0.141929969
0.0289246142
0.134793326
0.0453998819
0.144613937
0.0446389206
0.16799444
-0.0332810618
0.0272635128
0.143798783
-0.0129617946
-0.0668351278
0.057006076
-0.067697607
-0.0361826085
0.101307765
-0.0686121956
0.00996917021
-0.011740786
-0.0514559895
-0.043905925
-0.0400599651
0.0477520898
0.0753617063
-0.112237513
0.0288744774
0.102014758
0.0298266485
-0.0176525135
-0.0646079257
0.100480132
0.0244105533
-0.0426429845
0.0069539533
0.00984387007
0.036054112
0.0559876189
0.084910132
-0.102300122
0.0645501614
-0.0713990182
0.016861232
0.0439316556
0.141154274
0.000674829469
-0.0693607107
-0.0605308414
0.0147125619
-0.0582265668
-0.0693402365
0.0497985035
-0.146557212
-0.0335618779
-0.119194254
-0.0289279222
-0.0919340625
-0.0202733576
-0.0994432643
-0.079356499
0.169098258
0.192498118
0.00163337844
-0.0998455286
0.12869978
-0.106936827
0.00245662802
-0.14851822
-0.0780211538
0.133858234
-0.10037566
-0.0882918909
-0.0190109108
0.192389295
-0.0856378675
-0.0326269679
0.0170847513
0.0163228009
-0.0822497085
0.0304670371
-0.00245587062
-0.00968011934
-0.0944496393
-0.0165457744
-0.139280811
0.0326957442
-0.131618649
-0.00660586404
0.0772252455
0.0771013647
-0.0164016373
-0.031048242
0.0806223974
-0.00148164027
-0.0745923817
0.0134517467
0.10277088
0.135973155
-0.0831549093
0.0174960308
0.0323993079
0.0897173658
0.161907852
-0.0497247949
-0.00512971403
0.0835394934
0.146865889
-0.0383289903
-0.0306768622
0.181586131
-0.0652117506
0.06855122
-0.0216221996
-0.0100973872
0.134685308
-0.0203304254
0.00123697892
-0.0222850796
0.0485130697
-0.00226067798
-0.0108655756
-0.00177858421
-0.134124488
0.0947890654
0.0338754766
-0.151297584
-0.00386903365
-0.040854197
-0.0964971185
0.0718728155
-0.167094052
0.0352223217
0.0156621244
0.0315297693
0.0678524971
0.146867797
0.0763062611
0.0645334572
0.0324436203
0.149937272
-0.0660010055
0.0182766169
0.0264414996
-0.16088149
-0.0281215664
-0.0538127795
-0.179342538
0.0610200167
-0.000979592209
-0.0419604257
-0.067159079
-0.0515227504
0.126706436
0.0290425308
0.0626715273
-0.0636743009
-0.0732974857
0.0174055807
-0.0412936285
-0.071218729
-0.0949067995
0.0736958086
0.0726785064
0.0195489675
-0.104439415
0.0647959858
0.0593903176
-0.0041398718
0.0123191234
0.137498319
-0.0611189716
0.00147462438
0.0670847222
-0.0119907316
0.0552294515
0.0424884148
0.002732147
-0.0680810511
0.0628477931
-0.0137594007
0.109544769
0.042687539
-0.0468411297
-0.0255526491
0.00736084022
0.0948266536
-0.11519292
0.024839405
0.129370719
0.0330465771
0.0184387527
0.039499484
-0.0379534625
0.0322852768
0.056941431
-0.016944645
-0.0326537043
-0.0276414528
0.0944605991
-0.0689534098
0.0266602766
-0.15275234
-0.00842475798
0.124034546
0.0258904174
-0.165818393
0.0132972794
0.00465330947
0.0269086808
0.11564178
0.00847443566
0.0843975618
-0.052133657
-0.0375323147
0.0397141017
0.12484666
0.0128549263
0.050008513
-0.0170618165
-0.0203329716
-0.140844151
0.0104905805
0.0510202646
0.0774725229
-0.0761716068
-0.0425253958
-0.037628036
-0.0730080232
-0.022686258
0.11282777
-0.00256586238
0.0984456316
-0.144626334
-0.0993772522
-0.0227353424
0.0407041721
-0.0408219881
0.0976019055
0.0242743138
-0.0407052264
0.0518188812
0.0872626901
0.049230244
-0.0109195113
0.0835606232
0.00353628513
0.0075662462
0.0424639918
-0.00638127048
0.0501204431
-0.0326745883
-0.0318584554
0.0693932548
-0.0474244729
0.00201190589
-0.126873106
-0.00432939455
-0.0564628094
-0.0758185238
0.109184183
0.0702566728
0.053116899
-0.0351223871
0.0676027164
-0.0211564135
-0.0706455186
0.167471841
0.077573508
0.0575457886
-0.00631733052
0.0738667771
-0.00386941317
0.0948726982
-0.0680232048
0.12229491
-0.136805341
-0.0876491442
0.00251098652
0.128652841
-0.0888199806
0.0508288518
0.042303104
-0.0745168552
0.120293781
0.093785353
0.0679583177
0.0327818394
0.00428756652
0.145324245
-0.0337852091
-0.0106001459
-0.117805049
0.00802170113
0.00286759273
-0.0535743348
-0.0544491075
0.0918749273
-0.0578153096
-0.0171633735
0.0398674682
0.0019927267
0.0636213347
0.117369354
0.0520530269
0.0190695319
0.141747907
-0.0747565553
0.0462315269
-0.163363919
0.0266468469
-0.0972732753
-0.0462384112
-0.0160238966
0.0822052509
-0.0577824153
-0.0982745141
0.0780382976
0.134607419
0.000451077591
-0.0558540784
0.0852658525
0.0488587581
0.106365763
0.0600359142
0.115332454
0.0234545302
0.0428899713
-0.0393730141
0.0739279613
-0.0867412761
0.0223263167
0.0295130741
-0.127716467
-0.0850531012
-0.0227881912
-0.0747634023
0.0111662131
-0.0848995522
-0.0795594305
0.0113645783
-0.0213064179
-0.0237566456
0.0335445888
0.0751399547
0.0181914493
-0.0364937149
0.00919376686
0.0476846993
-0.00189393084
-0.0101328092
-0.152269885
-0.0288848002
-0.0815235376
0.0310315844
-0.0702518895
-0.0490418822
0.0445667133
-0.0656784698
0.0486726947
-0.0171873197
-0.0356161855
-0.0762023628
-0.0476692766
0.0567510836
0.0351143144
-0.0502975397
0.102740005
0.0129117006
0.0627002269
0.0874700025
-0.0500226803
-0.00424249377
-0.0544915944
-0.0241808221
-0.009892595
0.137106195
-0.0107772555
0.0354908966
0.0674709231
0.0448145568
0.0945990086
0.0633337647
-0.0765261725
0.0609011315
0.00789573696
0.0137337539
-0.0701672286
0.0354212783
0.00216266164
0.078301236
0.0801870227
0.0136230523
0.0843115225
0.0310815107
0.0322409682
0.0235772729
-0.00986757781
0.0274907053
0.0471610092
-0.0158483405
-0.0163682122
-0.153524756
-0.0532819219
0.0422997922
-0.0925066173
0.0760123059
0.0668384656
0.147001803
0.129644871
0.121388294
-0.00394918257
-0.00155404932
0.060527131
0.0885864422
0.0572400279
-0.0458561443
-0.000870644348
0.0609596074
-0.0682185069
-0.116399691
0.0825632811
-0.008085276
0.0116647342
0.0623281673
0.0118319644
-0.0243572481
0.0368477441
-0.0211023241
-0.0476937853
0.114630729
-0.162195757
0.0360001586
-0.0475088581
-0.019923985
0.0847448185
0.0776348636
0.164277092
-0.0976540521
0.055671677
-0.0649742186
0.115052849
0.0793632045
0.078705281
-0.111110389
-0.0453771949
-0.0635053664
-0.00884266198
-0.0431687459
-0.0402495563
0.00858532079
-0.0354470722
-0.0592505373
-0.117780127
-0.145872936
0.0983344615
-0.0484863818
0.142624393
0.0467730947
-0.0725198016
-0.122660935
-0.143024445
-0.0729487762
-0.0828293487
0.0618201867
-0.0413018502
-0.00225620414
0.0972203761
-0.0981923193
0.084807016
0.0284688473
-0.0853667557
0.0591472685
-0.121884927
-0.0253521316
-0.0718363672
0.038671568
0.0681452081
-0.124092162
-0.00698100496
0.0874615535
-0.0277732834
-0.0313384496
-0.00386378099
-0.0261625815
0.0988111719
-0.129267201
-0.0543705821
0.0282646492
0.115644455
-0.0830763057
-0.153320372
-0.0783197656
0.0272338018
-0.0710727498
-0.0284127872
0.155740693
-0.0478361323
0.0884534791
0.0807710588
-0.178078741
0.0628013462
0.0365973562
-0.0383250676
0.147971377
-0.0233143214
-0.116429023
0.0282072034
-0.0566522069
-0.162546799
-0.130512863
0.0513854958
0.0270364583
0.140633821
0.0452827848
-0.165085763
0.0241019465
0.0109274313
0.00145219231
0.0386382975
0.0562850907
0.133759499
0.0412037075
0.0453225002
0.0477211475
0.0617618598
-0.0681655928
0.0803854838
-0.0392845273
0.0169930682
-0.0401930138
-0.125215784
-0.149566695
0.177883059
-0.0178121757
0.0215337444
0.0963993743
0.115798257
-0.0546284169
-0.010511593
-0.00373112527
0.0183256157
0.0943636
-0.126012743
-0.0428064764
-0.0176046249
-0.000579773216
-0.0784404948
0.0168408398
0.0446937159
0.0562814064
0.03560533
-0.0507735275
0.165247947
-0.0163687132
-0.00695360638
0.114133038
-0.0544422977
-0.0348056778
-0.026400527
0.0669180676
-0.0379084758
-0.085076414
0.0248398669
0.0636262223
0.0674914047
-0.187831491
-0.107470848
-0.0558589809
0.0658601001
0.0191128124
-0.0249747038
0.0311591327
0.0964541361
-0.0811357349
0.14064312
-0.0199397411
-0.0660614818
0.0895092264
-0.120449141
-0.0704064295
-0.0764896721
0.0439181775
0.00969583169
-0.0548886843
0.0546428598
0.0990661085
-0.152780086
-0.116616406
-0.175175115
0.0537173413
-0.0484634377
0.0362393782
0.0288642067
-0.00757325394
0.0012354051
-0.0726302937
0.110408366
0.0317976177
0.107522741
0.0401601978
-0.00201401697
-0.0313301533
-0.0382086672
0.0194174219
-0.100099005
-0.0777922124
-0.039859198
-0.05719091
-0.135879859
-0.0933679566
0.0081637688
0.118169248
-0.0669615045
-0.0915186554
-0.0417827442
-0.018432023
-0.00278693088
0.0960036591
-0.046017278
-0.0484997667
0.118158773
0.022291474
0.0158680622
-0.0736708939
-0.00543354033
0.0415993072
0.0464586727
-0.118735358
-0.0160539672
-0.118078463
-0.0483378135
-0.0237853676
0.0728971735
0.0172184631
0.116905637
0.01705602
0.0659949109
-0.0546162315
-0.00618702732
0.0203341246
-0.0372577794
-0.132822439
-0.0159016084
-0.0688955858
-0.0604511984
-0.0848524868
-0.0388295874
-0.095157899
0.0510942899
0.081779182
0.0587116107
0.0640661195
-0.0801022947
-0.0379283503
-0.118200228
0.0639271811
-0.0296715479
-0.0711145401
0.0951118097
-0.0158566665
-0.0727507547
0.0617745593
0.124676533
-0.0317306183
-0.00694820657
-0.0736293942
-0.0801380947
-0.0500643924
-0.0261301361
-0.13363862
-0.0697186962
0.0190400388
-0.121704265
-0.0366384573
-0.000480097922
-0.0405833684
-0.0388777256
0.0184305906
-0.191780046
-0.0598223992
-0.0628136024
-0.0285917614
0.0159852821
-0.0611431599
0.0825860128
-0.0736160651
-0.0632292703
0.0588978566
-0.0562105291
-0.0690718368
-0.122242063
-0.0818240345
-0.0673678517
-0.0552561395
-0.0491469018
0.180344731
-0.140433803
-0.0416854955
-0.0405888595
0.0381057486
-0.100532986
-0.120553859
0.0421860851
0.012731282
0.162136316
-0.0213299468
0.143679664
0.00678754458
0.141144365
-0.030156333
0.041167587
0.0153057231
0.0648697913
0.0809852034
-0.108187743
0.076795347
-0.00902226381
0.0059364913
0.056456849
-0.0634312928
-0.0674877763
0.186383903
0.017529903
0.0131366802
-0.106011301
-0.0458729453
-0.0638381764
0.0985417515
0.0182894822
0.0831217766
0.0955562294
-0.0935704038
0.0234732963
0.03537184
0.00328627252
0.0176957436
-0.0850970671
-0.0552689508
-0.0820562914
0.140204206
-0.0538687855
-0.169197097
0.0120491004
0.0427633487
0.0215014778
-0.00423474098
-0.141287088
-0.0243311003
0.0588467494
0.0213672947
-0.119903617
0.0584479943
0.109615624
0.107693963
-0.0282437075
-0.0551033691
0.128435001
2.02761403e-05
0.0709794313
0.123397872
-0.110712558
0.037862435
0.0603119992
0.00220690225
0.0901511237
-0.076467596
-0.0415282212
0.0517327525
0.0217809733
-0.0107233124
-0.0403430946
-0.0103114685
0.0470482036
0.0349168107
0.0761946663
-0.159097224
0.000926072302
-0.148007333
0.13407445
0.0513562858
0.0242313817
0.189196795
0.0308217946
0.077358678
-0.00835944992
-0.0508355238
-0.0155039355
-0.0360988975
-0.0963797122
-0.0771130472
0.031907618
-0.0731344819
-0.011328496
0.0617388338
0.00198096177
-0.0284806695
0.0383381099
-0.10515362
0.00618014252
-0.0207514744
-0.105294116
0.077065222
0.098513104
0.0329074599
0.0255195238
-0.118778825
0.0529018119
-0.0227355249
-0.000342153769
-0.0853908956
-0.122338928
-0.0158186313
-0.0835531875
-0.0221508313
-0.0309661031
-0.115902379
0.202105567
0.0431503914
0.0129499696
-0.0930838361
0.0716898069
0.0311637558
0.0429919586
0.0278022662
-0.0685112998
0.076416634
-0.107019357
0.0725361034
-0.0870360136
0.0582200699
0.0241868272
0.0472266786
0.152359858
0.103925608
-0.104472958
0.0145588992
-0.0135869076
-0.035008613
-0.0528214797
-0.105375215
-0.0790014938
-0.0685037524
-0.00631219521
-0.0386549681
0.0735076889
-0.0687700287
0.00251990533
-0.0886702091
0.00544849504
-0.00453408575
-0.0846437439
-0.0243888032
-0.144763574
0.013779792
-0.235151574
-0.0837718397
-0.00990643818
0.0452118069
-0.0104248049
0.0814050063
-0.068681173
0.116809443
0.0667656288
0.0393284447
0.0864335299
0.0134854726
-0.0672335625
0.0900233611
-0.0201400239
-0.071996212
0.0528193712
0.0743382946
-0.0415266454
-0.0488333032
-0.0270819515
0.073059909
0.046572566
-0.0104618398
-0.143693969
-0.0773379654
0.103218071
0.0580686182
0.0309453215
-0.0563842803
0.0847635195
0.115928583
0.110367306
0.0607426651
0.00419827551
0.0526463799
0.0191443674
-0.119168982
0.0224337149
-0.0609745495
-0.00603565061
-0.0002537767
0.0464828759
-0.0324569382
0.018324323
-0.0790066943
0.115648687
-0.0958347544
0.0469320454
0.131264359
0.00164528331
0.135977268
0.0562748052
-0.023801785
-0.0443639085
0.0498321652
-0.0173148066
-0.182507381
0.0221635867
-0.0352873616
-0.104379736
-0.10788168
0.167306289
-0.12540555
-0.0331204534
-0.0426184535
0.0515991114
0.0184693728
0.0564430356
-0.0911764652
-0.0204772893
-0.109355517
0.0245957021
-0.0346539952
-0.125174969
-0.0903351158
-0.076920718
0.012552429
-0.069945015
-0.0474654175
0.0425636023
-0.0524741858
0.162803546
0.125955999
0.00604179548
0.0672103241
-0.0553692132
0.0503369197
0.142285854
-0.11388234
-0.166650742
-0.084202081
0.106865495
-0.103981607
-0.00039276079
0.0409539714
-0.0650044158
-0.0498571061
-0.0423260219
-0.0795087665
-0.0471228734
-0.0287095923
-0.0727891773
-0.0717664808
-0.0398699827
0.0882680044
-0.0922070891
0.0208611377
0.0416969247
-0.00421068352
-0.139161989
0.0870177373
0.140379712
-0.109069645
0.164973542
-0.0914568529
0.103905961
-0.0996189937
-0.0696180388
0.00344833662
-0.03616184
0.01286308
-0.0667238086
0.162044659
-0.152990505
0.00101255602
-0.0384905115
-0.0928395987
0.0132566402
-0.201094911
0.00373883988
-0.0568660982
0.0590593182
-0.0109145129
0.0468104109
-0.182657897
-0.0270604268
0.0241691787
0.0468008593
0.0316274725
0.150400251
0.0822614953
-0.0194801483
-0.239505246
-0.109100781
0.00412387587
-0.0581800342
-0.00302260928
-0.0979359373
0.14461188
-0.0808525532
-0.0428512618
0.110181488
0.0454772413
0.0152169624
-0.0627214313
-0.00854654144
-0.100118883
0.0066196667
0.15029709
0.054619085
0.126699239
-0.0492059328
-0.0747672319
0.0912459567
-0.0865869671
-0.0958901867
-0.0242550317
-0.0958667025
-0.0246162545
0.0934022367
0.0770267248
-0.0588397607
0.0466405787
0.113661282
-0.0867241696
0.0292921122
0.139530778
0.0873661116
-0.00542077608
0.0953209847
-0.0631900206
0.00306228944
-0.00928899553
-0.0715478361
-0.0856698528
-0.0508795157
-0.00314863445
0.0452677347
-0.0157185905
-0.0575162396
-0.052708637
0.213185936
-0.112090483
-0.155428022
0.0218081288
-0.0412346348
-0.0159163233
0.0194360577
-0.0388511568
-0.0764690638
0.0378060751
-0.0769911483
-0.0490368158
0.00541801704
-0.103361331
-0.0473545231
-0.0756030828
-0.0292966291
-0.0403975695
-0.0544720553
-0.109539427
0.115976684
0.0179542284
0.0980099812
0.00630379561
0.173896387
0.0435163602
-0.1009285
-0.0791546255
-0.105304435
0.0370359272
-0.122676551
-0.0427918807
-0.0965216607
0.125841886
-0.0444525816
-0.0990481898
0.0755402669
-0.00548502104
-0.0265487581
-0.075853534
-0.0399847738
-0.00912661105
-0.0376021825
-0.0290499553
0.054330375
0.0947915241
-0.123148032
0.0257787686
0.0372013822
0.0753332004
-0.0672700852
-0.180651873
-0.131668627
-0.00319462596
0.0150223011
-0.112437792
0.0848380625
0.00394178275
-0.102498561
0.0213085487
0.0254768357
0.0795011073
0.0411767848
0.0568471737
-0.106796488
0.104551293
0.0105001461
0.00139586593
-0.0705640092
0.10145428
0.0402823724
0.0620079599
-0.153409109
-0.130510747
-0.035355147
0.0900945291
0.0552087463
-0.0737396851
0.035561543
-0.00219665677
0.104363263
-0.069766067
0.0900743753
-0.116029359
-0.108983792
0.00226974138
-0.0789607763
-0.0421164371
-0.0644341707
-0.062052127
-0.104563504
-0.0169700384
0.0297077876
0.0668791384
-0.0117883291
-0.0144776693
-0.0541202314
-0.0271049682
0.0782704204
0.0672427639
0.0961638838
0.0816060528
0.0529563427
0.156170607
0.0258022156
0.113290533
-0.0295855198
0.0920987278
0.0421779566
0.0664566904
-0.0403098613
-0.00108622492
-0.0107435538
0.0345488936
0.0756845921
-0.160927907
0.131540924
0.00501416903
-0.0729305372
-0.0803533718
0.172020555
-0.013577343
-0.0725398809
-0.00616537966
0.0166161302
-0.00380217354
-0.0575880595
-0.0422526263
0.175005704
0.0366795138
0.0185136925
0.0480985716
0.0564445034
-0.100777842
-0.0308726691
-0.0918110758
-0.0921126679
0.0289386939
0.0222163722
-0.105741598
0.118532166
0.0909158438
-0.096583575
0.007174375
0.0140507147
-0.0058224746
-0.0152181806
0.048220586
0.0999527201
0.110411093
-0.0797125995
-0.0386820249
-0.00483443914
0.0755973682
0.00190651533
-0.00562504726
-0.152055249
-0.0401135907
0.043640051
0.0392855145
-0.134969071
0.0105466843
-0.00140195177
-0.0780841857
-0.0807386264
-0.124495469
-0.0105218971
0.15001303
0.070622921
-0.0299958922
-0.153651372
0.0490009636
0.0159183331
-0.0312255919
0.091673553
0.0351075046
-0.0871738195
0.0574104264
-0.171848491
-0.125788942
-0.155165642
0.128389984
0.149189979
0.020423539
-0.0468495376
-0.0226530842
0.00172657508
0.0770952702
-0.138295412
0.141788095
-0.00534458458
-0.0182215143
-0.0619557686
0.022617789
0.0595023371
-0.0312489457
0.0470993668
-0.106926754
-0.0158943255
-0.0294199549
0.125895932
-0.122754499
0.0142766107
-0.128005385
0.0954212695
0.138031244
-0.108003728
-0.0814051256
-0.0446828604
0.0824848637
-0.181292504
0.147782803
-0.0175339878
0.151359454
-0.0134195657
-0.0253480691
-0.0810533389
0.00781591702
0.125756472
0.00144208642
-0.0485393181
0.0638646409
-0.0665659979
0.178975403
0.0843790323
-0.127991319
0.00897756591
-0.055704698
-0.0370571613
-0.0849938914
0.114715718
0.0308426004
-0.117173441
-0.0401923507
0.0869634897
-0.0806294307
-0.0196267534
0.0110064112
0.0762601122
-0.0303264316
-0.00720390817
-0.0491561256
-0.137823284
-0.0634996071
-0.117229447
0.0102149351
-0.0888788849
-0.0550354272
-0.110337123
0.0368464142
-0.111065023
-0.0298325624
0.0340980999
0.110098049
0.0102018127
-0.0535594933
-0.009007263
0.0125774033
-0.0349137858
0.0021999653
0.0920090601
-0.00214071549
0.151683226
0.0498643629
-0.0475964844
-0.0981812179
0.0125987539
0.0112671051
0.0450417213
0.0963600874
0.107216075
-0.0911958963
-0.0418758728
0.0101190889
-0.0182504263
0.0931078792
0.0482964143
0.0286974944
-0.0939342454
0.00489761634
-0.16889587
-0.0319322012
-0.00781753752
0.101953462
0.127391487
-0.000321049622
0.00146522862
-0.038837038
0.0854287595
-0.0377577655
-0.0621268265
-0.0376464874
0.0570984632
0.0967941359
-0.139336422
0.0246031564
0.0205971915
-0.0473820269
0.129430756
0.0115771359
-0.00422363495
-0.0173250567
0.0679208189
-0.100731634
-0.0891137123
0.143291026
0.0721101016
-0.0180875007
0.18056345
0.102492556
0.0508401953
-0.00423334679
-0.0839595273
-0.0666240901
0.140826091
-0.0383019112
0.0531367883
-0.167649984
0.0656971708
-0.0779101774
0.0275670756
0.0241724197
0.118123911
-0.078927815
0.0632653236
0.0999257267
0.0476417728
-0.0672417358
0.0150813796
0.175550774
0.0375360809
0.00246049138
-0.0595987029
-0.0104343072
0.0732365251
0.0267320201
0.0771494061
-0.000203905613
0.100287825
-0.0531047434
0.0618135296
0.03799567
-0.102085739
0.132663369
-0.00867637806
0.0113128694
0.0362073816
0.0707536861
-0.0338876136
0.132223129
-0.163824588
-0.127191499
-0.141191468
0.117447816
-0.0653452501
0.050095167
0.0974457934
-0.0612754934
0.0972068012
0.0611847602
0.0198564697
-0.00533789257
0.111948676
-0.0370395444
0.0696510673
-0.0507176295
-0.0131372297
0.125099555
-0.0405749343
0.0850731358
-0.0901057422
0.0625973642
-0.158091366
-0.0626942366
-0.0728064775
-0.0703973994
-0.0512423143
-0.0327516347
-0.183033034
0.0647285208
0.112159275
0.0710644349
0.115625419
0.0697941035
-0.0596691892
0.108076312
0.0889480039
-0.0239047874
-0.0578067936
0.0436695181
0.0565045625
0.0840836912
0.0146123562
-0.0413854457
0.00937232189
0.0453092121
0.119812921
0.0713364407
-0.0851567462
0.0414604135
-0.0796239972
0.042646803
-0.0363400765
0.0453731455
-0.0156242391
-0.0594107658
0.0794145688
-0.113511004
-0.134524107
0.0447213948
-0.0271762162
-0.112682223
0.059337873
0.0361468047
-0.0275676213
-0.0672256723
0.0622413829
0.023987174
0.0899509862
-0.0261017084
0.00376239326
-0.102479927
0.0476966798
0.000677674485
0.0530248061
0.0187167134
0.0129547324
-0.00703377742
0.13847588
-0.108591266
-0.0629069731
-0.107737191
0.0914598033
0.0528919548
-0.0819835886
0.00169546076
0.0929386914
0.0231634788
-0.0769230127
0.0426201932
0.170310214
0.00855735131
0.102310017
-0.0938229635
0.019922547
-0.0899199694
-0.013671739
-0.0343383551
-0.0232358761
0.0698883981
-0.0887224898
0.00548038492
0.0597103052
0.127151459
0.00686001312
-0.000499127025
0.0346013941
-0.0859527439
0.0839801654
-0.0618278831
-0.0114764329
0.0781874135
0.0889129043
0.132417664
0.0639780089
0.0849621221
-0.0144459214
-0.0289285909
0.0106044319
0.099421978
0.115089439
0.0396220051
0.0276645944
0.0807470605
0.136456624
0.109535605
-0.105667517
-0.0544437505
0.0895911008
0.0572049469
0.0294482894
0.00327460631
0.0532285012
0.0361492261
-0.0213029776
0.053516306
-0.0777576864
0.0443740487
0.0854280591
-0.00658117188
-0.0666722432
-0.0877864212
0.141095117
0.111843914
-0.0651878119
0.0240586214
0.123307914
0.19955796
0.0929271728
-0.0795886889
-0.0225905441
0.0152110197
0.0686882138
-0.10962683
-0.0799065307
-0.0112476042
0.0269087534
0.134920448
0.0244008973
-0.121278055
0.15887098
0.0151366293
-0.0134646418
-0.0181679614
0.0720394626
-0.068501927
0.0385657214
-0.137980834
0.0860210806
-0.0425403416
-0.108609863
-0.06820862
0.0893077105
-0.0198639762
0.119555734
0.118379995
-0.0591175444
0.101158887
0.0137579162
-0.0837543979
0.0173801556
-0.155478016
0.0849564523
0.0573748536
-0.0927959308
-0.0878911242
0.0338761955
-0.00936457049
-0.0666514188
0.049197387
-0.0268030595
0.089888677
0.0573223121
0.0223387275
-0.12396986
-0.00865042582
-0.0127207749
-0.178963393
-0.0807943866
0.0525823794
-0.0135340206
-0.0109283356
-0.0543239415
-0.0518969893
-0.123198539
0.14673163
0.00591451582
0.0166517794
0.0577243268
0.00698836287
0.0188511126
0.0831782669
0.0285068862
-0.0477046296
-0.0489613116
-0.0595932342
0.0492833667
0.117169067
-0.0481862202
0.0295266435
0.0532302521
-0.00166071591
0.0685237348
-0.0167247467
0.097279273
0.0842116103
0.0696082339
-0.136258841
-0.0593038872
-0.0544561334
-0.0741305724
-0.0644644499
0.0603359267
0.0612448566
-0.0366859548
-0.0115370117
-0.13245596
-0.0739305168
-0.0444746837
0.104716741
0.0106639517
0.00675575109
-0.129306838
0.00677181734
0.0711628497
-0.0342731029
0.134340152
0.0678040385
0.109103486
0.0666774139
0.0893015638
0.125578567
-0.0755803064
0.0133358948
-0.0217863619
-0.0180967841
-0.0466938913
-0.0215843357
0.0077013988
0.153831586
0.0634441227
-0.065238528
-0.052251026
0.0590909459
-0.122777507
-0.0160107091
0.0843748376
-0.0236673653
-0.0692644566
0.0576478802
0.122894041
-0.0331954807
0.133920491
0.0752666891
-0.0976653472
-0.085790202
-0.134051755
0.0252983104
-0.0786243081
0.0909449831
0.0185936242
-0.0126188081
0.0600568242
0.0312873013
0.0647782907
-0.0358093679
-0.00693547726
0.0807283595
-0.182613418
-0.0681288466
-0.126355186
0.121796116
-0.0112449815
0.0692097768
-0.0919354782
0.078481622
-0.0704132169
0.0793795809
0.00863900781
0.0575658977
-0.110342115
-0.0403681882
-0.0304804947
0.0873271748
-0.0200624131
-0.0519653559
0.0217785295
0.0289916638
0.0087384684
-0.0386012308
-0.118595168
-0.012007664
-0.0146204187
-0.0182672292
-0.148043424
0.117517315
0.0530451275
0.09532208
0.0954032913
-0.0256874841
-0.0167237632
0.154331446
-0.0356089547
-0.00317882351
-0.0342282951
0.0297303665
0.0158570353
0.0817462131
-0.00719797239
0.0110997008
-0.0355722904
0.0605490021
0.111257166
-0.0353844203
-0.0732338801
0.0653999448
0.132413641
0.0525242537
-0.0108677838
0.0914010704
0.107679516
0.0672072917
0.035733819
0.0865990371
0.0281729046
-0.0129956948
-0.0229649823
-0.0167148877
-0.0995665491
0.00421899045
-0.046397049
0.0537135564
0.00949304551
0.100015931
-0.171773136
0.0348926373
0.0202158689
-0.00433367398
0.0384116434
-0.0298026707
-0.0445486531
-0.0971725658
0.0486326627
0.0542154685
0.0498038083
0.0362085067
-0.0123500079
-0.0499192514
0.0794640109
-0.0158484597
-0.0708772466
0.118049994
0.0369756818
-0.098522462
0.0183320176
0.0459423102
0.012237329
0.0745605081
0.0106528876
0.035759896
0.0377800763
-0.0657597631
-0.0236318633
-0.0231804177
-0.0238932725
-0.0645924956
-0.0179785192
0.083854191
-0.0372446962
-0.0633051768
-0.0203950554
0.0707497448
0.125911474
0.00471715257
0.0329638012
0.0367682241
0.0649034977
0.101510443
-0.0422758944
0.0726972073
0.0178611781
-0.168612003
-0.0142111368
-0.145486549
0.0149409156
0.109239139
0.0581543595
-0.0111330664
0.0209121443
-0.0255818814
-0.0614949614
0.120345846
0.161136493
0.0483995974
0.0527124591
-0.112544894
-0.00920820236
-0.00385440886
-0.0962945446
-0.0250036493
0.0255046468
0.114154138
0.0957871675
0.127684757
0.0575443804
0.0995838195
-0.0669149756
-0.062967889
0.0992700458
-0.0195899215
0.0476744659
0.100229248
0.0166729204
0.0372990742
0.0777154639
-0.0339027755
0.0143476352
-0.049743101
-0.0622149967
0.069367744
0.0126663791
-0.0223174263
0.0366736464
0.0879327878
0.0378995165
-0.0390854664
0.000947889814
-0.0973859653
0.11628598
-0.0273918957
-0.000688578235
0.0656233355
0.0322338641
-0.0672671869
-0.0681466013
0.0200572535
-0.0111129954
0.0686860681
0.0542726554
0.152498171
0.0590910688
0.0663134307
-0.0999726206
-0.00932106562
-0.0614470057
0.112679951
0.0215533953
-0.0543465838
0.0474742018
0.0840067416
-0.0870112702
-0.116453841
-0.0746173412
-0.0710424334
-0.0143987136
0.0481246002
0.0803746805
0.181876317
0.0269749966
-0.00210520648
0.00215692376
-0.0356754102
-0.0656606853
-0.0821092948
0.0325897336
0.00708997576
0.0594943166
0.141476601
-0.0746931881
0.0671524853
0.00423654262
0.0389173999
-0.0442001633
0.0725630969
-0.143595174
-0.0416358523
0.0250642616
0.0329986773
-0.00434278836
0.0914062634
-0.0689912811
0.0987471342
-0.0677160248
0.0035503048
0.00483134994
0.063179031
0.0225080233
0.157972232
0.0800550133
0.146829069
0.0414084829
0.0200390071
0.0599859729
0.16235356
0.0615655258
0.00690571545
0.0966995135
-0.0831111148
0.0428306162
-0.0141709447
-0.0941282734
-0.117501721
0.0647485033
0.00346219749
-0.0323821306
0.102065913
-0.0768670589
0.0182243325
-0.0154703539
0.0541983433
-0.0458349809
0.0365032926
0.142876059
-0.0863679796
0.0127836149
0.0593510009
0.00358548132
0.0553038046
-0.0981811732
0.107483253
-0.0802809373
0.0074420725
-0.135464847
0.00424044067
0.0602307431
-0.0491798334
-0.0607420728
-0.0870956257
0.0450472683
-0.140595019
0.136476144
0.131613761
0.0354332887
0.12812227
-0.090202257
-0.0633484721
0.073134914
0.0267729443
-0.061517965
-0.0545420833
0.00303994166
-0.103939772
-0.00300086313
0.00466792937
-0.0794432461
0.0143402191
-0.00958774146
-0.0586884543
-0.0373902693
0.0273199361
0.0200427063
-0.0132459961
0.0979337469
-0.0226823222
0.0188023765
-0.058561042
0.0278696083
-0.0452548154
-0.0349503979
0.0611264296
-0.0540084466
0.0174557716
-0.169104293
0.0406655632
-0.0698375553
0.0782466382
-0.072091341
0.0840508342
-0.0105229486
0.107096054
0.114481412
-0.0119890561
-0.107653685
0.0394863114
-0.00609768461
0.0760828406
-0.115974605
0.0940128937
-0.142415509
-0.112265341
0.168082982
-0.0277207382
0.0942334458
0.0298908129
0.0029717919
0.0333938487
0.117995441
-0.0151850283
-0.0440031886
0.00937522668
0.0198942572
0.105416775
0.0158598833
0.111307994
0.0444558188
0.0211151913
0.0528097488
0.0856021866
-0.00760104787
-0.0569324791
-0.074828431
-0.0403429158
-0.0829830617
0.0968785584
-0.0466862209
-0.0209643375
0.0955120102
-0.0130448919
0.00735613378
0.00960278511
-0.0697906986
0.11384739
0.0577266477
0.00855255872
-0.111217603
0.0881364569
0.07006751
0.0430651195
0.057455916
0.010017355
-0.0331868753
0.087653175
0.214935198
-0.117561869
0.11886441
-0.00689558638
0.0639608428
-0.00133427465
0.057718087
-0.045675654
0.0320892707
0.0646434873
-0.0833151415
0.0199508667
-0.0358998217
-0.110562481
0.0414851345
0.124703132
0.0546313189
-0.0695127323
0.060108494
0.00234495103
-0.0432356894
0.0853871033
-0.0952414572
-0.0428809486
0.0677795857
-0.0244012028
-0.0697820485
0.00524297729
-0.227718651
0.0517868251
0.00522964308
0.0280704107
-0.0256170612
-0.125734866
-0.064262189
0.119216613
-0.0819320381
0.128066421
0.0131453648
-0.00249281735
-0.138817102
0.0133435018
-0.0610542707
0.030780267
0.0406051129
0.0699947104
0.0179159604
-0.09357474
-0.110696271
-0.0256155785
0.0227701329
0.057503432
-0.0741686895
0.168359652
-0.0544042662
-0.0141291544
0.00225408538
-0.122876897
0.0156622306
0.0605451316
0.0801744908
-0.0174617879
0.0158540197
0.0577290431
-0.0852185041
0.0387108214
0.112511389
0.00981820282
0.130882174
-0.0194778573
-0.109069616
-0.0244380329
0.00837472174
-0.020938905
0.0259162653
0.126539022
-0.0158251356
-0.0689160898
-0.0208719578
0.0852766633
0.0518538132
0.0398731083
-0.0567622781
-0.0631294847
-0.0922182053
-0.0677418187
0.0639230311
-0.0733521283
0.12963064
0.0390996635
0.0428030118
-0.0322487354
-0.0871149227
-0.098846145
-0.0251530819
-0.0311853364
0.0180690549
0.0288657751
-0.0114495493
-0.0474252291
-0.0169801358
-0.147133708
0.0150887566
0.0335908271
-0.0341355763
-0.0947415009
0.0473505259
0.0926005542
0.0541736148
-0.0318868123
-0.117875494
0.129436344
-0.0402314551
0.036837507
-0.00425460469
-0.00401746016
0.0427387804
0.0268607251
0.0678417459
-0.0615484864
-0.0190074276
-0.096216321
-0.0993245393
-0.0208347868
-0.0829321221
0.0877758339
-0.0718787089
-0.013714062
-0.0237779636
-0.0613675006
0.0944548622
-0.0902907252
0.065403305
0.0681363121
-0.0465445891
0.0956400335
0.00377506088
0.0620678328
-0.00599248102
0.00785742048
-0.147605926
-0.109006792
-0.111671597
-0.0647359192
-0.00445320923
0.0825097114
0.037316978
0.0401963405
-0.0287024416
-0.0140888412
-0.0504266061
-0.0455575883
-0.0401782654
0.0177091602
0.00536346342
0.125412479
0.00138898217
0.10720095
-0.0657872185
0.069130972
0.136746377
-0.128166065
-0.230725259
0.0479275882
-0.102973387
-0.05701923
-0.143633977
0.0537550114
-0.0687176958
-0.0968964547
-0.0235271342
-0.0613237247
-0.0443478078
0.0799125582
-0.0518516935
-0.00413386105
0.112033352
0.0186755471
0.0622916073
0.0878115371
0.108780466
0.00440524006
0.116059333
-0.0242209863
0.0591238327
-0.110460296
-0.0547693223
-0.0554576404
-0.00305259228
-0.08019346
-0.0102170771
-0.0670379475
-0.0870068446
0.136090234
-0.0279518366
0.0464791395
-0.051623024
0.00241094362
0.0633150786
-0.0492176451
-0.139339447
-0.0900238454
0.0110904621
-0.0073606777
0.0693277419
-0.0347585268
-0.0625659749
0.120979339
-0.00285591953
-0.0532458723
0.0482351668
-0.0351081714
-0.0296372715
-0.0462086275
-0.0703574345
-0.0377615727
0.0635593608
-0.0695052072
-0.0597264357
-0.00644427026
0.0154798767
0.0676211491
0.0384016447
-0.170063093
0.0434819199
-0.167962238
0.0709674731
0.04739343
-0.088687174
0.0299928598
-0.117252104
-0.127646938
0.0155145265
0.0258218274
0.00898375269
-0.0861009583
-0.0277509168
-0.0369578116
-0.0487207063
-0.108245753
-0.0764168054
0.0850065276
0.0505610444
-0.0316695236
-0.0807325095
-0.0905284211
0.00459284568
-0.10265097
0.135641381
-0.03920912
-0.0516536944
-0.0768154338
-0.0149651291
-0.0837304816
0.0604287051
0.105091065
-0.0382971354
-0.0122709302
0.0671142638
-0.127428859
-0.0896510705
0.0293608885
0.0166872889
-0.0618161038
0.0179669317
0.12098974
0.107033551
0.000429713604
0.0606192537
0.0252648499
-0.0494872555
-0.10404411
0.089786537
-0.138836086
-0.0949743614
-0.174338654
0.0602352396
0.0752166733
-0.120289378
-0.0741878748
0.10420002
0.0487927347
0.0750035867
-0.118288398
-0.0215915162
0.136258483
-0.12017002
-0.0411956571
0.0903489217
-0.00939862151
0.050591249
-0.177416518
-0.0941430107
-0.151259243
-0.00600142917
-0.115322061
0.13072215
0.0136063667
-0.0557554588
-0.013368343
0.0766925961
0.0589509718
-0.0725448653
-0.0243286397
-0.155302584
0.0245423168
-0.133977562
-0.0669382885
-0.0583749153
-0.0409929343
-0.0763338506
-0.0479679331
-0.111853994
0.025712803
0.197609141
-0.130895138
-0.0223013405
-0.0687999129
-0.0637827069
0.033544261
-0.0583888777
0.106697574
-0.0058387653
0.0068323887
0.0410035849
-0.0073007918
-0.13807407
-0.0665731728
-0.136430338
0.067982249
-0.00181395526
-0.15666841
-0.0185974091
0.08157143
0.0493460223
-0.129862666
