0.0312372986
0.00647440366
0.0257979911
0.115920961
-0.00169378007
0.0313324817
0.0583301447
-0.014023467
0.131514519
0.042879533
-0.0694717914
-0.0199400242
0.0463032313
-0.0695933476
-0.0850869194
-0.0629859492
-0.0560816526
-0.101195224
0.092905961
0.079099901
-0.0236491226
0.0705085397
0.0934553295
0.0672676712
-0.0147577878
0.033016637
-0.0645907596
-0.0937395543
-0.0350501537
-0.0185824744
-0.0358084813
0.0260225199
0.0911755264
0.00724899396
0.0393493399
-0.0167754367
-0.0373627581
-0.139658898
0.0696187615
0.0276121721
0.0511125401
-0.0912537947
-0.0600975826
-0.00767478114
-0.00286233681
0.0297339857
-0.0304806698
-0.0518304929
0.0772920847
-0.0361659415
0.0977314711
0.0105374111
0.117040627
-0.0465636067
-0.0757316425
0.0380905047
0.114931643
0.0395401306
0.073984094
-0.00448228139
-0.060333319
-0.0308917612
-0.109895118
0.0111809755
