-0.0113087092
-0.0336192772
0.0296811387
-0.112909742
-0.0646737665
-0.00781185832
-0.130457729
0.0656913221
0.158434153
-0.0100158211
-0.0513195582
0.0290623009
-0.0460840799
-0.0372019745
0.0196603891
0.0473183841
0.0728247315
0.0460957959
-0.0570088513
0.106073201
0.0113734156
-0.0494490452
-0.0462556556
-0.0926025808
0.12195275
0.00797480997
0.0758660436
0.035195861
0.07896588
-0.0108935246
-0.0263954327
-0.115076788
0.0675240532
-0.0946008638
-0.0355990939
-0.0656372979
0.0584915616
-0.0320113488
-0.15430814
0.0633760244
-0.040305987
0.0295352917
0.207702503
0.119323224
-0.00932876579
-0.108849764
-0.0710768104
0.146080256
0.00366818346
0.0111088548
-0.0542756766
-0.00998914242
-0.164519653
0.135925904
0.12265151
0.043693129
-0.0538128726
0.00950884353
0.121132031
-0.116086461
0.0609628633
0.177296519
0.0134794218
-0.0295218248
-0.0788591579
-0.0106685767
-0.0898471624
0.104691796
0.0892813429
-0.0991659686
-0.0853877664
0.157886714
0.0259237327
-0.0443195812
0.0185573157
0.00716713862
-0.0330433734
-0.0220919196
0.0354313701
-0.127147138
0.0726261586
-0.0313526876
0.0645969957
-0.124828123
-0.00932632573
0.0150329154
-0.119031399
0.0518745556
-0.0174406543
0.0520455167
0.0841098651
-0.0724391192
0.0719166249
-0.0548631325
-0.0228834506
-0.0220648609
0.0482028611
0.0476259477
0.131666273
0.0496689677
0.00904057641
0.138476193
0.0563968495
0.0479563661
0.0106449919
0.00779712573
-0.0185124725
-0.0677023754
0.07013347
0.00193613127
-0.052168563
-0.100206569
0.0498738773
0.0231031589
-0.164517403
-0.10183166
0.0303565916
0.0758343637
0.102995366
0.0390902013
0.0745250657
-0.102831848
0.00350343832
-0.0901471525
-0.0522707701
0.0690292716
-0.0514262058
-0.0215629116
0.159776136
0.0559974872
0.0926769301
-0.138835043
-0.0525958873
0.0590716265
-0.0224317014
0.0603300966
0.0336235464
0.0384196676
0.0566475801
-0.0113696326
-0.0661074966
0.0306138452
0.0317577124
-0.118956089
0.0285670813
0.0049773776
0.127965301
0.0645346418
0.10066776
0.0496560037
0.0663756877
0.0356250368
0.108621113
0.0694621354
0.058936093
0.0608128756
0.0871029273
-0.0454261228
0.00264714658
-0.0340910852
0.0879915282
0.023319738
-0.0946379006
-0.12752901
-0.0743587613
-0.0584483743
-0.1288663
0.0165849105
0.123682961
-0.0768018588
0.0465099066
0.0635288432
-0.11979498
-0.119905807
-0.0227452833
-0.0932288915
0.00455057854
-0.0619164258
0.1879289
-0.0317403004
0.0370158628
0.112417452
0.00215866836
-0.00183705962
0.151267052
-0.0119006988
0.12853691
0.080374822
-0.0678945929
-0.0162966438
-0.00228373031
-0.0646328852
-0.0788922533
0.101173848
0.0470756814
-0.0471112318
-0.00960816536
0.16573295
0.079633154
0.107335545
-0.0764859021
-0.0189840589
-0.0548162758
0.0535607748
0.00231818925
0.0742756277
0.107784443
0.102726571
-0.0118967546
0.136785522
0.0148264235
0.102903739
-0.0461289324
-0.0139846597
0.0397220701
0.0132020935
-0.16680871
0.0506042913
-0.0484704264
0.00504790246
0.0445567258
0.0896554366
0.0405193754
-0.0771923363
0.0614022985
-0.100387223
0.0933839753
0.0916960388
0.107073784
0.12221311
0.228073284
0.157160759
-0.0985546857
-0.0194548797
-0.0826273039
0.00585938524
0.122824021
0.082113713
0.0598991737
0.0433271304
-0.103966884
0.132162124
0.109995328
0.136218131
0.0365900993
-0.137597084
0.0657625496
0.0870103016
0.145168871
0.105848819
0.184133634
-0.129892737
0.136067152
0.010159513
0.0517694689
0.0284095388
0.0575537905
0.0208939202
-0.00232734438
-0.0664295256
-0.0380728729
0.0153862527
0.175133675
-0.109271869
-0.0142799374
0.0241560284
-0.0989577025
0.0938847065
0.0124737648
0.0496506058
-0.0637351647
0.10834077
0.0384965688
0.159093216
0.0597524196
-0.0373926722
0.0969317183
0.133630127
0.0913725868
0.106837504
-0.0937783346
0.113821663
0.038794376
-0.0323658176
-0.0444024317
0.0717926994
-0.0122667626
0.0305120256
-0.0963109359
-0.0894636065
0.0908465162
-0.149665609
0.088451013
-0.134495303
0.0639157668
0.0524166487
-0.0511876829
-0.0587949902
0.00160511071
0.0118051488
-0.052281931
-0.00723424694
-0.148856878
-0.120506756
-0.0408709235
0.00952334702
0.0983255953
-0.0111733396
0.0613290966
0.0380731337
0.0473193675
0.116953872
-0.00562554365
0.0187816396
0.0939442664
-0.043189723
-0.0738926753
-0.135471255
-0.0845825747
0.00225618668
-0.0308251102
-0.00950789079
-0.0952881277
0.0688325241
0.00804844033
0.0361444689
0.095983468
0.13449949
-0.0211253297
-0.039286498
0.155275315
-0.0134691792
0.118479125
-0.0251593962
-0.0108647468
0.111555204
-0.0564597361
0.136632264
-0.0449774936
0.0875130966
-0.0443267152
-0.0271903593
-0.226378173
0.170704484
0.0323410071
0.0298988484
0.0744793043
0.108349189
-0.095297493
-0.10960871
-0.0309060831
0.143911108
0.0759131685
0.141908944
-0.0181069765
-0.0315238014
0.118500434
0.0721701309
-0.0330933556
0.0713903755
-0.0283240154
0.0403141715
-0.00203747721
0.0500066243
0.0712655485
-0.0347793624
0.0515794009
0.0753452033
0.0466055237
-0.109316587
-0.0160636939
0.0271422379
-0.0323739611
0.0690506473
0.135979995
0.02934343
0.190863326
-0.0701453313
0.115962088
-0.205327094
0.0127632841
0.130496114
-0.00972372293
0.0242252108
-0.108964309
-0.0775165707
-0.0263109207
0.087072514
0.0369546637
-0.108067326
0.109656721
0.0378469862
-0.0742260516
-0.0178113896
0.0851697475
0.00295314845
0.0400874689
-0.0545613579
-0.110383868
0.144082591
-0.0387698077
-0.035016913
0.00179417396
-0.0913689807
0.152381018
-0.0476506054
-0.037375886
-0.122787222
0.0765838176
-0.0116751408
-0.0855584964
0.157592431
0.00538671715
-0.109903306
-0.102151066
-0.170301259
0.118094884
0.0737882406
-0.0964017361
0.109853767
-0.0675919503
0.0269507635
0.0299937427
0.017918624
-0.0328514501
-0.0855957344
0.0473501571
0.0412820429
0.0699564889
0.0497487262
-0.135375172
0.0728919581
0.0340045206
-0.0612922907
-0.124625601
0.0560742319
-0.116428815
0.0797985271
0.00658631185
-0.120490961
-0.00285571185
0.19361487
0.0382274315
-4.09511922e-05
0.0169240013
0.0914052352
-0.0326930583
-0.0423212796
0.0757295042
0.078244023
0.0680096373
-0.0892222673
0.0646728724
-0.0203441288
-0.011311844
-0.0732171237
0.0485554896
0.0525235012
-0.0219416395
-0.0684963837
0.0769606307
0.0410396121
0.0103395525
0.0972176492
0.0216786843
-0.0611746386
-0.169651568
-0.153840587
0.0867734775
-0.0320388675
-0.0709141046
0.00704599824
-0.0601442382
0.074947685
0.0609722622
0.203337073
-0.119837321
-0.056694366
-0.0385460593
0.0910142884
0.0109463502
-0.0116904555
0.113694094
0.108505644
-0.123468027
-0.0464943685
0.183627203
0.00751068816
-0.00763647631
-0.03913939
-0.0725978315
0.165336594
0.0661205798
0.053018216
0.0190395825
-0.141177267
-0.133396074
-0.019777447
-0.0737696066
-0.0835590214
0.0145987598
-0.0234506279
0.0750064775
0.0437143706
-0.0176213775
0.0648998991
0.154191107
-0.117571861
0.00230691489
0.0112069789
-0.139536336
0.0923067629
-0.125759572
-0.049748335
-0.0351892188
0.123886093
-0.00949797127
0.138810873
0.142956093
-0.125915736
0.000827560667
0.0523359515
0.0561982095
0.0906056538
-0.0087785814
0.127252638
-0.0949763879
-0.0555261225
-0.0303853117
0.06821201
0.100699484
0.0952780023
0.00270900247
0.0462576859
-0.167914838
0.0198450051
-0.0581152625
-0.0801369995
0.0575601123
-0.0811950192
-0.15690957
-0.0344019756
0.0818094686
-0.0787813216
0.0786434263
0.163499177
-0.0971594825
-0.116042316
-0.049201306
-0.0124586429
-0.0580953024
0.0893586129
-0.0753419921
0.0276730545
0.0198400933
0.0243915301
0.108025074
-0.139565364
0.0981129333
0.206322134
-0.0363631919
-0.133105457
0.104816943
-0.00222881231
-0.0512641892
-0.0561691932
0.191178381
-0.0549717359
0.0966734812
-0.0454078801
-0.0922708288
0.0125127994
-0.0650155917
0.137822285
0.0429051481
-0.0171875469
0.0738732293
-0.107324876
-0.0811625645
0.0875711218
0.10888461
0.193577573
-0.0569211878
-0.0717091933
0.0746892393
0.0996798053
0.130564064
0.0534785688
0.0200628433
-0.0366975814
-0.0201564245
-0.0181792565
-0.043196857
0.0713404417
-0.0181695204
0.182750672
-0.230472073
-0.165149793
-0.108061969
-0.0342745893
0.023509495
0.078594014
-0.100157782
-0.0592515655
-0.145468816
-0.00488136243
0.0329410098
0.12765038
0.0114017483
-0.0861412734
-0.132477552
-0.200472996
0.122020595
0.173624933
-0.147127509
-0.13221392
0.0299545601
-0.00507868733
0.0599192157
-0.00526188454
0.0840227231
0.0554695986
-0.0156628247
0.129490465
0.0351311564
-0.058394853
-0.00880079158
0.050030712
0.161463112
0.0481838509
0.0954520479
-0.00171522412
0.023675913
-0.0802715272
0.168616131
-0.20499374
0.0338159651
0.0326857269
0.0185959656
-0.06565056
0.119582802
-0.0259032492
0.0177315939
-0.0320332013
0.15931356
0.0112474645
0.0188716911
0.0150273349
0.111597314
-0.101183288
-0.0319579951
-0.141385078
0.0182271674
0.126220688
-0.0503638424
0.0803904384
-0.0484043546
0.0559923872
0.0661323816
0.0227410849
-0.103513397
-0.0732685328
0.143201068
0.0322978422
0.00270262081
0.17816633
0.137326822
0.118889324
-0.0281984098
-0.116012312
-0.020420704
0.130109772
0.0819162577
0.0604101941
-0.0820167363
0.0562856421
0.0557073541
0.00613583904
-0.0779856071
-0.0257232338
0.022419773
0.079347223
-0.0160912406
0.121471494
0.0399574637
-0.0434784926
-0.0463110022
-0.0239553452
0.0650850013
-0.119212948
0.097913906
-0.0463067628
-0.0631465316
0.0300441738
-0.00421386119
0.111979939
-0.0116113331
-0.110091746
0.00959358923
0.0615181997
-0.0791794583
0.143299922
0.111406915
0.0071082362
-0.0229939967
-0.0768956542
-0.0811695606
-0.0189435631
0.0797937363
-0.0698814318
0.0872894675
-0.0976334363
-0.11624895
-0.121763073
-0.0287003275
0.0269711222
-0.0224154573
-0.00803596433
-0.10676904
0.017336553
-0.115211554
0.1209042
-0.0103109544
0.0936953053
0.0467586964
0.17357336
-0.108018897
0.112948969
-0.0768639892
0.0417873003
0.0128934318
0.0185909942
-0.114829741
0.00167898403
0.115345113
-0.111728184
-0.0599096604
-0.00788037665
0.119249515
-0.0442374833
0.0181984846
-0.0678127706
0.0962816924
0.05502747
-0.109245144
-0.00979924202
-0.149115488
0.0905950218
-0.0873552635
-0.0575108603
-0.193228245
0.00840896554
-0.0192514099
0.00762171531
-0.00804819539
0.163818955
-0.0741573647
0.0686964989
0.0852311328
0.0752303153
0.0641419888
0.18346414
-0.0605085492
0.173792735
-0.0043551554
0.065942429
0.170427412
-0.0441228896
-0.102441452
0.0522113219
0.110297956
-0.106014825
0.00894695614
-0.08137279
-0.00577979861
-0.108038247
0.0656804591
-0.0331192464
-0.142322704
-0.111348018
0.0544964075
0.0625778511
0.130867213
-0.0381953642
-0.0430257618
-0.115560792
0.0177770387
-0.0802016556
0.00124658295
-0.0359754376
0.154327527
0.072829105
0.152484789
0.0358563513
0.0573535599
0.057397455
-0.0256649181
-0.0329867527
0.0981250331
0.0199513417
0.0395462513
0.0375446938
0.0832266733
-0.106581829
0.0430737138
0.0909925923
-0.0170105863
-0.00157949852
0.0298535209
0.0952071175
-0.0431618914
-0.0746357515
-0.00308562792
0.0523279421
0.0888449103
0.0584407337
-0.0479563549
0.105672039
-0.101754762
-0.113725662
0.0342564918
-0.110194735
-0.0140323397
-0.00617646612
-0.138465673
-0.0223386716
0.0272916239
0.0541734025
0.147647709
0.106660604
-0.00892809499
-0.0708438307
0.0862177387
-0.0142281931
0.156171307
-0.102255858
-0.0307434332
0.139775783
0.0548776127
-0.046429608
-0.00809780695
0.0913053975
-0.142392114
-0.166349888
-0.107217036
0.0879892781
-0.0473137386
-0.172167569
-0.0474892557
-0.0829433054
0.086929746
0.00590732554
-0.0364672914
0.0812006816
0.0103337076
-0.0655611753
-0.103370413
-0.0941079184
-0.0905443579
0.0797588825
-0.0300523005
-0.0185504723
0.0302362591
-0.0200276021
0.02677623
-0.00654228777
0.0239701159
0.0220798254
-0.0293330513
0.0593150333
-0.0548456386
0.123107359
-0.0187775772
-0.0887150839
0.001772822
-0.00926454924
0.0238987729
-0.047211539
0.0515133068
-0.0420959778
-0.0964403227
0.185468987
0.104986235
-0.0687335804
0.0322797634
0.06603764
0.013128072
0.0272580832
0.00954656582
0.0452220775
-0.00376022747
0.072807394
-0.136661351
-0.132762372
0.0417039283
0.106819004
0.0131555665
-0.0129779242
0.0408272147
0.143112317
0.0316284038
0.0463753194
-0.0250908751
-0.108280346
-0.0858647898
-0.106481396
0.0843920633
0.0134200547
0.0296926703
0.0611825399
-0.00087155361
-0.0465553701
-0.119148001
-0.00463205157
-0.0427086055
-0.061183583
0.0579021461
-0.124578491
-0.00508377561
-0.0476019569
-0.0240290407
0.0967015103
-0.0863661394
0.126697913
0.00367662567
-0.00517898332
-0.00413103588
-0.00512912171
0.0447617434
0.0146787148
-0.119040757
-0.0653913617
0.0225656647
-0.12507309
-0.0511829592
-0.143304095
-0.0442486405
0.0537253246
0.105648242
-0.0165775344
-0.00767855719
-0.111004189
-0.0255411863
0.149526983
-0.121204764
0.0740243942
-0.153732881
0.00385254715
0.00805242453
0.042731598
-0.0805272162
-0.0789392292
-0.1823598
0.0482350029
-0.120705985
-0.0259839669
-0.0620892607
0.162155166
0.0362688377
-0.0736760572
-0.0529967248
-0.0786615461
0.124608986
-0.0572926886
-0.00539619476
0.00570229208
-0.0171527583
0.0327403173
-0.0368743055
0.131103262
0.0477923527
-0.0356020406
0.0183394868
-0.0164971501
-0.0204133876
-0.183109075
-0.00219261344
0.0684698597
-0.0816483349
-0.0868932903
-0.0489931479
0.0550190695
-0.0824842826
0.000153995497
-0.00271954597
-0.173718765
0.0482931845
0.0488962606
0.00234888727
0.0903896764
0.10578502
0.00278597255
-0.0879659653
-0.0689258054
-0.144960523
0.0596339628
-0.101889729
-0.10810221
-0.00673369737
-0.0165049993
0.00527722295
-0.123550259
0.0318397842
0.00633044029
-0.0129228691
0.130815998
-0.0293043517
-0.0187571924
0.129051924
-0.0392965488
-0.0937533677
0.0132160336
0.00133061653
-0.0155818146
0.0758910105
-0.0197883025
-0.0141052408
5.66687413e-05
0.0470195077
-0.00883201323
-0.0954450294
-0.120809697
-0.136393666
-0.0840590671
0.0570397675
-0.226999819
0.0563569143
0.120374925
0.110219903
0.0494819395
0.000316199148
0.229497328
0.0806658939
0.0169829484
-0.0468899794
-0.0146681769
0.0678476617
0.111278571
0.0474390127
-0.134169221
0.052429527
0.116259173
0.184539124
0.0355150998
-0.0489440709
-0.0699298903
-0.0260031149
0.0118206674
0.0422799699
0.115243204
0.102393091
-0.0336255431
0.150788546
0.142737627
0.108220838
-0.141251162
-0.00646741409
-0.0897523537
-0.0824408755
0.111578606
-0.0208768956
0.0886843801
0.00572802499
-0.0938885137
-0.0664509386
-0.0782948732
0.154225826
0.00522786425
0.0830326974
-0.154532075
0.171496928
0.0870955437
0.0431486629
-0.119837552
-0.0445460714
-0.0843727514
0.098143518
-0.088030532
0.010486492
-0.0678450614
-0.045089189
0.180712372
-0.115360372
0.080538854
-0.0766866505
0.0607846491
0.00677284645
-0.0657115877
0.0148090078
0.0185944475
0.124495991
0.153804779
-0.0759389997
-0.102776997
0.0623429008
-0.16427964
-0.0870539248
-0.0760638118
0.0183551703
-0.073697716
-0.126656622
-0.0440832824
-0.0587819703
-0.0413090438
0.0837980211
-0.132745102
0.0147841284
-0.039042376
0.0681876689
0.0698900819
0.0240418594
0.121896885
-0.0105578471
-0.112326652
-0.0755125359
0.0351744145
0.0916690975
0.0395884961
0.0190691873
-0.0947422162
0.113946736
0.0323951505
0.0169573911
-0.066235356
-0.0833703503
0.0191293396
-0.0954165533
-0.0300599262
0.039041657
0.0242328588
0.0742167979
-0.141928881
-0.0196157284
0.0346667804
0.0265407488
0.089173317
-0.0159213282
0.00395534746
-0.0102311699
-0.0271001942
-0.0937741846
0.124586999
-0.0881935507
-0.0945824534
-0.0844772309
0.040722277
-0.099809505
0.0374663807
-0.143850252
0.0162871219
0.0726069361
0.0511339083
0.144346878
0.0304056071
0.0185516626
0.0251923781
-0.0569105372
0.0208925717
0.020102445
0.00231605629
-0.0760810375
0.00369666889
-0.021592956
0.0206140056
0.0514884181
-0.0162729565
0.140824586
-8.01340429e-05
0.0975555629
-0.0271039158
-0.02254094
0.0726504028
-0.061404191
-0.122048363
0.010828726
0.0422762781
-0.0970474184
-0.0244513266
0.146139607
5.07335935e-05
0.119028494
-0.109081939
-0.0776175261
0.140299141
0.0508112311
-0.0138882576
0.0908121839
-0.00711545581
0.101464242
-0.0684136525
-0.109350733
0.0172873996
0.0960973352
0.0535702221
0.00402864581
0.102395236
-0.132345691
0.0118539417
-0.132328615
-0.114319444
-0.0713409036
0.026966786
-0.023103999
-0.0209000632
0.0895247608
-0.0239350833
0.0225299951
0.0793208331
-0.0124278422
-0.111804381
0.00407942059
-0.0925845504
0.0213299729
0.0397583805
-0.0911363438
-0.014334497
0.0228542201
-0.152966186
0.0635953099
0.119913951
0.0906042904
0.0300411023
0.0280156601
0.0868836716
0.0287816264
0.0387090854
-0.0347030871
0.0480522253
-0.0527781174
-0.0635627583
-0.123503208
0.0667550787
-0.0613784194
-0.0551720411
-0.0323140956
-0.0146585274
0.055192329
0.0328496471
0.0195357651
0.003418284
0.141942948
0.0372741818
0.0865023062
0.213548869
-0.0909654498
-0.0363229476
0.102738991
0.00748432893
0.083542265
-0.0223531872
0.115419053
0.096003212
0.0788591579
-0.075631164
0.0190506224
-0.0126666194
-0.0701760277
-0.0466982909
0.112222351
-0.0682991445
0.0962034091
-0.0453152359
0.00198490266
0.0236720908
0.0200381093
-0.113545492
-0.0875130966
0.0807291195
-0.120346844
0.0628604218
-0.0540013798
0.0345822684
0.157498971
0.121994272
-0.0379647687
-0.125455335
0.0768857077
0.0152441226
0.0439319983
0.0832729638
-0.149090663
0.0285676923
0.0423577353
0.0576007664
-0.168687731
-0.0186839961
-0.04312253
-0.142002046
-0.0410780981
-0.0120348325
0.0525296256
-0.00219841977
-0.114614099
-0.0593654402
0.0943759233
-0.0869677812
-0.00794333778
-0.0600804798
0.0366392508
0.0463109314
-0.0904042497
-0.0389201939
-0.00286465581
0.0271563325
-0.174100608
-0.168082342
-0.214716807
-0.179901019
0.047763098
-0.0596566796
0.0231003296
-0.047330983
0.103105634
0.00930528902
-0.147969782
-0.070811592
0.0782103837
0.15680638
0.0523663871
0.017137859
0.0289315917
0.0135688605
-0.14891538
0.0707644597
-0.0555132255
0.128758922
0.00739535317
0.160470441
0.115673319
-0.0418318845
0.298912078
-0.0244365036
-0.0680507421
-2.95958635e-05
0.0298617668
0.062658824
-0.000284803857
-0.0289824978
-0.0129913278
0.0862888098
0.00948072039
-0.0568631701
-0.0225351043
0.0759003311
-0.0906963572
-0.0963006392
-0.14190273
0.0781654865
0.0983754396
-0.0377366245
0.0995603129
-0.0948190391
0.0015974791
-0.0374355875
-0.000809591089
-0.0854649991
0.107330225
-0.0671210438
-0.0054115341
-0.0617225692
-0.0683200806
0.0908992663
-0.0364990383
-0.123100922
0.0145237464
0.118329644
-0.0721955448
-0.0244425964
-0.141495436
-0.0361216068
0.0610866658
-0.0250377078
-0.129038617
-0.170968413
-0.0768425912
0.0749663487
-0.111209661
0.0577707849
0.0761980712
-0.0386285707
-0.02398948
-0.152241185
-0.0850291401
0.0960629582
-0.0376317836
0.0851368681
0.0262299236
0.0113000777
0.182246268
0.0404272303
-0.0270120017
-0.0842351615
-0.00732632959
-0.0790552795
-0.00947241485
0.0640562847
0.0724014193
0.0497566573
-0.0139185935
-0.0677810758
-0.0325733423
-0.157029614
-0.12234208
-0.151165605
0.0406402797
0.016272692
-0.0790153742
0.0496896133
-0.0400522798
0.0203065239
0.0169872642
0.00548358215
-1.94965651e-05
-0.07377249
0.0316102691
-0.0188316423
0.0681269392
0.0597772822
0.046131745
-0.0876133218
-0.0259442125
0.017643176
0.160636038
-0.08678893
0.026278073
-0.0219080001
0.0101280212
0.0255652852
-0.00205121771
0.0244138837
0.150466666
0.0415599532
-0.042438671
-0.137328595
0.00486789132
0.0266865231
0.044560153
0.108075038
-0.0348181911
-0.0676592588
-0.1105363
-0.0409465097
-0.0542280786
-0.1820876
-0.0841553658
0.0898179337
-0.0740028322
-0.0826317966
-0.0513125658
-0.114010789
0.0200826041
-0.0525076464
-0.117964432
0.0958210751
0.0335328504
0.0665128455
-0.045415163
0.116841801
0.100594215
-0.175328061
0.0424739197
0.0427649133
-0.0595224239
-0.0912796855
0.0274719633
-0.133497044
-0.14104785
-0.029785689
-0.109133393
-0.0799955875
-0.0166068021
-0.0803907216
-0.0678423047
0.0129277604
-0.0929668769
0.0713955015
0.00745392125
-0.173912376
-0.0990724787
0.0293632615
0.0453817099
-0.053866528
0.110094748
0.123128608
-0.112937801
-0.106294379
0.0376399532
-0.106252231
-0.0374479182
-0.150270954
0.0476158261
-0.0538377352
0.121306606
-0.026885353
-0.0759364814
0.113584384
0.132545218
-0.00680548325
-0.0167935342
-0.0821747333
0.00952700526
-0.100199968
-0.067160219
-0.0519046783
-0.0287035611
-0.00715760281
0.114348613
-0.171669692
0.0684150383
-0.00502839964
-0.0765528977
-0.101002596
0.0547838472
0.0806917697
-0.138185456
-0.245252207
-0.0472659133
0.0697232783
0.10087543
-0.120235682
0.0834594667
-0.099503845
-0.0387297608
0.0411804318
-0.100593857
-0.0325955003
0.0612497516
0.0605694689
-0.0930948779
-0.0526969582
-0.0189256221
0.00254115858
0.0714921951
-0.0339419208
-0.107834712
-0.0650613159
-0.0356285647
-0.0101579819
0.16078952
-0.118325882
-0.0615059994
0.0550598726
0.0745328814
0.00339314598
0.0671795383
0.142055675
0.0893472955
-0.0247417297
-0.0817343071
0.0149215022
-0.0634235665
-0.0235531125
0.0702453703
-0.000950663991
0.00931986794
0.030392943
0.0561604276
0.110654376
-0.0383462384
-0.0214193016
-0.121553786
-0.192113414
-0.0501505509
0.0020780093
-0.109379157
0.033624582
0.0895087123
-0.102028072
0.0207663327
-0.0913401917
-0.112237506
-0.0327836089
-0.0711608902
0.00902202912
-0.153201282
0.0180026814
-0.000800336304
-0.0033817417
0.118803173
-0.0482020751
0.0597249568
-0.0283404198
-0.0302229915
-0.0308482368
-0.0711479336
-0.0199333206
0.0694534704
0.109655857
-0.0618986078
0.130446792
-0.0102986591
-0.187520444
-0.122408852
0.0489482395
0.0629924014
0.106891125
-0.15641129
-0.060864903
0.0553674102
0.0320290364
-0.0878109932
0.0242686234
-0.0622267239
0.0580988564
-0.011290418
0.0458663777
0.0568273179
0.114492483
0.0400772244
-0.0999384001
-0.137446091
0.0585898794
0.119361632
0.110026419
-0.0746481568
0.00337363034
0.0718590394
0.0561362505
-0.121900417
0.0717667565
-0.0539240576
-0.0117036374
0.00872373208
0.0494211204
-0.0826241598
-0.0369790569
0.106115565
0.0055194851
0.0505280197
-0.0451114252
-0.035501726
0.0113102542
-0.146189794
-0.0606485754
0.0551776662
0.132020861
0.0740162134
-0.0504181273
0.0470727831
0.100261815
0.0151625331
0.072364375
-0.208644137
-0.0510189608
-0.0876495987
0.0399271101
-0.0249877274
0.0349753834
0.00601344835
0.0288154427
0.117454901
0.096718289
0.136011496
0.0355344638
0.0152683808
-0.0799685121
-0.0353206731
-0.0155581711
0.0198313482
0.0186614376
-0.105731159
-0.0539330989
-0.00153659482
0.0295362771
-0.0302534066
-0.0670420453
0.081160441
0.104635872
0.089635022
0.0640918538
-0.079915911
-0.0945468843
0.079146117
-0.160297126
0.0313087776
-0.094023101
-0.0323208719
-0.143045455
0.0887853801
-0.0196254849
0.00603353232
0.00738902856
0.0208257698
0.123610064
-0.0572477281
-0.0917798951
0.0664950907
0.11434067
0.0274738166
-0.0920446664
0.0386201292
0.0664553642
-0.0962942764
-0.0768365562
-0.000873880694
0.0240341742
0.0863131732
-0.00695375446
0.0729578659
-0.0483680964
-0.0699396431
0.114611715
0.0607665367
-0.0603183843
-0.0169341136
0.0117121283
0.146257177
0.11014799
-0.0263458025
-0.10403578
0.0167643037
-0.0492301732
-0.0342223942
-0.137543052
0.176996693
0.012473478
0.0407389179
0.0836884081
0.139239565
0.182848141
0.144664124
-0.0368388556
0.148967907
-0.0533620492
-0.0593603514
0.0726269633
0.0890059397
0.116872713
-0.0247902479
0.121731319
-0.0720320642
0.0575056449
-0.0278920997
0.00812336709
-0.0142128514
0.0328855552
-0.115928277
0.0854906365
-0.0176984761
0.105731487
0.0406771637
-0.0104160244
-0.0666166916
0.0706712902
-0.117733397
0.103647977
0.0892849267
-0.0715523511
-0.0386677198
0.0110132489
0.0804752484
-0.0281628519
-0.107565753
0.0851336345
-0.012554042
-0.0897309408
0.0271416083
0.107261606
-0.0391036086
0.123218037
0.0538778305
0.0158656724
-0.0336059108
0.040045511
-0.0395463705
0.0993998423
0.160281882
-0.0487991944
-0.100674428
-0.0693379641
-0.00344050233
0.084323369
0.0424800701
0.149482295
-0.129567429
-0.0241816193
-0.0304039735
-0.111982703
-0.0107560754
0.0448753908
-0.0503201
-0.115180776
0.0808433592
0.169096649
0.0598786771
-0.0614119843
0.147914141
-0.115772404
0.00119613868
-0.113741301
-0.13192001
0.126927137
-0.0305782091
-0.118137076
0.0153453695
0.171836004
-0.000696472474
-0.0929328278
-0.00665585976
0.0668147206
-0.0967590287
0.00268906541
-0.0374170206
-0.0988718644
-0.0938348025
-0.0226303358
-0.13793169
0.097719878
-0.0818747729
-0.0379066058
0.0566979982
-0.0275365226
-0.0833335891
-0.0118299024
0.130214691
0.0183275249
-0.0196511783
0.0753225386
0.096260339
0.140870988
-0.00355215301
-0.020005485
0.0658183917
0.0569460168
0.129214302
0.0315866284
0.0472216234
0.0379869752
0.0286849607
-0.107097574
0.00287651294
0.127662048
0.00428732485
0.13264069
0.00226628315
-0.0555700064
0.061702881
-0.103038043
-0.0217117425
0.0037081535
-0.00364213716
-0.0135486182
-0.0829278603
-0.0338484608
-0.109634042
0.0617494695
-0.0196406022
-0.0333679467
0.0769105181
-0.021112347
-0.0591452569
0.099549152
-0.132716596
0.014958485
0.153851405
0.0409882441
-0.000423910969
0.105534382
0.0501130261
0.0213982444
-0.0238491744
0.0767885372
-0.163032621
-0.0454807505
-0.0617807396
-0.0696263537
0.0680344328
0.0299101416
-0.0628478155
0.0592133515
0.0170438774
0.125034288
-0.122208774
-0.101724967
0.0627034977
-0.0471932106
-0.0201954227
-0.112149104
-0.0555433966
-0.0357264616
-0.0404255427
-0.0923467875
-0.067066431
0.0655270964
0.0290589519
-0.0140010789
-0.115727544
0.137869552
0.116253614
0.0289251693
0.0108513217
0.109627716
-0.0529718474
0.104129337
0.121485189
-0.116307102
0.137377098
0.0546794981
-0.041955024
0.0775084198
0.105056673
-0.0536309816
0.109008692
0.104965344
-0.0635365918
0.0716506019
0.0226334315
-0.000619550992
-0.0962742865
0.0495200977
0.0915205777
-0.00753201684
0.0397859849
-0.0571400672
0.0179775693
0.0607478097
0.058973942
0.114316739
0.0557068326
-0.0589683875
0.0135728838
-0.0831140429
0.0373320952
-0.0382450558
-0.0911476091
0.188337266
0.0365831666
0.0485361852
-0.0519129559
0.106868371
-0.0464778543
0.110171087
0.0188485906
0.0387115665
-0.022072373
-0.113313794
0.0472452007
0.0280324165
-0.0246460773
0.094590418
0.0148683982
-0.0123304594
-0.0872839689
-0.0381078795
0.0248884894
0.0452373289
-0.235138908
-0.0543811806
0.0423098356
-0.0238400605
0.0763438195
-0.0761861354
-0.065329738
0.0312526487
-0.124804206
0.0538764633
0.11446438
0.129327387
-0.0435602777
0.255860806
0.0548267029
-0.12785235
-0.0578275621
-0.0296220183
0.0683310106
0.113191538
0.0370294526
0.0407626852
0.0786049515
0.0666063651
0.113396943
0.0939081311
-0.152029768
0.00100391789
0.105669662
-0.0134836994
0.0267281756
-0.00282994867
0.0158351474
-0.0537789911
-0.072103329
0.037952967
0.13062115
0.209799558
-0.0944713354
0.0299324282
0.0379035659
0.00962623954
-0.00936432462
0.158427745
0.126704767
0.090120703
0.0114437845
0.152626961
-0.0254608076
0.0771526247
0.0792836845
-0.0814987645
-0.0699465573
-0.0560208783
0.0655106679
-0.00642038602
0.0328790471
0.0900679603
0.00544435997
0.159727871
-0.0699492097
0.0821358487
0.0256185178
-0.0756472051
0.163861573
-0.0276822262
-0.0811378732
-0.08516597
0.0676742867
-0.145808667
-0.0954449773
-0.0102376267
0.110143855
0.0623239912
-0.120933481
0.0783769637
0.0370839313
0.103557803
0.0149862422
0.022175489
-0.0393966325
0.0930817351
0.070613265
0.0724145472
-0.135099903
-0.0353704058
-0.0233491305
-0.132246375
-0.0354501642
0.169743881
-0.110967167
-0.0879031941
0.131077826
-0.0232834052
0.00172173814
-0.0104325181
0.151989892
-0.0594187565
0.0299275685
0.0669321343
0.006067771
-0.0508477166
0.0984616801
-0.0686930418
0.126659498
-0.0629919767
-0.0780710578
0.0520330891
-0.108572118
-0.110827059
0.0134753371
-0.0385631584
0.0239267442
-0.057486292
-0.131593063
0.05263016
0.0407565497
-0.0549517274
0.0355705172
0.163082123
0.0650756955
0.0191225484
0.0158168748
0.0214274377
0.0302521139
0.0544848442
-0.0591474473
-0.0145068234
-0.0812658593
-0.000537443499
-0.0749294683
-0.0495406203
0.110604815
-0.034465149
0.0651975945
0.0726442337
-0.0749356598
-0.120612733
-0.130160928
0.100905836
0.0148337698
-0.109719895
0.0538589023
0.0555345342
0.131882504
0.14096044
-0.0146912402
-0.0715052336
-0.0234794281
0.0070639886
0.0120757278
0.100383475
0.00782444607
0.033063855
0.0210001115
0.125560686
0.10738036
0.0911658257
-0.117290296
0.0960728973
0.0606546737
-0.00148512656
-0.110886455
0.0578206703
0.00921228528
0.0237680972
0.0146199754
-0.0050130696
0.0445341058
0.0900113285
0.154524833
-0.0101359384
0.0442021415
-0.0124648996
-0.0204980746
-0.0302571356
-0.0187647138
-0.173179001
-0.000816990214
0.0990970805
-0.0964592248
0.152504265
0.0576437823
0.129066229
0.0418800302
0.0815763474
-0.0300810337
-0.00410015602
-0.0400697924
0.0689273477
0.0461117178
-0.069222942
0.0176412147
0.050092198
-0.0486543514
-0.154643625
0.138443336
-0.0391599536
-0.0601782911
0.152414918
0.105452254
-0.0487894081
0.0226757992
-0.121317692
0.0017025558
0.171541587
-0.136215031
0.0465112031
-0.153021991
-0.0440101624
0.0625140443
0.030788146
0.0399262011
-0.171769381
0.00932658836
0.00719348434
0.095921509
0.0564476252
0.125597209
-0.0614971705
-0.0406841114
-0.0494182035
-0.0137289027
-0.144281834
0.00270477263
-0.0363671742
-0.0679478347
-0.0309141222
0.0135004604
-0.160466909
0.149205267
0.0759972781
0.12743862
-0.0541822277
-0.100214675
-0.0854212046
-0.089419134
-0.172979176
0.0551075526
0.0833129585
-0.0240334738
-0.124884851
0.0581298172
-0.116151713
0.0926086232
-0.0266950522
-0.0140610309
0.0024427087
-0.16658783
-0.062252
-0.0516182333
-0.0573238507
0.207573742
-0.0940123722
0.0502172671
0.00493899407
0.017265521
-0.00243643555
0.0480728112
0.031218851
-0.0385320671
-0.0230958778
-0.075200744
-0.0334384888
-0.00189504377
-0.172334984
-0.0566313379
-0.209178939
0.0193097033
-0.120716639
-0.028718397
0.190078318
-0.00259194942
-0.0277341176
-0.0384423621
-0.077809684
0.14579533
-0.0166506339
-0.033030998
0.108483814
-0.0436674692
-0.214984909
0.00590650365
-0.0638282672
-0.2328998
-0.19022353
-0.0644994825
-0.059432745
-0.000260247907
0.0726570934
-0.076295957
-0.0147795221
-0.0102015734
-0.0607972406
0.0767710507
-0.00298374868
0.0979760662
-0.0689916164
-0.0176940653
0.0463567786
0.0375561751
-0.0547880605
0.153661743
-0.0282472055
0.0759392381
-0.111038715
-0.154653966
-0.164934576
0.147589296
-0.10321261
0.0953586549
0.0281136613
0.0470983386
-0.0488585047
-0.0622076392
-0.0583542772
0.0261800326
0.102586083
-0.0263591148
-0.135839716
-0.0810124278
-0.0736475661
-0.0129392091
0.0767669603
0.0593570471
0.0213227309
0.0147807449
-0.120967016
-0.0276962146
-0.146906301
-0.00227537309
0.0662340745
-0.117528625
-0.0328134336
-0.0244785007
0.166242287
0.0718853027
-0.196259543
-0.0657213554
0.0781483948
0.133660674
-0.164125308
-0.0629266948
0.0874873102
-0.00350894174
0.0101418048
-0.165939376
0.039306052
-0.0112001514
-0.134105116
0.00166778988
-0.0145247728
-0.129540354
0.127081379
-0.0996830463
-0.103625953
0.00542744482
0.0611320734
-0.0437166393
0.115495697
0.0416542813
0.0512321778
-0.0959492475
-0.128205001
-0.201978728
-0.036282517
-0.0177377313
0.0788728371
-0.0192074366
0.0539594181
0.0839863718
0.00880442653
0.128632441
0.0641861185
0.0334758274
0.00145975675
0.0653220639
-0.192812055
-0.0573837832
-0.0614579618
0.0976559147
-0.187045515
-0.052990023
-0.00205997145
-0.117133088
-0.102057971
0.0557461493
0.153036535
-0.178906977
0.0211703628
0.00507406006
-0.00716123544
0.0326438881
0.11434944
0.0250833593
0.0641348064
0.119545236
0.0585506298
0.143588141
-0.159417823
-0.0388663895
0.0748546049
0.0405942164
-0.0829977915
0.0366822593
0.0686057955
-0.165314138
0.0524311848
0.0797204599
-0.123002641
0.144160137
-0.0328370109
0.0380441062
-0.113972373
-0.131093681
-0.0447458364
-0.165933609
0.0558230467
0.0721940994
-0.0316637643
0.105823874
-0.133240759
0.0538673475
-0.0563109294
0.0436577946
0.129286572
0.0801890865
0.0859500095
-0.00513102533
-0.0214027707
-0.0489358157
0.0567682795
-0.103500843
-0.0270830002
0.111290656
-0.0780141205
-0.0621413216
0.0568207018
0.138841003
0.0338400714
0.0236197039
0.0339999422
-0.0532076061
-0.0144130234
0.0971083865
-0.0763244703
-0.146415249
0.0547375008
-0.0970248729
0.0133810174
0.0135229155
-0.0462807864
-0.117445283
0.131253392
-0.162339106
-0.123515941
-0.0558697656
0.096047774
0.0460199043
-0.0218356196
0.106233276
-0.101978451
-0.115609571
0.133470386
-0.0503017753
-0.0218688883
-0.103275634
0.0551024377
0.0274068527
-0.0747488663
0.019794099
0.0362718217
-0.161420003
0.0215208437
0.0441350341
-0.058189556
-0.123752266
-0.1351991
0.056034103
0.021247033
0.0682477057
0.0161410607
0.127119601
-0.0693078414
-0.0502360687
0.00140303746
-0.0590406433
0.062520273
-0.00199138769
0.101461023
-0.0394985378
0.00625343528
0.0678856596
-0.0571111925
0.0283782315
-0.0871905237
0.0143164825
0.113546185
0.128799975
0.0419566184
-0.135596141
0.151703849
-0.144532606
0.146409243
0.0866565406
0.0237996634
0.109504998
-0.0791255459
0.0342734046
-0.000186965946
-0.132745281
0.06745141
-0.0775066167
0.0195281059
-0.155284539
0.0155357243
-0.109081924
-0.0647642091
0.0655733421
0.0248312913
0.260344148
-0.0150113674
0.0239274912
-0.165693179
0.117017299
-0.0211928841
-0.122929014
-0.051932212
0.0108138351
0.0843707547
0.0415149108
-0.0190382879
-0.103805102
-0.115852468
-0.0958979577
0.163423881
-0.0905821398
0.0448014364
0.0456496254
0.00387877971
0.0996294469
0.0638290197
-0.0743766949
0.0633359626
0.0176589228
-0.0264136046
-0.0575368255
-0.00126238517
0.0997238234
0.0219780412
0.13698791
-0.0940817446
0.0527830608
-0.102103844
0.135768324
0.0290045589
-0.0545549877
0.146197811
0.014445195
-0.0266034696
-0.0444895327
0.0789895132
0.136389256
0.0423016176
-0.00221116422
-0.0796755552
0.0559405871
-0.0069348379
-0.0543466508
0.0241939034
0.0890278816
-0.0621932149
0.0141837271
-0.131233871
0.0323264599
0.150483668
0.0350611657
0.10248588
0.0962093994
0.0870880559
-0.00499714212
-0.0113432379
0.0543876961
-0.0670711845
0.103877179
-0.0387868732
-0.061898537
-0.146370649
0.00485233217
-0.163073868
-0.0365798175
-0.0494624116
0.109043598
0.069601357
0.054402303
-0.0850021392
0.0421372727
-0.0941552222
0.0560477301
0.0281700306
-0.287189752
0.0575850457
-0.06551902
-0.046448499
-0.087171711
0.0196119696
0.00976292137
0.057789091
0.117877208
-0.0271841809
0.0571751595
-0.0224405304
-0.148577824
-0.0851168707
-0.0902584121
-0.0661791489
-0.0353741013
-0.065518558
0.0351547599
-0.017285917
0.105167568
-0.103781596
0.072524555
-0.0860952064
0.0496496037
-0.0696599931
-0.150365919
-0.125024766
-0.139477834
-0.0386591218
-0.13287358
-0.0826575831
-0.0921562016
0.100398503
0.0584273264
0.0215707868
-0.156868622
0.113515571
0.068638593
-0.0700232983
0.0945096985
0.020949265
-0.0766861215
-0.0147705665
-0.00220257021
-0.069945097
0.0305737797
0.0256624985
-0.0533605888
-0.184280649
-0.0317397453
0.0598729216
-0.0151938563
-0.00295292377
-0.097836256
-0.106263377
0.0714048743
-0.0568162426
-0.0268595237
-0.0658097565
0.0455141962
-0.0258138999
0.0861845091
0.0240629036
0.0236143414
0.0353821367
-0.0605399497
-0.0622033626
0.0912802219
-0.0651552975
-0.0254492015
-0.0683290809
0.0250896774
-0.0820777863
-0.0463085845
-0.0954820886
0.0376130491
-0.128444925
-0.00652393093
0.137450099
-0.0786665082
0.0107116764
0.0812135264
-0.0167307127
-0.0618062913
-0.121499278
0.0247693639
-0.0636626258
0.0441437848
-0.0718725026
-0.133027256
-0.14355208
0.167290807
-0.132005781
0.08018969
-0.130309954
-0.0246911254
0.0132171614
-0.0141296722
-0.15660876
0.104829475
-0.16282776
0.0350707956
-0.22178413
-0.206187308
-0.177490994
-0.0542071983
0.014337712
-0.120221712
0.00651110196
0.0917428061
-0.0860338584
0.0740354955
0.0175222084
0.0444932356
0.205539003
-0.0700650141
0.0672540516
0.198603421
-0.158498034
-0.168490931
-0.0444553643
-0.00048498984
-0.044256296
0.176916853
0.102826022
-0.110097945
-0.00485153869
0.0243055969
-0.154211208
-0.05344579
-7.89647311e-05
-0.0952078626
-0.183742508
-0.169615999
-0.150212765
-0.10414283
0.116240531
0.0690877736
-0.0354922563
-0.0424953923
0.0779158324
0.145016268
-0.0666581169
0.0612206981
-0.0759533346
0.12450105
-0.0961324275
-0.0757319033
-0.170053527
-0.00597585319
-0.0390976369
-0.0935950875
0.0581222661
-0.0400312431
0.101445556
-0.021282658
0.0540886559
-0.0366077982
-0.0828861892
0.0806907043
-0.0984106511
0.013871978
0.114757627
0.192738935
-0.0984611213
-0.0657765493
0.129109651
0.145067453
0.148664698
0.0699627623
0.0804828778
-0.0660746768
0.00961492117
-0.0593274646
-0.0688098967
-0.00261575589
-0.00415994693
-0.107657619
-0.00479069445
-0.0219781473
-0.0115246139
0.0794267505
0.0319567546
-0.0104270903
0.032869108
0.0194253381
-0.0269507449
0.0434634387
-0.0123137468
0.0594513044
0.115778521
-0.0471279845
-0.0463128686
0.164411038
-0.0958052203
-0.0465701967
0.0440969095
-0.119028963
-0.0746696591
0.0574679859
0.0560800396
-0.0182214472
-0.0270407628
-0.0243741125
-0.105772607
0.145974874
0.0899366587
0.0938101485
0.0584426634
0.0829449296
-0.103666507
-0.0463279337
-0.0245874468
-0.0550921857
-0.0858799443
-0.0860457942
0.0559499487
0.0431783572
0.0456436612
0.0115924459
-0.0394519828
0.214820445
-0.0808690414
-0.0249325149
0.0733715817
0.00351110217
0.0172752384
0.164553255
-0.0394815542
-0.00635768799
0.149020731
-0.0469270609
0.024917217
0.0768232495
-0.0619761944
-0.102597073
0.0152404755
-0.00613443973
-0.0501690656
-0.002791879
0.00648732902
0.120545216
0.0302315354
0.0751257688
-0.104363382
0.101103604
0.147096857
0.00417263759
-0.0275938921
-0.0802122504
0.0619958155
-0.0223684702
-0.143578976
0.0506358631
-0.0402228571
-0.0718251094
-0.0319956057
0.106797837
0.000769860868
0.00232321233
-0.0540259741
0.0928704441
0.102329969
0.00335328234
0.0242129676
0.162917733
-0.00420645624
-0.19395864
0.0588847436
0.053580679
0.0908934399
0.0037284554
-0.130184919
-0.0592637211
-0.0574311428
0.137455851
-0.1373339
0.0918975621
0.00551474048
0.00523953047
-0.025077356
-0.010165195
0.121754058
0.0195360892
0.148800716
-0.0823253691
0.111995511
0.0857944861
0.0915213525
-0.118356712
0.104998469
0.0641220659
0.138826668
-0.157845631
-0.0123504279
-0.124012209
0.148433417
0.10161975
-0.10986641
0.0320618451
-0.0411361195
0.277791589
0.0386827998
0.0461115576
-0.151081547
0.0598884933
0.0775342286
-0.15981774
-0.0112188393
-0.132327318
-0.0593556128
-0.00920328777
-0.0610213615
0.136509731
0.0110444045
-0.108965531
0.0505215637
-0.121935867
-0.0178746525
0.117644653
0.06953381
0.0671835989
0.218986094
0.06275592
0.17565307
-0.0197722763
0.0526584163
-0.142738968
0.104074739
0.0587293245
0.167946145
0.148690492
0.0351418927
0.0134357885
-0.0302744936
0.0206961837
-0.0844779536
-0.0266754255
-0.0394457206
-0.126806065
-0.102617919
0.0918052644
0.0437445529
0.016516339
0.0369055979
0.0729883462
0.108529456
-0.0094080735
0.163706645
0.0566572845
0.133528069
0.126266807
0.0984302387
0.0257732868
-0.00994356256
-0.022904383
-0.0182353687
-0.119371347
0.177766442
0.0479242727
-0.00933494698
0.0550018586
0.0404751636
-0.103877567
0.131358311
0.0714309663
0.0253684483
-0.028862644
0.0681030974
0.175894737
0.0770830363
-0.043256361
-0.150176927
-0.0537759662
0.122391157
0.0158829484
0.0945476517
-0.0352506004
0.0249765776
-0.0860824808
-0.0585503727
-0.0361299179
0.0317053944
0.0607930943
-0.0554921404
-0.022955142
-0.0711216554
0.01041664
0.203600109
0.0719146058
-0.0342868827
-0.0332382619
-0.0399083942
-0.0137441158
-0.049873244
0.0374357812
0.00121139979
-0.108274817
0.111867294
-0.0945881307
-0.0818114951
-0.151371732
-0.00143160217
0.051834181
-0.127098963
-0.135647476
0.000184159915
0.076498501
0.0522902198
-0.078041099
0.0381486677
0.0783550739
0.0402450785
-0.0454788283
-0.0267131627
0.0862279832
-0.0411728099
-0.019643873
-0.0699362755
0.0125642586
-0.0257871598
0.0844507366
-0.0767570809
0.0953967497
-0.0510661229
-0.00528344652
0.0689488947
-0.0893400982
0.0608812869
-0.0268599018
-0.0338799395
-0.111814663
0.0838400945
0.0140698897
0.133123189
-0.0817000717
-0.0437746793
0.0377779119
-0.00183985673
0.0698027238
0.0942239687
-0.0298012365
0.0201263782
-0.122927591
0.113158844
-0.00965268072
-0.120073542
-0.0482787974
-0.138012394
-0.0620629415
-0.0339879096
0.123649068
0.0454953611
-0.0866939202
-0.094189845
0.073908709
-0.0521033406
-0.0784371644
0.0981559977
-0.0510920435
-0.058700271
0.13129966
-0.0173668116
-0.120997041
0.0309366025
-0.00815905724
-0.0366853923
-0.0977936387
0.0097716758
-0.13203977
0.0355484672
-0.036190372
0.0451694652
0.0435332507
0.0974683836
0.0743723288
0.0521637946
-0.00858520716
0.0633940697
-0.0354083143
0.00660992973
-0.0276648141
-0.0563754216
0.139668018
0.0641233325
-0.0816099122
0.00703387801
0.13620536
0.0195608195
0.0869271383
0.0173546392
0.132362977
0.0288319252
0.000243670074
0.0202061329
0.0283416584
0.0407140031
0.117904171
0.0150331669
-0.125810862
-0.0969744176
-0.0493561961
0.00811228156
-0.0845374763
0.0785676017
0.133276254
-0.0777997673
-0.0664150491
-0.0439742133
0.0905594677
-0.0357120447
-0.15291582
-0.142012388
0.0876838192
0.0721466094
-0.0907026157
0.0321232229
0.025486229
-0.0794683844
0.0116743734
-0.0580502898
0.0218349174
0.0345185734
0.0373630002
-0.115169823
-0.168939918
0.0988604501
0.151522264
0.00581845408
0.034030661
0.0866096541
0.0758304968
0.109432712
-0.12297079
0.0408420414
0.0557199493
0.0625319704
-0.0159691498
-0.0675099194
0.0945164636
-0.08942312
0.00194699119
0.0185971912
0.0876795501
-0.053849183
0.144616619
0.113181934
-0.0617160462
-0.0786783919
0.0399999097
0.0526608005
-0.0226524845
0.141581893
-0.0676064789
0.0390267968
0.189134851
-0.151876926
0.132295221
0.0469921008
0.104010925
0.118771389
-0.00431176322
0.172622621
-0.108549267
0.220679745
-0.0619972385
-0.0668294653
0.0502435341
0.060496293
0.0876277536
0.118615404
-0.102909975
-0.0862244442
-0.111387134
0.0475188196
-0.00215791818
0.123550929
-0.0514194705
-0.0145978937
0.136424586
-0.0233836956
0.0621627048
0.0991366878
0.10925369
-0.0277032182
0.000160372641
-0.0165087655
0.00620393874
0.140882552
-0.169792891
0.134247556
-0.175882444
0.0640539154
-0.0225977115
-0.089283973
-0.067886129
-0.0865841135
0.00737927249
-0.166417688
-0.0789956525
-0.022478221
0.0123896012
-0.0691318512
0.0821045786
-0.0667626187
-0.0130954506
0.10693305
0.0556658059
0.0332980789
-0.0764490739
0.010444547
-0.0439600237
0.143511847
0.053228274
-0.184791967
0.0354594737
-0.0422387607
0.0544964038
-0.0220845342
0.0292417519
0.0898771212
-0.10094662
0.0613798611
0.00083078671
-0.129462272
-0.00455642305
0.028348634
-0.0719853118
-0.0428812765
-0.0745658502
0.0207911525
-0.087680161
-0.233524904
-0.0596114844
0.065733172
0.042358961
-0.183906838
0.0550740026
-0.0540737249
0.151534572
-0.00993582793
-0.0266448297
-0.0420950092
0.0730194971
0.0508701429
0.0508496165
-0.13445273
-0.0704287812
-0.055371087
0.0284530502
-0.126081929
-0.138355583
-0.0733820871
0.0517583415
0.0201253388
-0.126047909
0.00897198077
0.0762312263
0.173933893
-0.0583253205
0.142850101
0.122837514
-0.00965474546
0.0923685059
-0.122089006
0.0318215042
-0.0151625276
0.00436896645
-0.0570666455
-0.112174086
0.165713221
-0.100578725
0.0920589566
0.0338956118
0.101092942
-0.0971900076
-0.0188467577
0.0329354517
-0.0366450995
0.122981675
-0.158216476
-0.024854349
-0.0173027664
0.0342259407
0.0654690191
-0.117112942
0.0883213878
-0.0125784287
-0.116181739
0.0582376607
-0.0625448599
0.0695799962
0.0391292945
-0.102240689
0.0472814105
0.0703696087
0.0496690087
-0.0614989772
-0.0382843912
-0.0486352816
-0.125307962
0.0915689617
-0.0474683195
0.109751746
0.0422033221
0.0686122105
0.0383232124
-0.0296329372
-0.024925556
0.0357510224
0.0361687653
0.0761789978
-0.232184947
0.0747459456
0.0429586396
-0.146596879
-0.118839294
0.00305904797
0.113536097
-0.0550308302
-0.129195943
-0.149818107
0.0266906284
0.0731240362
-0.109572306
-0.0871120766
-0.000427463994
0.149796024
0.165831447
0.0769766569
-0.106451578
0.0585484579
0.116977341
-0.138567105
0.0769313127
0.0971843675
-0.127563536
0.0868514553
-0.0586610921
0.000472944696
-0.0289045218
-0.115822487
-0.169708043
0.0951779261
-0.0267862193
0.00907945447
0.0490690693
-0.104793236
0.140925795
0.0490545519
-0.0703188628
-0.0111744348
-0.17952475
-0.00276288833
-0.0785959214
-0.0570732728
-0.135193348
-0.0824846923
-0.0575957373
-0.0603801124
0.0569950789
0.0558015592
0.0624699108
0.0957079679
-0.0207106825
-0.112724632
-0.0137751997
0.0502331182
-0.0953902379
-0.126309708
0.102231324
0.0409054644
-0.0448364802
-0.11404939
-0.00558954803
-0.0418336727
0.151502863
-0.03979031
0.0037238677
0.078423202
-0.0870736763
0.0350473523
0.117849045
0.0572570078
-0.083801426
-0.167625487
-0.0527098365
-0.0170774534
0.03417027
0.078129679
0.00116832892
0.0795443803
0.00469518872
0.111399412
0.0409546457
0.106808521
0.0226115733
0.0745329931
-0.212841719
0.0101033235
-0.0468502007
-0.0791078657
-0.0819574371
0.120608978
0.0274979137
0.00958687346
-0.0951031893
-0.109642103
0.094800435
-0.00878770929
0.184537694
-0.0303029194
0.0115304701
-0.0251236204
0.0669164956
-0.0178656951
0.127401486
0.127576888
0.0473343581
0.0747344196
0.059746176
0.0932660773
0.043533396
0.0284093302
0.11017476
0.0255412366
0.0738710314
0.0827591866
-0.0243462641
0.0975703448
-0.0251387358
0.11112944
-0.0152099701
-0.168443784
-0.0633763894
-0.125300735
-0.0730174854
0.231476486
0.100669824
-0.104257278
0.0714602694
0.173892871
0.0244295672
0.14185454
0.108781874
-0.0573867038
0.0666439086
-0.0527974218
0.0722725317
0.0503540412
0.120340794
0.0543229468
0.027156407
0.0266037881
0.138234109
0.030033607
-0.0142004397
-0.0319737643
0.017992584
-0.0257150233
-0.0251360741
-0.117874756
0.182056084
-0.0315286443
0.0992338136
-0.0804626271
-0.0448430777
-0.0455626398
0.0433750823
-0.0607777759
0.137796223
-0.0802136287
-0.063823916
0.0486729778
-0.0287335124
-0.0656005889
0.0552088097
-0.0437040515
0.0793696642
0.0398893692
-0.108471975
-0.00141947216
0.057758037
-0.0206092093
-0.109413281
-0.0471239053
0.093867287
-0.0561765917
-6.53658935e-06
0.0391865373
0.102431685
-0.057154119
0.0571133159
-0.102534801
-0.0160981789
-0.0439183488
-0.0518101268
0.196036771
0.0638126209
0.0181202628
0.0563119836
-0.0420301482
-0.0533873625
0.0977504477
-0.149926081
-0.0445168801
0.0138489511
0.0189536437
-0.113042876
-0.108607069
0.136993438
0.14085415
-0.0333916247
0.009547689
0.0170646533
-0.0299832169
-0.0281895846
0.0526382402
-0.0667497516
-0.103992261
-0.102433242
-0.13492094
-0.0831293613
-0.0175985005
-0.096973218
-0.0878178477
-0.0362286679
-0.0838625059
-0.0613012426
0.105840437
0.0277707186
-0.0210178457
-0.123406567
0.0221302938
-0.142322958
-0.0232535899
0.0710328445
-0.0519342758
0.0216819737
0.104054078
-0.12069606
-0.0395944081
0.0872236267
0.109987892
0.0469895527
-0.107790202
0.0729593635
0.0828358829
0.212528288
0.0723872557
-0.0639976114
-0.0375930183
-0.0238563083
-0.144720241
-0.0329747684
0.103292085
-0.0780482963
-0.167001724
0.0587295406
0.0380411707
0.00751623372
-0.144491777
0.0853182748
0.148388535
0.0599975698
0.0238092002
0.0314721279
0.089636676
0.197640672
-0.117865376
0.0652280673
0.0450340584
-0.0336994007
-0.0540292673
-0.11913
-0.0487901904
0.0532071777
0.11166355
0.0940648466
0.0600955002
0.0454824828
0.0142831337
0.117225505
0.0959726572
0.0926762968
0.1695012
-0.0116787562
-0.0563812181
0.053115204
-0.0263365339
-0.0318241417
-0.0535129979
0.128739893
0.0171127189
0.0938160792
0.0274624843
-0.00843017641
-0.0873597115
-0.139469072
0.0676701963
-0.0916586667
0.105705664
0.144024238
-0.110680789
-0.045648627
-0.0510020405
-0.0168905538
0.0217378922
-0.0134278471
-0.0956121609
-0.00593688805
0.113582395
-0.00845762901
0.00385640119
0.03514231
0.0224295091
-0.0802728161
-0.0180310253
-0.0439361744
0.124011219
-0.14042756
0.0229575448
-0.018092202
0.0273572076
0.00977205392
-0.0608581044
-0.162883028
-0.0495766774
-0.0726677105
0.122266538
0.221925452
0.12933965
0.040876098
-0.0305924527
-0.0832559168
-0.0596870072
0.116122089
0.155863091
-0.0275609754
0.024170639
0.032738544
-0.0781606883
-0.0289106015
-0.0673968419
0.0309269689
0.0273286104
0.0623553433
0.100239605
0.139969796
0.10557536
0.093643263
0.0655869693
-0.0577195995
0.000602980319
-0.085705474
0.0595836267
0.00861501042
-0.00366858253
0.0155198006
-0.0307040494
0.0111162728
0.0406582467
0.0404826216
-0.0583163053
0.021702351
-0.0562831461
0.00970506202
-0.00340580731
0.0341856107
0.015421791
-0.000306848146
-0.0840720162
0.0653915852
0.135362148
-0.00856939889
0.0414628126
-0.00836566649
-0.00431264658
0.0914050266
0.0795462802
0.074282527
0.0554950945
0.0203281753
0.0503953695
0.145253956
0.0728807822
0.0478843823
0.0551528074
-0.13974537
0.00299122673
-0.0557819307
-0.100396499
-0.0149012329
-0.0045204428
0.0553089529
-0.0191256367
0.0209269952
0.0437633172
-0.0480336994
0.0189716462
0.091914013
0.044306241
-0.0173378661
0.116885863
-0.0580982119
0.0275129676
0.116212048
0.0271482971
0.106506035
-0.0107440827
0.112487331
0.00696343463
0.0918575227
-0.102541447
0.0920984298
0.0928019434
0.12652348
-0.0258701239
-0.0464045294
-0.0412703641
0.026066443
-0.0369537994
-0.00781748537
0.00666444376
0.0740163922
-0.0760391578
-0.0744607374
0.0120796924
-0.00254963664
0.000607802067
-0.0195569135
-0.0147385877
-0.02244642
0.0543600097
0.0319076441
-0.159056425
0.0565194562
-0.0899903551
0.0168433338
0.0839240402
-0.0753762946
0.0201376602
0.0042936909
0.147578627
0.103224866
0.0781193525
-0.0115614878
-0.00539421104
0.00345605216
0.03868955
0.0518592149
0.00956302695
0.0314489082
-0.0930541307
-0.0558065847
-0.0409406982
0.0108074918
-0.0327048115
0.162275001
0.0523044206
0.057507921
0.123833604
-0.00868878234
-0.0245915186
0.0605667941
0.00863602571
0.191065162
-0.018275734
0.0722475126
-0.091285564
-0.16950658
0.0751866177
-0.0867562294
0.0421991348
-0.0807905272
-0.0376680568
-0.015212927
0.146306336
0.000651708571
0.043932192
-0.0957857594
0.162139788
-0.0514542423
-0.00268822163
8.87292117e-05
0.0179341957
-0.0223098323
-0.0181837715
0.00289713917
0.0434617922
-0.00893072598
0.00330756977
0.0554099716
-0.0526441894
0.0452426448
0.0288435631
-0.0675822124
0.113218769
-0.0181599781
0.0308653656
-0.0838019624
-0.0331135578
0.0904123411
-0.0757246912
0.00248363218
0.0177974328
0.030366119
0.0852460712
0.0317494646
0.012874933
-0.105519578
-0.0663191453
0.033701662
0.0496197045
-0.103497431
0.0479612835
-0.115352467
-0.0266029015
-0.000694620539
0.055358585
-0.0278954282
0.0919968858
7.1294955e-05
-0.120578595
-0.0483699404
0.0369361751
-0.0575064085
0.0838455632
0.086693503
0.0848626122
0.0015314183
0.0372125618
-0.0511845611
0.0299988631
0.0303972438
-0.108328156
-0.131798416
0.0118359318
0.0647969469
-0.108540103
-0.112487808
-0.151401997
-9.67402084e-05
0.155736312
0.211109817
-0.0708316937
-0.0553897396
-0.117787711
-0.0733846948
-0.126155972
0.113557093
0.163070694
0.0332868136
-0.125792131
0.0446428135
0.0741276741
0.175263122
-0.0212407093
-0.0739375874
0.121148393
0.190228298
-0.11100848
-0.0574953258
0.0955541879
-0.00801807642
-0.0299358144
-0.0662212074
-0.044079829
-0.0921184197
0.130776376
-0.173167691
-0.103771217
0.0493977182
-0.00708911149
0.026485946
0.0251711737
-0.130671844
-0.178957209
0.123969831
0.0789294541
-0.0812428072
0.194039002
0.0823701248
-0.096495457
0.0572509468
-0.0505416915
-0.193816438
0.0694000721
-0.00932872202
0.00289313961
-0.125638708
-0.0838029608
-0.0530308411
-0.0128375068
0.00310947769
-0.0354038812
-0.0953073651
-0.101475894
-0.195407078
0.0742122233
-0.111158282
0.112041399
-0.040879041
0.194409609
-0.0693426505
-0.0769536495
-0.118418932
-0.12921758
-0.0666795447
0.0757963583
-0.0438742451
0.0223110374
-0.137020186
0.0290767867
-0.0167401396
-0.0686045364
0.121657871
0.0552243218
0.0221246053
0.128766641
0.103392921
-0.0379595123
-0.0149257472
-0.101075493
0.0651244074
-0.0464950427
0.0106037352
-0.00184809871
-0.119636878
-0.0640047118
0.0596490838
0.0313114114
-0.038662605
-0.0516287088
-0.00443834206
0.000246320589
-0.0761361569
0.0127111655
-0.0701654777
-0.0780055821
-0.0410954095
-0.0584248006
-0.117263287
-0.0801457837
-0.0365658291
-0.0485164002
0.101340696
-0.0698022395
0.0897047147
0.0519272387
0.133537516
0.0505896099
0.0737352818
-0.0765811428
0.0109240683
-0.0589473993
-0.0190121382
0.115786031
0.0374348536
0.0686487928
0.101194374
0.016674405
-0.0908081532
-0.00176994619
-0.164299875
-0.0576378331
-0.0862065107
0.0412120558
-0.00429369882
-0.0470661782
0.0592134632
-0.0903394371
0.222616285
0.118697278
-0.123059586
-0.119143918
0.14312385
-0.0892001912
-0.00725523708
0.0470848382
0.171785712
-0.0405314229
0.0333364643
-0.0351749659
0.0834947526
-0.0225426089
-0.0588065162
-0.0697617084
0.03444672
0.144431636
0.0195192676
0.0973197296
0.0023495378
0.154387683
-0.107767344
-0.0657814592
-0.0601207316
0.0093272198
-0.00259788521
0.0249858759
-0.0714785755
0.033462476
-0.124859624
-0.0899634585
-0.132050008
-0.0237776469
-0.0345218331
-0.0297246445
0.0964216813
-0.0494058095
0.223933145
0.0317089073
0.0163266528
-0.16906327
-0.0877245218
-0.0555633605
0.159669057
0.0115627544
-0.0831559598
-0.0491194539
0.107876018
-0.127723113
-0.0107697658
-0.00995229743
-0.00954444613
0.0327999182
-0.0131015433
-0.0366550945
-0.0276136491
0.0812644437
0.015956467
-0.103738047
-0.0338643268
0.0404945463
0.0325334854
0.00820235815
-0.084518753
0.0371834636
-0.0894170478
0.153537288
0.00563787716
-0.0621166751
0.143626973
-0.000190679741
-0.0995628834
-0.060916625
0.0711367503
-0.00129231741
-0.0177466124
-0.119823016
-0.0870590955
-0.0640912279
-0.0519052781
0.0305315666
0.0285221394
0.1239243
0.0860083252
-0.119877644
0.0441373214
0.0608524606
-0.0333378203
0.130178794
-0.029725384
-0.0826939568
-0.0712470189
0.124570437
-0.00110322225
0.144510522
0.138963819
-0.13114953
-0.000573847385
0.0288496912
-0.0828798339
-0.128585994
0.0562349521
0.114765927
-0.00227008085
-0.0535412282
0.0693842247
0.0715728328
-0.013543616
0.139065191
0.00627271133
-0.0110653844
-0.0441807993
0.0979755744
-0.0631446466
0.0113284094
-0.0750836506
0.135268241
0.0504768789
-0.145284131
-0.151747972
0.0712891668
-0.105294093
0.04669974
-0.0961533338
-0.017210789
0.0504615866
-0.0880535692
-0.13153486
0.100190647
0.0037993677
0.093175672
-0.158493191
-0.00857536774
-0.0696877614
-0.0112837795
-0.0527598336
0.0493317321
0.0728477836
0.0427909382
0.0615388453
-0.00481626717
0.0204581749
0.0121261608
0.0246308241
-0.0859500542
0.018337667
-0.00531393336
-0.0494202189
-0.0942390859
-0.029238414
-0.141013861
-0.0379378088
-0.062843129
0.0412301198
0.103905514
-0.0592561178
-0.0146580059
-0.0812917948
-0.0453655906
-0.0374498591
-0.0993230939
0.0162790138
-0.0373258367
0.0571918413
0.141346499
-0.0480690971
-0.0952212512
-0.0743344948
-0.0888653249
-0.00332836783
-0.0567813963
-0.179258764
-0.0719565749
0.112544708
-0.0891996175
-0.133476198
