-0.0733137801
-0.0381467082
0.0270685684
-0.0483426601
-0.0513775386
-0.0262368154
-0.122336663
0.0954580233
0.103063926
0.0159247909
-0.061408937
0.135426149
-0.0758741722
0.0108267982
0.0236425456
0.102332026
0.0411532149
0.158949807
-0.157968223
0.144240052
0.00143901061
-0.122710496
-0.102409042
-0.126743287
0.0699917153
-0.0679630637
0.0422752798
0.0291792937
0.0353834964
-0.0666906238
-0.0376300588
-0.111111745
0.139345512
-0.0951626226
0.0314589553
-0.0813375935
0.00302483351
-0.0442897677
-0.00936986972
0.010842449
-0.0426135771
-0.00795915537
0.0409641564
0.0608767718
0.0157952458
-0.0760005116
-0.131295115
0.0126062781
-0.0337550603
0.0859362483
0.00360918907
-0.0129422443
-0.134079903
0.107168615
0.15970099
0.0606504679
-0.129889026
0.0320263766
0.122167319
-0.177655816
0.0491277054
0.0504623502
-0.080619894
-0.121138074
-0.037922319
-0.117683336
-0.0512751788
0.0744856223
-0.0215437021
-0.0520689338
-0.146194756
-0.0296077859
6.96731149e-05
-0.0520790592
0.0613372512
0.0348482132
-0.100016229
0.121405281
0.0625829697
-0.014700897
-0.0197258908
-0.00460489886
0.153398499
-0.0313373618
-0.0918464661
0.1728753
-0.0426787511
0.130029753
-0.0562014394
-0.0789456815
0.0640362501
-0.0155857457
-0.0515085049
0.0260588247
-0.0427272245
-0.0305565037
0.102065809
0.0483520143
-0.0623055696
0.00480862707
-0.112458758
0.116706289
0.0378255509
-0.0498633869
-0.0860225186
0.011028287
0.140967384
0.0783461332
0.127947807
-0.00315668667
0.0508195497
-0.0696933568
0.0604916215
-0.0446788296
-0.109265715
-0.0936687887
-0.0587067232
-0.0130785257
0.133193627
0.00991577562
0.0747685283
0.108996503
-0.0778840557
-0.0493692644
-0.0666458607
0.135153666
-0.0397674516
-0.0759590641
0.117607646
0.0454111919
0.0736567006
-0.112980656
0.0227345508
0.0597073287
0.0225855149
0.0364685655
0.0285356529
0.0967846736
-0.0185435619
-0.0389395654
0.0270784386
-0.0180765428
0.0209222883
-0.0904585794
-0.00745060341
0.0163038447
0.057309512
0.0389065258
0.0820650607
0.0019638543
0.039191287
0.00713910162
0.0508970991
0.0667873472
0.0497369431
0.0274239387
0.123370029
-0.0626797378
-0.066840969
0.00459867017
0.107017748
-0.0409295633
0.00950018782
-0.106941342
-0.0512685142
-0.0875446275
-0.0838929415
-0.0179533679
0.0894401968
-0.121414706
-0.0808382481
0.0707990378
-0.131617427
-0.0477908328
0.057692524
-0.148655683
-0.0503141358
-0.07236664
0.107072413
-0.00928207673
0.140711129
0.0162617695
-0.0407184884
-0.0356963202
0.0561354645
-0.0791377425
0.0983067155
0.0758529082
-0.0136168189
-0.158141315
-0.0909129232
-0.127181262
-0.0400060117
0.149324179
0.081963487
-0.011499594
0.0167830847
0.15319851
0.0681519136
0.0091525754
-0.0170110799
-0.0913707763
-0.0799674243
-0.0260061771
-0.0124735497
0.0357007049
0.157091901
0.0816284269
0.0559062771
0.162601054
0.0301479399
0.0699615106
-0.0710890591
0.0379471257
0.0759361759
0.0770747513
-0.117337763
0.00245568063
0.0528382175
0.030551808
0.0890444666
0.0458940677
0.106062032
-0.0385004841
0.0613429323
-0.0994874835
0.0496358424
-0.0342920274
0.0486607701
0.0118529061
0.0496545769
0.158879057
-0.0100656906
0.0385935456
-0.00335952686
-0.0604012422
0.0258388463
0.0420400798
0.134643793
-0.0324572772
-0.102630943
0.0963895097
0.0572799519
0.08046069
0.00815569237
0.0221105497
0.0815603063
0.15880917
0.0755006
0.0130693074
0.0593251847
-0.0806930289
0.0814326629
0.0312465262
0.0478085801
0.0526578985
-0.0442192741
-0.0465367883
0.0934794769
-0.133912191
-0.114831798
-0.002666621
0.104027964
-0.0294188857
-0.00499891909
0.0594427362
0.0312690586
0.0863999575
0.0333498456
-0.11307323
-0.0865299478
-0.0345727578
0.12225394
0.0838803798
-0.0398984626
0.00722273393
0.110051714
0.0602570921
0.0580985248
0.12978524
-0.0100453999
0.0769177377
-0.0157064293
-0.0999271125
-0.0119030457
0.0695656762
0.00422035018
-0.112430975
0.0100789079
-0.0517201684
0.0320372805
-0.130180359
0.130683273
-0.0235974733
-0.00665085483
0.0695563331
-0.118976519
-0.0567216687
-0.0142558413
-0.0638789684
-0.0405011363
0.0218928214
-0.0403277241
-0.135212451
0.0065391399
0.0164863225
0.0748313144
0.0035548415
-0.0740962178
-0.102823317
-0.0858902112
0.0393597931
-0.0354607329
0.132376298
0.0614982322
-0.0556079075
-0.0673022419
-0.107415564
-0.0778818503
-0.0642155856
-0.02780273
0.0920762867
0.0344328843
0.0232224725
-0.0174205787
0.0476158969
0.0277495403
0.0286887772
-0.0228753388
0.0237396248
0.0956465304
0.0204360653
-0.00315921078
-0.0194462221
0.00140229752
0.081964381
-0.00869884249
0.0209153276
-0.0386167504
0.0466504693
0.0434452072
0.0361160636
-0.0786270723
0.0866161957
-0.000203468488
-0.0710872263
-0.0109879579
0.0976856351
-0.0446801037
-0.045392096
-0.0897831172
0.0526076145
0.00523308059
0.0124602411
-0.0389881283
-0.0213815421
0.0105179809
0.0857032165
0.00999897532
0.0928333625
0.0782156065
0.0210434999
-0.0131710563
0.0368992239
0.0794962794
-0.0518437773
0.0965595543
0.0276354197
-0.000396022486
-0.0566783734
-0.0410580002
-0.0530888103
-0.0524717607
0.0583093688
0.0374704115
-0.0957013816
0.0930214301
-0.0536814556
0.09362524
-0.00585679384
-0.0249768831
0.0742285177
-0.0549534485
-0.0299835093
-0.0170105863
-0.13209939
-0.0543844327
0.0807492658
0.0288480669
-0.0662389174
0.0733222961
0.0363533199
-0.00917609315
-0.0283425581
0.0708213747
-0.00215520267
0.0608045533
-0.0626535714
-0.0686384365
0.0633714795
0.0286462754
0.0226608906
0.0912689716
-0.0612011366
0.130147338
-0.0631695837
-0.0081793135
-0.0396835059
0.095154278
0.0213383939
-0.020114392
0.0593330301
-0.00813044235
-0.0955502689
-0.0659526959
-0.132458985
0.0713116005
0.0424546786
-0.139169902
0.0866232589
-0.0567542501
-0.00510254269
-0.0167641509
-0.0566508509
0.00413673138
-0.0253727715
0.128606498
0.0602387786
0.0332662649
0.0110276435
-0.122642316
0.112530537
0.103176862
-0.124556497
-0.0780527145
0.0266533475
-0.0580688491
0.0514122248
0.0136992447
-0.0925167352
0.064742215
0.111832403
0.0298207831
-0.0315064937
0.0181756616
0.101830006
-0.0830705762
0.00216442556
0.035039939
0.022582747
0.0202317685
0.0544407107
-0.0176788252
-0.0646406934
-0.0353561342
0.000716815121
0.020893028
0.0631878451
0.0408622213
0.0320168398
0.0580250993
0.0749905258
0.044962462
0.07628382
0.00149758684
0.0226852968
-0.128421471
-0.0341293998
0.11213024
0.0182250235
-0.0835120082
0.0871909931
-0.0639330819
-0.0306969881
-0.0156204076
0.146874964
-0.129214719
-0.0701230392
0.0154752946
0.0738091543
0.0988098085
-0.0505987778
0.0582177974
0.0973780081
-0.154219836
0.0601980947
0.111031353
-0.0287608001
-0.0337204039
0.0654772073
-0.0340161137
0.0785578638
0.104479104
0.114895135
0.112138547
-0.128938869
-0.0306064859
-0.0190155096
-0.0469853692
-0.0542753451
-0.0571018159
-0.0273794867
0.125900745
0.042399127
-0.00912590232
0.102268234
0.0642524362
-0.0822008103
-0.0203779135
-0.0572648272
-0.156556845
0.0876048654
-0.0836561695
-0.0912051573
0.0545093119
0.084008351
-0.0364235528
0.0140510192
0.0260624066
-0.147097647
0.0122566679
-0.01519664
-0.0181612782
0.00299350196
0.0666685626
-0.0499827452
0.0501295067
-0.13107729
0.0877278447
-0.0407148264
0.0164220408
0.0819850862
0.0402904302
0.0514994822
-0.116441272
-0.00809896179
-0.0101354728
0.0323367417
0.037161354
-0.0488927588
-0.0528181456
0.0393058248
0.0908347815
-0.0770114958
0.221663177
0.0979847908
0.0141769778
-0.0597853363
-0.01931745
-0.00785442255
-0.083396703
0.0784312561
-0.0172266718
0.056830544
0.0140523817
0.105825923
-0.0510815196
-0.0435066521
0.214459792
0.0244253483
0.0236219522
-0.00215492863
0.058903072
0.00603249436
0.0171613004
-0.0635285228
0.0815970153
0.0162590928
0.134861261
-0.0920961574
0.0390210859
0.0643650666
-0.0865713209
0.0441952981
0.0391971283
0.0728169754
0.111940123
-0.0350884497
-0.0393963233
0.0812561736
-0.0431047194
0.110209629
-0.0676802099
0.00667873444
-0.00645920308
0.132451341
-0.0901813135
0.118329138
-0.0262886081
-0.0103345448
-0.0349857472
-0.0212455261
-0.083721444
-0.0362244919
-0.0213088952
-0.0103892544
-0.019292118
-0.0733702853
-0.0122760888
-0.120653749
0.074651517
0.159784481
-0.0290239844
0.0728667453
-0.0573016368
0.0831613466
0.0657627732
0.0121630011
-0.191771299
-0.0916930512
-0.00731051946
0.0188374147
-0.0142267765
0.0466283672
-0.019529989
-0.01468594
-0.00408417592
0.0508080982
0.0457985811
-0.143311441
0.0773928314
-0.0339765921
-0.114972621
0.0936985016
0.070798628
-0.0804662853
-0.0803086013
0.0856646895
0.0685784966
0.118692137
0.0551703386
-0.0257723909
0.128133327
0.0939686745
0.0899547562
-0.0269885063
0.0364493094
-0.0271125305
0.000830076693
-0.0780600309
0.0343959145
-0.0648501068
-0.073070094
-0.0796928257
0.0577071831
-0.0468469486
0.0174880642
0.110921785
0.0439561978
0.0052786679
-0.000930459879
-0.0688646287
0.0497693941
0.074327223
-0.0842023715
0.108292766
-0.0809527338
0.0773285925
-0.0948453471
0.0570940152
0.0220004842
-0.0695723742
0.0647323281
0.00312228128
-0.0253035184
0.0940988138
0.0308421068
0.104015842
-0.00129425409
-0.0628984049
-0.135745883
0.132830381
0.0124487001
-0.0524349585
-0.0480258837
0.113267645
0.00415006327
0.0371077806
0.0592638031
-0.0285958741
-0.106643006
0.150397971
-0.0296712629
0.140085891
0.0739738718
0.0111411624
-0.0407415405
-0.122505456
0.134149626
-0.0557058752
0.0751835406
0.0978862643
0.0055669779
-0.0794384107
-0.134814307
0.00616114959
-0.0705902651
-0.0304456707
0.16579856
0.0793700889
-0.116897807
-0.0671623275
-0.0230537932
-0.10280709
-0.0107651493
-0.0680308416
-0.0655899793
-0.0234853607
0.0609803461
0.00695496192
-0.00728364754
-0.0453649424
-0.0434689783
0.00458251778
0.015883876
0.0235858187
-0.0355812758
-0.0750016645
0.0155854039
-0.0893345177
-0.0346107818
0.112866662
0.0966612771
0.0806572884
0.0427497439
0.094881691
-0.0862598792
0.135739535
-0.0346370302
0.0829653665
0.0376738235
-0.0654590577
-0.054772865
0.0517967306
0.00280890032
-0.0654168054
-0.034716744
-0.0426335186
0.0517865084
-0.0645218939
0.0457650982
0.0607707091
0.0469459184
-0.0531874411
-0.113039136
0.0298647545
-0.0407828577
0.0745188668
-0.0610975325
-0.0619597323
-0.0163572468
0.0485908985
-0.00489975279
-0.0570715256
-0.145579845
0.142682865
-0.0860364437
-0.0272289626
0.080554679
0.0309529584
0.0344416723
0.159948587
-0.0509863347
0.0905148312
0.116024584
0.0949356332
0.0490102433
-0.0486884378
-0.10005033
-0.0446751602
-0.00642585475
0.0360433683
-0.0628375933
-0.0461565629
0.0533672571
-0.0458863527
0.0278096162
-0.0558921508
-0.0934382528
-0.0204881318
0.087646015
0.07678698
0.0732876286
0.0677097142
-0.109690942
-0.018733222
-0.109527968
-0.0142047079
-0.00722464686
-0.0497815013
0.0375298671
0.0403513089
0.115085915
0.0425195992
0.0626477823
0.0657236651
-0.0228391681
-0.0122420182
0.0835682005
0.00198220974
0.0324525088
0.0643839836
0.108408958
0.0265332721
0.0396994576
0.0368572883
0.12051221
-0.0206430331
-0.0763333514
0.103449307
-0.0876299292
-0.0577465855
0.0453222543
0.0402082615
-0.0152245704
0.0312649161
0.0443598405
0.0822287202
-0.0689036325
-0.0423215702
0.0941032097
-0.0266451705
0.0599573143
-0.0264311153
-0.10445299
-0.00238965731
0.128717422
-0.00592075707
0.125381127
0.0885150358
-0.017731443
-0.0552201383
0.0970075503
-0.0241299514
-0.0199453831
-0.0573652983
-0.086230956
-0.0250756536
0.0252577513
-0.0219505578
-0.062331412
-0.0458030812
0.0269117188
0.0077820071
-0.0189583488
0.106843702
-0.0813221037
-0.067073226
-0.0396091454
-0.0730490237
-0.106379569
0.0557353832
-0.108597659
-0.132972702
-0.114740379
-0.0920611024
-0.0128865475
0.049211178
-0.0115595385
0.0786784813
-0.0418550074
-0.0397869088
-0.0553704388
0.1348795
0.0682439506
0.0317201875
0.014209412
0.0414287336
0.124495663
-0.00027851513
-0.0675716922
0.105805375
-0.11260891
0.0243588611
-0.0337336287
-0.0441108271
-0.0348209329
-0.141442657
-0.114969522
0.039889846
-0.00105109636
0.0146395983
0.183294907
-0.0723464191
0.117439307
0.0812309757
-0.00682686502
-0.0898125917
0.0456607826
-0.0480332077
-0.0531343482
-0.0645264238
-0.132506624
-0.0220935401
-0.0329629593
0.0780517161
-0.0185674913
-0.0051543219
-0.0659065917
0.134180114
-0.0579936616
0.102432445
-0.0523927025
-0.0330666117
-0.142206952
-0.0101299845
0.0706981868
0.147726268
0.0374562331
0.115986109
0.0197913125
-0.0388092063
-0.1278947
0.0401635468
-0.0347793028
0.0125306947
0.0776720941
-0.0310184397
-0.0130554046
-0.0663446411
-0.0338940211
0.0644002631
-0.12489485
0.107679203
-0.0427999794
0.0265664402
-0.0368104428
-0.0432672165
-0.0099997716
-0.0555337071
-0.0856410488
0.00286645722
-0.0100352811
0.0071728644
0.0326310508
-0.0212694108
-0.146848023
0.147179663
0.0915854126
0.00379798724
-0.00429507904
-0.0761798844
-0.0714979842
0.09183909
-0.0294378716
0.0441040024
-0.13677299
0.0892772228
-0.0787654072
0.0592019185
0.0102710752
-0.0801054388
-0.0653299838
0.104814678
-0.0994918868
-0.0901137516
-0.0206899438
0.0909491628
-0.000620108563
0.0283998474
-0.0198357962
-0.0683371723
0.0755382553
-0.0284367576
0.0864431933
-0.112075709
-0.0785718933
-0.0654003695
-0.0666514114
0.0219972357
0.0756062046
-0.0274220854
0.0950768963
0.0931739137
-0.00686265901
-0.0281070266
-0.0269409493
0.029610157
-0.0631175265
-0.0634554625
-0.0685039312
0.10095603
-0.0274372473
0.0234994944
-0.0571479127
-0.104181543
0.0490517803
0.101132326
-0.0257060472
0.0630135611
0.0432487316
0.142241195
0.103637606
-0.0831824988
-0.0461467169
0.0641078204
-0.0701026544
-0.0259691197
-0.0272513721
-0.0762488991
0.0958182365
-0.0706121922
0.0323732048
0.116511464
-0.0580938198
0.11005193
0.0673331171
0.0221099071
0.0935099721
0.00761388196
-0.0223252326
-0.005758279
0.107316628
0.0202804711
0.110184699
0.0524752401
-0.0505591147
-0.132128984
0.0634236336
0.0347446091
-0.107714847
-0.0514512919
-0.0632986724
-0.0327066295
-0.0134209879
-0.118818775
-0.0351089761
-0.127108276
0.16174002
-0.0374716446
0.0729518607
0.139156982
0.0409051739
0.0810193121
-0.0250406787
-0.0483089425
0.0610339008
0.0248196702
0.0404132903
-0.0933580548
0.0345288478
-0.00377455633
0.025658723
-0.00831010006
0.00855785701
-0.120813534
-0.101771586
-0.0475366749
-0.0334562883
-0.0194390547
0.0673352405
-0.0267506428
0.0814001933
0.0703404993
0.0359995365
-0.109855436
-0.108638234
-0.056825988
-0.0543689057
-0.0745427832
-0.0201143362
0.0607318915
-0.00249851518
-0.0358470231
-0.0394169092
-0.12343403
0.115188628
0.0503699407
-0.0718667954
-0.0908858851
0.0965922922
-0.0470048115
-0.0594502687
-0.0840289593
0.028690245
-0.0787283331
0.166559562
-0.0750840828
-0.0181706194
-0.116131671
-0.0429067984
0.0590091459
-0.0361324847
0.0929092765
-0.0955199227
-0.0905128717
0.0832905993
-0.127018705
0.0217139069
0.0593173467
0.037341617
0.0155476658
-0.0627640635
-0.0100623528
0.0756960586
-0.019575635
-0.0712607279
-0.0796712339
0.0684439987
-0.0444416925
-0.0398573801
-0.0274455603
-0.0464644879
-0.016452577
0.109777398
-0.0346102007
-0.142178014
-0.0128872935
0.00685846386
-0.074947603
-0.0916914344
0.0310124177
0.0439447239
-0.0899456441
0.0323563963
0.0474887341
0.141522765
-0.00944072101
-0.0465771593
-0.0294818748
-0.0236415174
-0.0385118946
0.0486410819
-0.131543741
-0.0106937801
-0.0712721571
0.0739995837
-0.0470632464
-0.0321819596
-0.045835346
0.0724886283
-0.111855544
-0.0326882564
0.0756720006
-0.189821467
-0.0132620148
-0.0278719831
0.0298284665
0.00501144025
-0.0615124106
-0.0495817475
0.0122215766
-0.0393482931
-0.0328260995
-0.0104148583
0.0901401415
0.00867636874
-0.203759387
-0.0873960406
-0.0755543411
0.0506148897
0.0228117928
0.0691810772
0.00690045347
0.0443996005
0.0574453548
-0.168062672
0.0655905977
-0.000292425044
0.0626296252
-0.0585087053
0.0428840481
0.0237852279
0.161381766
-0.0337176397
0.00301723904
0.0826796889
-0.0370067991
0.0761988238
-0.0440489314
-0.017430624
0.115227155
-0.0112956837
-0.0935009047
-0.0407835841
-0.00429436145
-0.0138388285
-0.0939645395
0.0722550973
-0.0138574969
0.0995804369
-0.0348392315
-0.0986926779
0.0310039129
0.0586801805
-0.024247067
0.0358152911
0.053089235
-0.00447309529
0.0541015267
0.00228259899
0.0454533137
-4.80529416e-05
0.0349417366
0.0416507758
-0.0111362906
-0.00347917178
-0.0453983657
-0.106765941
-0.0539851487
-0.0287861135
0.00693722535
-0.0138540016
0.0414341278
-0.0724500418
-0.0212347135
0.0766626
0.00162868085
0.0169959534
0.0907470584
0.0134430807
-0.0637015849
0.0170255024
0.0351270624
-0.090568848
-0.0673063621
0.150000885
-0.0463475659
0.0936158821
0.167130515
0.0236227177
0.101603255
-0.150919303
-0.047135476
0.0326749533
-0.0868342593
-0.0844211504
0.145198151
-0.139330208
-0.00531254848
0.0124904132
-0.0218454432
-0.0718122944
-0.108592749
0.0518134199
-0.0425045826
0.0397289656
-0.0821392983
0.104213186
-0.10755863
0.142360896
0.108167827
-0.00858137012
0.138952926
-0.102910236
0.105437838
0.00887691788
0.072885707
0.0767614692
-0.0340319984
0.0776460692
0.147138149
0.0242744349
-0.0212206021
0.103017516
-0.0282561667
0.0190106817
-0.100639135
0.13844043
-0.018215565
0.0322810709
-0.0962970033
-0.0375054553
0.164545149
0.00971103087
0.00240214169
0.0567774624
-0.047824733
-0.0653620586
0.148665786
0.00830605067
0.0871399492
0.106924832
0.0426967293
-0.0307179671
-0.0576996543
0.0521950237
0.120503761
0.0166024491
0.0618401133
-0.0624883585
0.0810262412
0.0524150804
0.0499097295
-0.0705548823
-0.0538596176
-0.0247664563
-0.0666980073
-0.0277536046
0.0626295283
-0.0380725786
-0.0468799509
-0.0557464883
-0.0707306191
0.10855259
-0.026026424
0.016782403
-0.0721660256
-0.0330367535
-0.0908820406
-0.102167256
-0.0138098551
0.0188733712
-0.0379242375
-0.112005986
-0.0747062862
-0.0112120342
-0.113769859
0.125752717
-0.0719316006
-0.00148053397
-0.0400239266
-0.0448144972
0.00199250947
-0.0352580063
-0.0277850386
0.0426351801
-0.00745210797
0.0275134239
-0.00908064935
0.0480986238
0.0801638067
-0.158194706
-0.0118653923
-0.0893685371
0.0425857194
-0.0243177377
0.0427631624
0.075360015
-0.104655378
0.0956144705
-0.0839931369
-0.0240938496
0.0513084643
-0.0295041334
0.0357153527
0.0247869883
-0.060690973
-0.017613722
0.0356922075
0.0467323326
-0.0816274211
-0.0658081919
0.0625605807
-0.112250678
-0.126968294
0.00342906895
0.0142031508
0.0944676995
-0.1091296
-0.0314803272
-0.023399638
0.0520995259
-0.0635322854
0.0623300411
-0.0527034253
0.00890631974
-0.0949536115
0.0835811719
-0.113690697
0.0252332427
0.0610550791
-0.0650136247
-0.0251116194
0.00852493942
0.104541332
-0.0238376856
0.00138517411
-0.070778504
-0.140128881
-0.00671218196
-0.0388289951
-0.0953238383
-0.142087117
-0.0742676854
0.0366706736
0.0529353134
-0.0139977466
0.0504299216
-0.117906019
-0.0143416887
0.0201151259
-0.168916732
0.0363958292
0.0730679855
0.121201359
0.0553243272
-0.0314051993
0.137944296
0.113379292
0.128026679
-0.163053095
0.0172635093
-0.012165877
0.0271983128
0.0441676602
-0.0421405397
-0.0508050136
-0.0303573795
-0.0456969999
-0.0265557021
-0.0101604071
-0.147017092
-0.121731766
0.050719548
0.0497466214
-0.0950483307
0.0741523355
-0.051327344
-0.0362757146
-0.0424838923
0.0927912444
-0.059846852
-0.0904579833
0.0462416224
-0.0134324562
0.0515015088
0.0390128642
0.118697293
-0.0736433417
0.00592251122
0.0170489158
0.103947461
-0.0155305173
0.0261659622
0.0188706312
0.00437767804
0.0681298673
0.064759396
0.106854551
0.114239015
0.0454701856
-0.0976195633
-0.0575536899
0.00261550792
0.0419739522
0.0396314189
0.0653329417
-0.0655846819
-0.109931365
-0.128357261
-0.0682051629
0.048821412
-0.057261236
-0.0374916084
0.0644951835
0.0926336274
-0.129680037
-0.149286792
-0.0526116304
-0.0381292105
-0.12291573
0.0180641767
0.0699611977
-0.0946925059
8.42556838e-05
0.00603608834
0.0890114084
0.0253890995
-0.0623931177
0.0426008366
0.0525592566
-0.0407080352
-0.0731481016
0.0705469549
-0.0696607605
-0.0751445442
-0.0698491484
-0.0688952506
-0.108221523
-0.089158088
-0.0793647543
-0.00728254532
-0.0318681337
-0.08144743
0.0831343532
-0.00709187193
-0.0332116187
-0.050518088
0.116049796
0.053270217
0.0480516888
0.0748943537
0.0798565894
-0.115737401
-0.0792838857
-0.039361231
-0.0964278057
-0.121333949
-0.1388129
0.0550677516
-0.0378110372
0.0625738427
-0.0115416069
-0.0718322173
0.0672001615
0.113669597
0.0266875327
-0.0310092196
-0.108950488
0.0405091532
-0.0215960089
-0.119711131
-0.123563632
-0.183876485
0.0101320762
0.0749767795
-0.0236641038
-0.0172848757
-0.0198208448
0.0526709855
-0.215697676
-0.00694063539
0.0275616832
-0.0882176012
-0.115386106
0.0607243963
-0.0344918407
0.0182594191
0.00819667429
0.0781203359
-0.144086882
-0.109246321
0.0521201901
-0.122562125
-0.122803695
0.052982375
-0.0349239148
-0.0332650654
0.113841057
0.129176944
-0.0444564559
0.091952011
0.0399990007
-0.0908256844
-0.0569308177
0.0562123545
-0.0563251451
0.0876205191
0.0061812643
-0.0579956397
-0.0176279899
0.00610424764
-0.0742987096
0.0392530598
0.0723794103
0.102564044
0.071027182
-0.0268985555
0.12869589
-0.062561743
0.00146911654
0.0530381575
-0.00460883975
0.0810520574
0.000928943453
0.0181652624
0.0592791028
0.0326124355
-0.0220730808
-0.0404501818
-0.0314382501
-0.0266619828
-0.0351626463
-0.0756242946
0.137940988
0.0192720685
0.0459169149
0.0202738848
-0.074151434
-0.0415561348
0.107747905
-0.017047001
0.00348383142
0.0209682174
-0.053724207
0.00390794128
0.0363734886
0.0943739489
0.00985472091
0.0824133083
-0.0673698559
-0.0922443792
0.142367259
0.0119982241
-0.0631186664
0.0424521416
0.0617168322
0.0176121946
0.0544945635
0.0166531485
-0.0962172821
0.00224997057
0.0872024
0.0140229343
0.0920131728
-0.0707942098
0.0841368437
0.00544688152
0.103191055
-0.131339043
0.0292513762
-0.066722393
0.0431857891
-0.04290618
0.00564879226
0.0772952065
0.0307541266
0.141393989
-0.0481145196
0.00825063698
-0.0332816653
0.0147221852
-0.0554942191
-0.0626122132
-0.0719060972
0.0966001973
0.103419878
-0.0165426005
0.0239442326
-0.0708522946
0.0752946064
0.0250145253
0.102003485
-0.0774490684
-0.0896198601
0.0540662892
0.0513029695
0.0902315229
-0.11053738
-0.0737329647
0.000117567593
-0.11599496
-0.03203905
0.00431901217
0.0465228818
0.0441247784
0.00617605774
-0.0392223522
-0.119141512
0.0608818345
0.051266484
-0.12191879
-0.126763836
-0.0265999474
0.0603413098
0.0773661435
-0.0676408112
0.0364288986
-0.0342194699
-0.0276630893
0.130456939
0.0420652255
0.0254955124
0.00723581063
-0.0663524419
-0.100618944
0.0584349036
0.06063978
0.0668695644
-0.090293698
-0.040785905
-0.0628178716
0.0908460915
-0.0432343706
-0.0857783556
0.0155460723
0.0428299718
0.179001048
-0.0367724001
-0.0466382317
-0.03788165
0.0773963109
0.0138928648
-0.0890306458
-0.0510718748
0.175354645
-0.13613157
0.046364449
-0.0724809244
-0.00262679812
0.0519491062
-0.0183049925
0.0260826368
-0.0398958102
-0.0468422771
0.100906849
0.0695873946
-0.0551437438
-0.137962788
0.0660312623
0.0399846435
-0.00447390415
-0.120455705
-0.0469395705
0.0574520007
0.0666139424
-0.0813574046
0.129371375
-0.0123026697
-0.0617737845
0.0439457111
-0.0381679833
-0.0592736863
-0.00496516796
0.0415586159
0.0258073229
0.120439798
-0.0836055875
-0.0268982518
0.0949168727
-0.110260285
-0.00972134806
-0.0455007851
0.0788672939
-0.0252449028
0.140917212
-0.00737834116
-0.0728331953
0.0657440871
0.0387573168
-0.136231735
0.108949102
-0.0210502185
-0.0908165202
-0.14118886
0.0616357177
0.0628975108
0.11186251
0.183165804
-0.0826944485
0.0419135541
-0.0126106152
-0.05449076
-0.0480430759
0.0810452476
-0.138900012
0.0306547265
-0.0322969779
0.0399029218
-0.0112458467
0.0482392386
-0.0800967216
0.0916736275
-0.149717018
0.00107586849
0.0415228009
-0.176840723
-0.0194281805
0.0197649244
0.187250674
-0.023957422
-0.0201275181
0.13372983
0.0623528138
0.0137730883
0.0612821691
0.148023337
0.0569687411
0.164395511
-0.117532372
0.0175836571
-0.0597155541
0.0610387959
-0.133234173
0.0228589624
0.0651990324
0.056308493
-0.0326390602
0.0104410751
0.0747886822
0.00823582523
-0.0421277434
0.0026585781
-0.133679271
0.0423633307
0.074426502
-0.0508058071
0.0417342782
-0.0618726499
0.0187924728
0.0158320311
-0.0212298799
0.0923154801
0.0796879902
-0.0265721772
0.0759355575
0.0172457881
-0.0874470323
-0.020442158
-0.0921140537
0.0594464317
-0.0272356346
-0.059794087
-0.0787348226
0.104515038
-0.024191143
-0.0463467389
0.00506074075
0.0127577018
-0.0715409443
0.0351277962
-0.0250054654
-0.0541408099
-0.040394932
-0.000584645255
-0.111407347
0.056740623
-0.132046804
0.0174143948
0.10151232
-0.0282017235
-0.094866544
-0.0388419777
0.130710408
0.00498121977
-0.032209076
0.0773129389
0.130937502
0.0962465703
-0.0193428081
-0.0125841415
-0.0346949175
0.108771451
0.119150341
0.05725234
-0.022686217
0.0397702046
0.132000729
-0.0892543867
-0.0357813649
0.15908815
-0.0799151435
0.116997726
0.0152566433
-0.00597838219
0.0193113368
-0.0481401719
-0.0260386802
0.0399781689
0.0310473628
-0.0384602956
-0.00977632776
-0.0117367283
-0.0570896529
0.0627892911
-0.00797384698
-0.0959140733
0.100970551
-0.0669691786
-0.0459063761
0.0859151334
-0.113186032
0.0308088567
0.156202465
0.0193917863
0.0169833899
0.0704026371
0.0328818001
0.0667954683
-0.00223823357
0.0986494571
-0.0640486404
0.0699693486
-0.043925941
-0.0508735664
0.00884842034
-0.00835953094
-0.086620003
0.0866815671
-0.0205653235
0.0936919451
-0.0834051669
-0.0322451331
0.0504120216
-0.0289534535
-0.0147292232
-0.0763897076
-0.0756739005
-0.0178904869
-0.0335660651
-0.0162178278
-0.0400242619
0.0514818728
0.0485572033
0.00930719823
-0.037995059
0.0916788355
0.000747753249
0.0858574808
0.0202274397
0.113742895
0.0300984234
-0.00768238585
0.119547687
-0.0274897236
0.0414918885
0.100983396
-0.0799659044
-0.0603319779
0.113124199
-0.133461326
-0.0111779282
0.0536353737
-0.00118790416
0.0710357279
-0.0100375572
0.0427681729
-0.0212014876
0.0133652091
0.0630003363
-0.0313562155
0.0613897406
0.00161076325
0.01500946
-0.037588641
0.0647755042
0.0593157113
0.0181054734
-0.0530996844
0.10328687
0.0179640204
0.00168000883
-0.175215989
-0.018792836
0.0612443686
0.0586930215
-0.0354010276
0.0120916571
0.0735705346
-0.0498681143
-0.0813348815
0.0710960478
0.03356383
-0.0226259734
0.00961250532
0.0231506638
0.056388434
-0.132070258
-0.0655375049
0.00703114457
-0.146159887
-0.0599224307
-0.0853326172
0.0679566786
0.165250778
-0.0586116798
0.0762854144
0.0928367078
-0.151157647
-0.070570454
0.134018183
-0.178156823
-0.0187406931
-0.0242289472
-0.0586730912
0.100418493
-0.101226203
-0.0188277587
0.0834270418
0.0952508003
-0.106178142
-0.0608352534
-0.0193608925
-0.0624433085
0.0608195961
-0.0945057422
-0.167133331
0.00500737829
0.101272158
0.0739657432
-0.0228810497
0.0518097654
-0.0086918883
-0.054582417
0.0469314195
-0.0245045498
-0.109382823
0.110459983
-0.0681660026
-0.140833542
-0.120569609
-0.0266157165
-0.0407411456
-0.0461599976
0.0107291574
0.0336822085
0.0343773477
-0.0295766536
0.0208911765
0.00178613444
-0.0299394485
0.0505743101
-0.0420588665
0.023191873
0.0775675923
0.0651566014
-0.0835141242
-0.028067356
-0.0235946774
0.128005415
-0.0374130793
0.0340507925
0.0844601989
-0.0596291795
0.122294769
0.00817276351
0.128407404
0.0478496999
-0.0834662765
0.159168839
-0.0915132239
-0.0563839003
0.000207813559
0.0295031369
-0.0811695084
0.0638791174
0.000947928173
0.115888506
-0.00295800716
-0.0987903848
0.0739876479
-0.0184872709
0.0623985156
0.102439567
0.0513243265
-0.00242515979
0.0904776305
0.0255400408
0.046471227
-0.0252161231
-0.00219274545
0.013215526
-0.0931079835
0.0289506987
0.0380931757
-0.0383719578
-0.107210472
0.118031837
0.0215773378
-0.00876755361
-0.0874455348
0.0215389617
0.0165353026
0.0732201412
0.151634634
0.0158361848
0.0394595787
0.0384641066
-0.214275688
0.0402481593
0.0199691392
-0.0267685764
0.0389023013
-0.0722213686
-0.0760883912
0.0242804289
0.0655443966
0.015924247
0.0557495058
-0.0425304957
0.101811588
-0.00974384416
-0.0119447978
0.0499521829
0.129376099
0.0662448704
0.05471313
0.0327586606
0.122020781
-0.0651475862
0.0828691274
-0.0368417874
-0.125417173
-0.0662620291
-0.0707025826
-0.0656301826
0.00544593437
0.0515729822
-0.127463073
0.127488405
0.0322131589
-0.00731281843
-0.0553441867
-0.103970207
0.114952542
0.00301665207
-0.0378893949
-0.0615984537
0.100527793
0.197576329
0.156477511
0.0569412522
0.000475288427
0.0816914365
0.0391525254
0.143439606
0.0112237195
-0.00203898223
0.113361426
0.0799318776
-0.00526989205
0.155065075
-0.116348065
-0.0276754964
0.0681202784
0.0284071174
0.0674152076
-0.0784076303
-0.00809319783
0.103284314
0.111863218
-0.0221545827
-0.00687663816
0.133698925
-0.00744740805
0.0491864644
-0.0556227006
0.00772202108
0.0379199274
0.00524903368
0.0193394665
0.0840307921
-0.0879654959
-0.0112723643
0.0252208486
-0.148096249
0.0216502156
0.114970684
0.0677387193
0.0287832096
0.0262002144
0.0861357898
-0.0226306655
-0.0331176668
0.0605757311
0.129415542
-0.11201033
-0.00179859728
-0.0117697269
-0.0251797941
-0.0866178423
0.00649420265
-0.0665308833
-0.114408948
0.074797675
0.0538551025
-0.0916702002
0.0638239235
-0.0290672854
-0.0764998272
0.074091658
-0.113748789
0.0830317512
-0.0824876875
-0.0513758138
0.112489291
-0.0312197246
0.0597625226
-0.0296107791
-0.00390900299
-0.028475469
0.00188663218
0.0658736676
0.0144066503
-0.130177617
-0.0972685739
-0.0911761895
0.00754769146
-0.0181265585
0.0560306385
0.0430496484
-0.0374131575
0.0378854685
-0.0711515769
-0.149507314
-0.00614732597
0.120774798
0.101258084
0.00773374643
-0.163716242
-0.0411623344
-0.0223805513
-0.0975516364
-0.0300304741
0.0778066143
-0.0395728871
-0.0568010285
0.0574019179
-0.183421329
0.133994609
-0.0456483811
-0.107135721
0.145469084
-0.00748294592
-0.00512952451
0.0499760546
0.0532984585
0.144568518
0.0114219906
0.00225674198
0.0948739797
-0.0352817327
0.0267534666
-0.0450198203
-0.0690607131
0.12095236
-0.0524271689
0.0750238448
-0.0324224904
0.0815989301
-0.0854095221
0.0301803593
0.00408943743
0.00653205998
-0.00405308604
-0.105569661
0.148048565
-0.123868532
-0.0389324911
-0.0137454681
0.0408877023
0.0881926864
-0.155036747
-0.0780843347
0.0946233794
-0.0229884852
0.0238518361
-0.160973117
0.0613161884
-0.0485427529
0.10648632
0.0488848984
0.0200299732
0.0125125721
-0.032084167
-0.0865205601
-0.0938970149
-0.112488538
0.0667094514
0.103630662
-0.0384561308
0.0312459283
0.0402489305
-0.0045583453
0.137597606
0.0790851265
0.0141390925
0.0780356973
-0.0234257765
0.0513133295
-0.00434865383
-0.143449262
-0.0458147079
0.080321461
0.0222747363
-0.0241923034
0.0306697749
0.0569342151
-0.0973716825
-0.0513864383
-0.0353013761
0.0012627861
0.0153324986
-0.0800013691
-0.0309637506
-0.0369159356
-0.0563232452
-0.0728900358
0.115216106
-0.012606008
0.0532125495
-0.103298582
-0.0851590559
0.077988036
0.0926374421
-0.0737537146
0.0622396357
0.0917179212
-0.0570306256
-0.0902132094
0.0803216472
0.0542601421
-0.111096166
0.048754029
-0.0269142669
-0.0175147019
-0.00842813961
-0.0816158727
0.00288324337
0.0476783812
0.0610318333
-0.0806260407
0.0593608618
0.110656761
-0.149869367
0.099808909
0.0170065444
-0.00830915757
0.0696435347
-0.0433099307
-0.0262713768
-0.0532020479
0.0450031348
-0.0376796275
0.037242014
-0.00548224477
0.0311201289
-0.149432614
0.0517530367
-0.00442922767
0.102588445
-0.0285226051
0.106570162
0.00428166334
-0.0422633179
0.00267904112
-0.00503314193
0.0558279343
0.115160711
0.0152433226
0.174013078
0.042896267
-0.079486683
0.0169852413
0.0735218674
-0.0871500075
-0.0807633027
-0.0937642381
-0.00789062586
-0.103685446
-0.0293678716
-0.00684013637
0.032670293
-0.0686159283
-0.0788777322
-0.0764851049
-0.0681336746
-0.0103193689
0.0735909864
0.0156746041
-0.0756320879
0.180691585
0.088908717
-0.0752973408
-0.0847297236
0.030175386
-0.0259738863
0.105950318
-0.0763921365
-0.170163959
-0.166926518
-0.0959238634
0.0234535933
-0.00856401213
0.0711448267
0.0206293985
0.107891686
0.135987341
0.0443544947
-0.057232935
0.0888770446
-0.106356427
-0.197886169
0.0527385511
-0.150602072
-0.0735350773
-0.0779550746
-0.0205620509
0.0447990038
0.0620906204
0.0488001183
0.100378163
0.091771245
-0.0529183298
-0.0519840792
-0.0632584915
0.0150237838
-0.103002749
-0.0593497232
0.0446185507
-0.0488069467
-0.0100789266
0.0878112912
0.112241782
0.0674199536
0.0644911081
0.0680810735
-0.0436992794
-0.00716341287
0.0587334596
-0.0367879011
-0.161961541
-0.00219197921
-0.137198776
0.0634806752
-0.0365568288
-0.122304171
-0.0409176275
0.146181598
0.00196648133
-0.135160074
-0.0161578748
-0.0174476206
0.0651395917
0.0680745542
0.0392640978
0.023390552
-0.0679350048
0.0727268681
-0.111225836
-0.0990426764
-0.117905535
0.142214403
0.0168063417
-0.203349739
-0.110616706
0.148939624
-0.0922403038
0.0466575995
-0.093041271
0.0834057331
-0.00763555709
0.136496723
0.0277197603
0.020533869
-0.014193777
-0.0522527248
0.120886542
-0.0524967052
0.031210307
0.0200973637
-0.00231821765
0.11816287
0.0789295882
0.0549917594
-0.0591550209
0.158665344
-0.0493440852
-0.0724168047
0.0812820569
-0.0984085426
-0.0358897112
0.133220077
0.0211258456
0.0545709357
-0.0257008318
0.0130797783
0.00077724678
0.145136848
0.129481599
0.113114864
0.053903345
-0.0277116727
0.0868244097
-0.0450295173
-0.0808551237
-0.00148056622
-0.0881422386
-0.0498781726
-0.126987502
0.0579387732
-0.0891162157
-0.109738611
0.0727984384
-0.00348270917
0.0891900584
-0.0371109731
-0.0321510434
-0.085243091
0.111183412
0.0174797736
-0.0743079111
-0.00323750125
0.0982992351
0.0616256781
-0.0216290411
-0.028414866
-0.0651759952
-0.125234812
-0.0460445248
0.0896953121
-0.111246519
0.00489293784
-0.0236792136
0.0157817714
0.16714099
0.0283061806
-0.0664159581
0.0693107471
-0.0507479496
-0.0741886944
-0.0119836619
0.0251385439
0.0618969239
0.0922322646
-0.0134506151
-0.0873558447
-0.0504030772
-0.0711975843
0.086787425
0.0287156124
0.00755768642
0.064023681
-0.0414463803
0.0121114943
-0.035733711
0.109595113
0.128370792
0.119244605
-0.0612942241
-0.0283924285
0.0167682543
0.0520230345
-0.0500856638
0.110749729
-0.0693791211
-0.109797031
-0.0178295523
-0.114767127
-0.042147018
0.0273696017
-0.100772515
0.0657420158
0.0208998285
0.065380089
0.0113664651
0.0372678638
0.126892477
0.0516627356
-0.0261991806
-0.0675910488
-0.0768562853
-0.00038894199
0.0142135471
-0.025809953
-0.0433676764
-0.156858653
0.0770267695
0.0876133889
0.0373557247
-0.011484338
0.0694623142
0.00627850974
0.0171143971
0.00779553177
-0.0262610205
0.0303249415
-0.0711602867
0.0134627232
-0.0730532333
0.0469823889
-0.0433114246
-0.111011535
0.0938051268
-0.0234103277
-0.00853362028
0.00858039875
-0.0281448495
-0.0504902229
-0.0557049252
-0.140631571
-0.0783468708
-0.0100147324
0.0383241251
-0.1409491
-0.00753880013
-0.130191773
0.0342086442
-0.0731865391
0.0110992929
-0.0394803546
-0.0611372478
-0.0451173335
-0.0769478604
0.0685569718
-0.0977933854
-0.124195367
-0.0936414674
0.107496783
0.000435988273
0.0937526673
-0.0363083258
0.0857617855
0.00248260843
-0.0207467135
0.0836923271
0.0470639095
-0.0466229096
0.0500466563
-0.122784607
-0.0281392168
0.0824435353
-0.0496761017
0.0357436985
-0.0190231781
-0.0712828115
0.0910191238
0.0679122433
-0.161944255
-0.0775013193
-0.0515139326
0.0763268843
0.0424753092
-0.0315111727
-0.0360213518
0.131814718
-0.0757774413
0.151067078
0.0523561053
-0.0335289091
0.00447182311
0.0303806346
-0.148000836
0.0139783304
-0.0805760324
-0.0554306991
-0.0590181053
0.0324480198
-0.0499488004
0.00868676323
-0.147513539
-0.0234446377
-0.099263221
0.0231604427
0.0831288099
-0.0384009965
0.0618085377
-0.0281460974
0.069142729
0.0172828026
0.0715206563
-0.00479019387
-0.0914453492
0.00419101585
-0.055909466
-0.152760133
-0.123136021
0.134535983
-0.080118522
0.00433688005
0.00984024536
-0.00546115357
0.0403078087
0.0515011922
-0.0927001983
0.0818890855
-0.109174646
0.0309961289
-0.0253313351
-0.134507403
-0.0797501504
-0.0794781744
0.0174738206
-0.0367565826
-0.0255839061
-0.000131614535
-0.101790302
0.0502749458
0.0621546358
0.14494507
0.0837265924
0.00642009312
0.0396363698
0.0414342098
-0.0695957989
-0.166914508
-0.116504118
0.0956236348
-0.122149512
-0.0249680784
0.0128168529
-0.0584791265
0.0478828549
-0.0374610312
-0.0108089661
-0.128443375
0.0906774253
-0.0485163331
-0.0279445183
-0.11084453
0.114112325
-0.0956599414
-0.0968907475
0.0700887069
-0.0223668478
-0.184840336
0.0664012954
0.0393953212
-0.0590505339
0.0714300349
-0.0553498715
0.0759626627
-0.05927426
0.000305404945
-0.00719204545
-0.032782536
-0.025254244
-0.0426289253
0.132554129
-0.111957252
0.0642752871
-0.0736749917
-0.0336245187
-0.0322532654
-0.0605161078
0.0634153485
0.00440000417
0.086969927
0.0580929555
0.060707625
-0.0449060127
-0.0150311338
0.0584698245
0.0907135084
0.0812383816
0.0195286702
0.036943689
0.037452586
-0.105535284
0.00686249556
0.00174995919
-0.0655615479
-0.0243799482
-0.0658618212
0.0951271728
-0.0517556928
0.102249257
-0.0404583029
0.0592639856
-0.00939603802
-0.0819657445
0.0640041307
0.0127066197
-0.0126361772
0.0326130651
0.0312927626
0.0712882727
-0.0617196932
0.0400035866
0.0690856427
-0.0350373089
0.000209349237
0.0348206684
-0.105266832
-0.0660084486
-0.00507979561
0.00994837098
-0.0180053879
-0.0267673824
0.0500383601
-0.0963866338
0.114512071
0.0220276359
0.0391927958
-0.0110907154
0.0777402669
0.0238663461
0.055289939
-0.00835201144
-0.0625500083
-0.031608168
-0.0760922432
0.0812358782
0.00113256101
0.0543338545
-0.183569416
-0.106141783
0.0378331318
-0.0442625098
-0.0850180835
0.0630422607
0.0497446917
-0.00885478314
0.0134586375
0.0243123006
0.0277781934
-0.0138270073
-0.0564276613
-0.0328492299
0.0203987006
-0.0801511481
-0.0823976994
-0.0912852511
-0.0896264985
-0.0429180786
-0.108282819
-0.0933002979
-0.0873264074
-0.0387045182
0.0666214451
-0.0318325981
0.0183551107
0.0651768073
0.0683344677
0.0240046047
-0.0170207415
0.0316144563
-0.0653673336
0.0101586478
0.00628812565
-0.0298276972
-0.051593069
-0.032357987
0.0600061975
0.0391623192
-0.0359919295
-0.109199986
0.000895714038
0.147088215
0.0379826874
0.0383214988
0.0485298745
-0.00071031187
-0.0893564299
-0.034127906
0.0791082531
0.0859867558
0.0856525898
-0.145147219
-0.0270700809
0.119801916
0.0579865389
-0.0529454313
0.0899522379
0.0897004008
-0.0720712468
0.0243413877
-0.00674325414
0.103603326
0.0926809683
0.0918197036
-0.0474055894
0.1274589
0.0790704042
0.0116039189
-0.0466969907
0.135834143
0.0667821467
0.0620150194
-0.115439236
-0.111435696
-0.079454802
0.0483101122
0.0633963719
-0.0598486476
-0.0209779572
-0.00532855513
0.0480701141
-0.10134197
0.0955553651
-0.127131745
-0.0482381731
0.0700063705
-0.0473323613
-0.0631748512
-0.048170656
-0.0752217099
-0.0760659724
-0.0747155324
0.130899578
0.0588396452
-0.0934930146
-0.0036559666
-0.141765341
-0.0263703559
-0.00378026417
0.0821384341
0.0574764833
0.0442057811
0.122697264
0.144992992
0.0152615318
0.149912924
-0.00383969094
0.0407541618
0.128506839
0.0249326769
-0.0776090994
-0.000792862847
0.0340513662
-0.0828624889
0.0679720715
0.0360584743
-0.0272595622
0.0600729696
-0.09616822
0.000358556048
0.0449512601
0.0532999374
-0.116899766
0.116533622
-0.00369658484
0.0901238099
-0.0354933254
0.0804615393
0.0571407564
-0.0052014417
0.0776940063
0.110576518
0.0114318971
-0.101938128
-0.0330755822
-0.066819869
-0.0624486022
0.115842953
-0.0256820694
-0.110456288
0.0965808108
0.174835384
-0.0139850704
-0.0218568183
-0.0274059046
0.00747808814
-0.0324995294
0.117230676
-0.00728678005
0.0566920713
0.0114443256
-0.022536194
-0.0855621547
0.0705201551
0.0281902142
0.0272737052
-0.00452955393
-0.0474257171
-0.0532670207
0.111972556
-0.0269088745
0.0190081298
0.0339505784
-0.0783256143
-0.0233394299
-0.0298245009
-0.0304743554
0.0282604247
0.0528540276
0.00604136242
-0.0682250261
0.0585854128
-0.010738167
-0.0578459501
0.119216092
0.00609484268
-0.0839977935
0.0372465514
-0.0979429409
-0.0185537525
-0.086125128
-0.0333166048
0.0502253361
-0.0432651788
-0.0810584649
-0.0759892017
0.0738041475
0.0665222555
-0.105418958
0.0897357762
0.0774081424
0.0518270656
0.0134119513
0.0403169878
0.0544095561
0.0629653037
-0.0483661331
0.00274112029
0.0117062237
-0.0211992506
0.0640916377
-0.108912617
0.0624499731
-0.0677730963
0.0215052813
0.0471400172
-0.0787773877
-0.0492624752
0.0199265182
-0.0236665718
-0.0801222473
0.102402419
-0.0464419425
0.109306052
-0.0037311397
-0.104933038
0.023357695
0.096996367
0.0680487528
-0.0238294452
-0.0324359275
0.0352340266
-0.114471793
0.00936301239
0.0975032225
-0.129021794
-0.0450557172
-0.113976821
0.00284145633
-0.127500653
0.126216874
-0.011307857
-0.0874068886
-0.0459572263
0.0561136492
-0.0953095183
-0.0695864335
-0.000475213368
-0.0230675079
-0.0405930467
0.0495369807
-0.0303039979
-0.0136826308
-0.117485859
-0.0340508036
0.0229530968
-0.138525918
-0.0441382639
-0.103177942
0.0436257906
-0.0576438643
-0.0488406196
-0.0783365369
0.0990511551
0.084730342
0.0118990568
0.0570406392
-0.0245077182
-0.0102471178
0.0611993037
0.0613034181
-0.00844106823
0.0832119435
0.0358008295
-0.0610597916
-0.0910707861
0.013333152
0.0143961655
0.0191134308
0.0389371775
0.0923603028
-0.0763173699
0.0825871676
0.00143743772
0.0208241548
0.00320194359
0.0593461432
0.0869653374
-0.0562323369
0.00254095299
-0.0566315912
-0.0361811295
-0.0260753352
0.0890735164
0.0863675326
0.0263008457
-0.00415471615
-0.11025463
0.00509653427
0.0344309136
-0.081696175
-0.069686763
0.0512077212
0.0211063102
-0.0254021473
0.0814768374
0.0624315515
-0.0041311197
0.0715091601
-0.0403410494
0.034431044
-0.0357138142
0.0903538391
-0.136915192
0.0194068421
0.0860843211
0.0864765048
0.107707173
-0.0159346722
0.0990520716
-0.0456611291
-2.04059943e-05
-0.0783466995
-0.114427902
0.0485073924
0.0749653876
0.0139497174
-0.0354061238
0.135678083
-0.0394732431
0.029948825
0.0146826226
0.0598764941
-0.0826368034
0.0820518285
0.0742353946
0.0188981518
-0.0794986412
0.0671073645
0.130723163
0.0269570593
0.0822056234
-0.016360905
0.147111848
0.0521000847
-0.0348631293
0.138253212
0.0080827279
0.0663713291
0.14975135
-0.0754992887
0.025897501
0.00889694411
0.103010155
-0.0349707752
0.0409253165
0.116198309
0.111522697
0.0724700242
0.0839910731
-0.0519082099
-0.0357834548
-0.00652805157
0.0635605305
-0.0379185006
0.00973180588
0.0871422887
0.00524457498
0.128032386
-0.0314048789
0.00433443533
0.0322928131
0.0519189313
-0.00505446922
0.0716520399
0.0673289523
-0.0827250034
0.116467945
-0.0973973498
0.0447799899
-0.128708184
0.0351160541
-0.0387946926
-0.199639872
-0.0961204544
-0.0695920959
-0.0125106908
-0.0783172399
-0.0828992426
0.00513345655
0.0628025532
0.0222250484
0.028467983
0.0111965062
-0.0417770594
0.00287309685
0.0167033989
-0.0375060812
-0.117629722
0.0712252706
0.104334131
0.0775034428
-0.0113773113
-0.146690875
-0.0170605052
0.0272829197
0.0937569365
0.0659965873
-0.0943808183
0.0861501172
-0.0921831056
0.0534860119
0.00341395661
0.059566427
-0.0370779894
0.0276978761
0.000931596966
-0.129264966
-0.0476283804
0.0351070315
-0.086104162
-0.0785306171
0.00813734904
-0.0199224595
0.0978707671
-0.0467824824
0.0512456857
0.0634869337
0.0900034904
-0.0462589189
-0.00508786459
-0.155230835
-0.0618384704
-0.0543726645
0.00957029499
-0.00713294232
-0.0148627479
0.102382638
0.0762775391
-0.0288410559
-0.0541852899
-0.0487584807
0.0742868781
-0.0873060301
-0.0864755437
0.0840206072
0.0794155821
-0.0130030615
-0.00216025463
0.0914038122
0.119619474
0.0424690433
0.143925846
-0.0357700214
0.0430981256
-0.0479007512
-0.108283892
-0.092587322
-0.0687213913
-0.063174136
-0.0570128001
0.0282170493
0.122637473
0.0303357262
-0.124785654
-0.00107235403
0.141177177
-0.0338723287
0.0963257775
-0.0936548635
0.0893098414
0.0831558183
0.0173130911
0.0379887931
-0.0239624307
0.120343558
0.0187893119
-0.0405808948
0.0607343502
0.00463042222
0.00441211276
-0.0130615095
0.00318746758
0.0420236476
0.177574232
0.0567380488
0.0384228863
-0.110613041
-0.00172612083
0.129322544
0.177865893
-0.113391027
0.0523712113
-0.0017150254
0.0701014549
0.0446974337
-0.0980495512
-0.128934041
0.123841457
0.00300056231
0.0543600358
0.0326137319
0.0728603378
0.13030681
0.0524653159
-0.0176921431
0.144804507
0.0859628469
-0.00660345331
0.0394684188
-0.0930700451
0.1252525
0.074279353
-0.0547396429
-0.109102517
-0.0229107104
0.037276268
0.206396192
0.0393744968
-0.0257849153
0.0913466662
0.163485512
-0.087575376
0.0305133909
0.106581166
0.0041929204
0.0188855752
-0.0393905826
0.0804496184
-0.0250343774
-0.132390946
-0.0473602526
0.0989161953
-0.0349041633
0.0443981737
0.184395686
-0.0403521769
0.0910694897
0.00438391557
-0.134746298
-0.0130078392
-0.0145545695
-0.0251683127
-0.0473210178
0.0962980092
-0.10972017
-0.108956538
0.00381169771
0.0297189783
0.0944463164
0.116073884
0.0330882072
0.0559369922
0.0670701563
-0.0473715104
-0.0181843676
-0.0406518877
-0.117111109
-0.102578521
0.14157857
0.0534860156
-0.0544786379
-0.0781949088
-0.00602615997
-0.0968995541
0.0987560898
0.0305004288
0.0534742996
0.0310621504
0.00811384525
0.0469825491
0.151449263
0.0224120189
-0.0185585581
-0.0325403214
-0.0166964326
0.0460281521
0.0317153484
0.0616888776
-0.0619082265
0.0112521118
-0.131927043
0.109314837
-0.0451988913
0.11735975
0.00330908759
0.0238459464
-0.0681909323
0.0388885103
-0.142759636
-0.1051144
-0.0386143401
0.104630575
0.113120034
-0.0700065866
-0.100686699
-0.072886847
0.0276321117
-0.0529023781
0.0577862188
0.0824395269
0.051846534
-0.057880234
0.0561581776
0.0849195942
0.0598797798
0.103110954
-0.0564597286
0.00140540383
0.0829513893
0.157724768
-0.0054998002
-0.107962385
0.084376961
-0.0341536067
0.0580638647
0.11030364
-0.0964285657
-0.0274834689
0.0207846425
0.110177562
-0.0438694358
-0.0954312161
0.111747615
-0.0753442496
0.0618888102
0.0878248438
-0.0727978945
-0.122481517
0.0381926373
0.114867754
-0.0481141768
0.0864134654
0.117378704
-0.0633440167
0.059370216
-0.0277347304
-0.0324027464
-0.0739263743
0.0365524292
-0.00114768255
-0.0505829267
0.00392050995
0.115995318
0.011186854
-0.023553405
-0.0716253519
0.0133012729
-0.0740730464
-0.0477435626
-0.110799693
0.0292592924
0.0147356298
0.0580942109
-0.0207271222
0.0319538414
0.014255642
0.0762802362
0.00462093484
0.106413856
-0.120869368
0.0243169237
-0.000233143292
0.043610204
-0.0525418408
0.00859174598
0.0350923389
0.0227168482
0.0212373957
-0.110477023
-0.0775120631
0.0839491114
-0.0576930232
0.0270854998
-0.0884722918
0.137845129
-0.0088571934
0.0141108492
-0.0235387161
0.0867548585
-0.0348278433
0.0524839014
-0.0646361411
0.0352061279
-0.00250473828
0.0056556114
0.00834343769
0.0987561867
-0.0454343781
0.111026496
-0.0177463982
0.0854266584
0.0344781391
-0.021957783
-0.104164392
0.0383991674
0.100967422
-0.0432941131
-0.0206923597
0.151360184
0.110987283
0.0738374591
0.03519319
-0.0546698086
-0.0502500795
-0.0965453088
0.0528218858
-0.157079443
-0.0976341069
-0.0399735235
-0.0102444747
-0.024929326
0.0687046722
0.0100406064
-0.0657688379
0.0379566401
-0.0638641715
-0.00749930926
-0.00541862054
-0.00577830477
0.0194844995
-0.0827230439
-0.0218713116
-0.0102370614
-0.000304150744
0.0728200674
-0.0317973942
-0.0267937724
0.0443710238
0.0334672183
0.176265061
0.105780087
0.0569942854
0.0235853288
0.0759677663
0.0575412512
0.0152537003
0.0634965375
0.0822719708
0.0808833912
-0.103445984
0.00626490451
-0.156889513
0.0252159666
0.146283999
-0.102936044
-0.0920082033
0.0606433228
0.0263015963
-0.0185051374
-0.0556639917
0.0941984504
0.109221227
0.123744443
-0.0551082715
-0.0740859881
-0.0252020247
0.086965926
-0.0549377389
0.0663680285
-0.0357026421
-0.00268792105
-0.0667953789
-0.0610475317
-0.0439575687
0.117367834
0.0884547159
0.0625761226
0.0422666855
-0.0516120829
-0.00425740099
0.00503443135
0.1059203
0.00652864808
0.173903659
-0.0203586891
-0.0225643367
0.00589944609
0.00319151557
0.0140749412
0.0818390995
0.00608528266
0.0275818799
0.110206611
0.0858881101
0.0744159073
-0.104998767
-0.099848412
0.193453819
-0.0820565745
0.0920602977
0.100272842
-0.0181225669
0.0474793501
-0.0132908011
0.0498635359
0.011849069
-0.0369879492
-0.0243631676
-0.0438950174
0.0624343306
0.0350208879
0.0559557155
-0.0840401947
0.0384275615
-0.0452034287
0.0433292836
-0.0785783678
0.101059653
-0.0571675785
-0.0377815068
-0.00177715567
0.0412818454
-0.0803429559
-0.0337844826
-0.0598201677
0.0337994806
0.0780781433
0.0564691499
0.0648914501
0.0397474319
0.0222512428
0.0473021679
0.0399028696
-0.0109445453
0.149584651
-0.0006096203
0.0295481812
-0.0150165912
0.0767516121
-0.0568108112
0.0148763228
0.00473375339
-0.00840014685
0.0237050112
-0.0127325607
0.0481693074
0.0677149743
0.08671128
0.00624651788
0.0232706778
-0.0618519634
-0.0306861512
-0.0899826884
0.0908391774
-0.0564840734
0.0031084842
0.032111261
-0.0677297637
-0.0371207632
-0.0130783198
0.107698455
-0.0520368144
0.0814519525
-0.0320770927
-0.0695765764
-0.014613675
0.0635114461
-0.0151268244
0.117888458
-0.0462954268
0.0891286805
0.118475378
-0.0698438808
0.0119573614
0.0830342546
-0.0185474418
-0.0314452797
0.0171519499
0.019761119
-0.00293008401
0.0480380505
-0.0118416212
0.113066316
-0.0155821405
-0.0223976616
0.124827303
-0.0930808336
0.080614917
-0.0168138202
-0.0483098589
-0.0281937271
0.00979708415
-0.0377976708
-0.0161588378
0.0568246134
0.00834662467
-0.0480345339
0.0892658457
0.0732662082
0.00968309399
0.0356058218
0.122298859
-0.121576779
0.00535333622
0.0706047714
-0.0217065532
0.047882285
-0.0572973415
0.0806659833
-0.0864676163
0.0931781903
-0.102530673
0.0701629743
0.0973889306
0.0803550854
0.0962951928
-0.0581400283
-0.0468452275
-0.0262663402
0.113502264
0.0503069386
-0.0122893676
0.0815840289
-0.0575078279
-0.0664935037
0.0602894239
-0.0282040741
-0.0074063167
-0.0373283699
0.0397286117
-0.0953901857
0.0479623377
-0.00192065258
-0.0837367103
0.0357701257
-0.0482165739
-0.0224847514
0.0452159084
0.0607362315
0.0367078036
0.0533401221
0.164544284
0.0721699595
0.0262519103
-0.0384591147
-0.0444902852
0.00415546261
-0.0195870996
0.0462709069
-0.023549132
0.02881434
-0.120014548
0.0788200125
0.00738463877
0.127989233
-0.0537286587
0.0573485047
-0.0442449749
0.0711427107
0.102787599
-0.00233725831
-0.000602320128
0.101814486
0.0303801727
0.0576221049
-0.0689808503
0.147874713
-0.0427339114
-0.16016309
0.125839949
-0.123152696
0.089478232
-0.0681868196
-0.00482379459
-0.0167130809
0.161910281
0.0695905536
-0.0320778266
-0.0744658709
0.0820776895
0.0247962158
0.113532767
0.0441934392
-0.0124155227
-0.0145945568
-0.0548816845
0.0269470457
-0.0114952661
-0.0210263599
-0.00782073662
0.0555300228
-0.0554389916
0.0816104189
-0.0199936312
-0.0664743707
0.156699568
0.0117497351
0.00553584425
-0.0342671648
0.0318930782
0.0509515293
-0.0987066552
-0.0689157471
0.00332037802
0.0275807697
0.111806601
0.0712173283
0.0894251913
-0.118758798
-0.0166604146
0.178129941
0.13408722
-0.155733079
0.0313777328
-0.0975684375
0.0896601677
-0.00394005794
0.0448293984
-0.129295513
0.0740558878
-0.00878922082
-0.0608771145
0.0288322568
0.0244819801
0.0029449272
0.132639423
0.141810507
0.0326829925
-0.0581594892
-0.000668779481
0.109090321
-0.149515748
0.0930482745
-0.0635081232
-0.0514213368
-0.017020531
0.0293524265
-0.02920199
0.165391833
-0.125153363
0.1083472
0.0700349212
0.180914894
-0.117132008
-0.00221344549
-0.0745473057
0.0985608995
-0.00825665891
0.140227005
0.0384107418
0.0624458529
-0.0631336719
0.0667199567
0.0208199862
0.102551043
-0.0586798713
0.0488453582
0.035583213
0.0454664715
-0.0100600505
-0.0454085395
0.0421456508
0.149459794
0.00917102303
0.0686959401
0.0958941653
-0.00318599073
-0.125453278
-0.000349478971
-0.0313939489
-0.0162605643
0.145813778
0.0107746888
-0.0381991379
-0.0361129753
-0.0167513397
0.0389434062
0.0168185253
0.0616207309
0.0319885723
0.0833720788
-0.0171426889
-0.0184815805
0.0429909788
-0.0290037952
-0.043779172
-0.0269729961
0.0536981449
-0.0349126309
-0.0848738253
0.0107246824
0.0835469887
-0.0238358825
-0.0638934001
-0.0343980268
0.0106041776
-0.155378625
0.0448645502
-0.107446201
0.0729306936
-0.113129362
0.0929914489
-0.0796851441
-0.0280393474
-0.0257991888
-0.142464936
-0.00720440038
0.0244637616
-0.0479353443
0.0429285504
-0.0329992361
-0.0879435986
-0.0898638293
0.0133352093
0.070390977
-0.0449343622
0.0156377405
0.06259197
0.0752166212
-0.0504604615
0.0242093597
-0.0797053352
0.113630198
-0.0402062163
0.0320199728
-0.0570241995
-0.045351997
-0.0456465483
0.021548856
0.0421460159
-0.0659238175
-0.0181186423
-0.0375060104
-0.0161141474
0.0500217341
-0.0572870672
-0.0238714255
-0.0528784171
0.110344708
-0.012548157
-0.0885251462
0.0583278686
-0.115958683
0.0952343121
0.0586508214
-0.140155271
-0.0459749699
0.0310871024
0.00420492282
0.0725766718
0.117248967
-0.121223204
0.0068171001
0.0198727325
-0.032902699
0.069571279
0.00390250329
0.032380864
0.0337693915
0.0543246567
0.147004738
0.00242329016
-0.0237430409
-0.0310008302
0.0731530562
0.0177319907
0.103421591
-0.0803144351
0.157669559
-0.0917560905
0.113285571
0.0253369939
-0.0386705399
-0.0684365407
0.153326362
-0.0858531818
0.0175279286
-0.0457917787
0.062217392
-0.0391570926
-0.0778611228
-0.050245069
-0.0441508442
-0.0495459028
-0.0304989703
-0.169090912
-0.031071011
0.0212077554
-0.0195841938
0.0590300076
0.0688819513
0.0574422702
-0.00745914411
0.0836412683
-0.0709101185
-0.0482870787
-0.128889963
0.0437030233
-0.0616575256
0.156868413
-0.0828981102
-0.0962873176
-0.0550722629
-0.0298058875
0.0515337884
-0.00606519124
0.113513924
0.0131004546
-0.00402471982
0.118840918
-0.0994491205
-0.125092506
-0.000500332564
0.0883089006
0.0440993719
0.0696692765
-0.151314124
-0.0401869789
0.0260823686
-0.0294830389
-0.0509346053
-0.0298217796
-0.0284093935
-0.011930475
-0.00653599016
-0.0270491447
0.0849388614
0.0545025244
-0.0186354201
-0.0973013714
0.0270395745
0.0541196801
0.0530285649
0.0234323721
-0.0447636694
0.0565470792
-0.0299091488
-0.021579314
0.119999833
-0.0724591166
0.0858655795
-0.0144307753
-0.0960025266
-0.0557994656
0.12067809
0.0333268866
-0.0548180826
-0.111654975
-0.0838587955
-0.0967518389
-0.0236614756
-0.0266359076
-0.0415645093
0.0754987672
0.042236533
-0.0785853937
-0.0924887881
0.125632465
-0.0683215708
0.00686803972
0.0974018201
-0.0353968181
-0.108205363
0.0469404645
-0.0479200371
0.000774478307
0.0220405757
-0.0613891482
0.0528408773
-0.0131186368
-0.0750477314
-0.0683487728
0.0849856213
0.0413264558
0.0254657697
-0.0325771347
0.104455478
0.0660962239
-0.146489903
0.109701239
-0.0286288876
-0.129542485
-0.109951153
0.0331386253
-0.0451292694
0.0257108901
-0.0897490457
0.0781460851
-0.0230330005
-0.167909309
-0.128087446
0.0280587655
-0.0379777811
0.0859008208
-0.0153824221
-0.060439188
0.131354317
-0.0533384569
-0.0635881275
0.10065899
0.0218626671
0.0655240566
-0.0208864193
-0.0154728321
-0.0721265152
0.00261915312
-0.0730927661
0.00229407428
-0.0260437503
-0.121270113
0.0544810481
-0.0342321843
0.0106906509
-0.0221202597
-0.0315158926
0.0361035988
-0.0228636619
-0.0427006111
-0.0739472508
-0.062716864
0.113626614
-0.0572734214
0.00141618634
-0.0626443028
0.0774447322
0.0633344948
-0.0712400153
-0.00916231703
0.0253763366
0.00264458964
-0.0568791032
-0.094772853
0.129040137
0.0334868953
0.0805382729
0.0468278043
-0.0248300433
-0.122471243
-0.0455362685
-0.137586102
0.0478101298
-0.0787345693
-0.137867913
-0.0738926306
0.0660138056
-0.0260157771
-0.0963436216
