0.109480999
0.037374936
0.019990854
0.0956178308
-0.0974955112
-0.0431378111
0.0166048426
0.0130250286
-0.0243582558
0.035290271
-0.0983120576
-0.141282082
0.0440468937
-0.0849581659
-0.0830774605
-0.0514093377
-0.0273103975
-0.115655482
0.0960097536
0.0725517496
-0.0451145358
0.0330353938
0.0780674219
0.062700294
-0.117132135
-0.049258925
-0.0580906644
-0.0596389137
-0.0813015923
-0.0456893928
-0.0882244483
-0.0690336302
0.033861015
-0.0688813552
0.132601365
0.0258462504
0.0663871989
-0.0799247622
0.002053109
0.11568819
0.0222910605
-0.00413893303
0.00827845559
0.0779237673
-0.103325248
0.0379410386
-0.0345052332
-0.0814499408
-0.00474917609
-0.0295297746
0.0251490436
0.00252729282
0.174635783
-0.0717853233
-0.059092693
0.0498419069
0.128913984
0.0389969088
0.0876106694
0.00718414271
0.000548523269
0.000518459943
-0.0823843628
0.104682744
