-0.119241253
-0.0454824679
-0.0714687482
-0.17206715
0.0809507072
-0.0164672919
-0.14548859
-0.0520393588
0.0039195423
-0.0227343533
-0.153418109
-0.0304246936
-0.0728762075
-0.0276129264
0.0135752624
0.0654583201
-0.00806033704
0.0602503046
-0.0176749714
0.115702875
-0.149449348
-0.131418809
-0.0717130378
-0.00900533795
0.0279879887
0.00790541805
-0.00112951442
-0.0535975099
0.173473343
-0.0996792316
-0.00900928676
-0.208211064
-0.00781640969
-0.0276273526
0.0475247093
-0.183100909
0.06561248
-0.0867093801
-0.152247816
0.00387809635
-0.105505258
0.0279004145
0.13019143
0.0375578143
-0.0114204539
-0.132069528
-0.13506189
0.0652306601
-0.0653461814
0.0895544812
-0.0630591065
-0.0774340257
-0.0264660884
0.176335797
0.00179929647
0.128921792
-0.0913300812
-0.0920255408
0.0951817185
-0.0895930603
0.0493748076
0.120912723
0.160347462
-0.0317797475
-0.0699999481
0.00491472101
-0.178822473
-0.108750187
-0.153736666
-0.10746035
-0.120548822
-0.0658048615
0.0222349148
-0.131175011
-0.0116654066
-0.0728844777
-0.156861782
0.0381709673
-0.115412131
-0.0591496415
0.0505733564
-0.123990804
0.066578947
-0.0726935416
-0.160562754
0.0933635905
-0.0284935925
0.0455167331
-0.060426604
-0.0450567566
-0.0840144381
-0.0632489249
0.0373960212
-0.00269590784
-0.235424668
-0.0317530148
-0.0588539205
-0.00507554831
-0.135247856
-0.0742561817
-0.0134683186
0.0165173206
0.0647127703
0.00656038243
-0.134065777
0.00303399307
0.0404462442
-0.0684498474
-0.0451885127
-0.0748654008
0.0129273459
-0.0763264075
-0.0701712221
-0.0417036936
-0.054271169
-0.0143547617
-0.139767453
0.00494609168
-0.00841310527
0.0518017039
-0.0535815693
0.0179241542
-0.103058249
-0.0544060431
-0.0544580072
0.0555114597
-0.0384817272
-0.0198215991
0.0454877354
-0.000301809341
-0.0558430515
-0.0988240987
0.101142563
0.024393294
0.0855672583
0.0132559817
0.00115850358
0.0483091809
0.0284050126
-0.00347901415
0.03171454
-0.0741384849
-0.0302809384
-0.0140413782
-0.000959891942
0.0990916267
0.0273080003
0.0069601452
0.0289558619
0.0657706186
-0.0331855938
-0.0234623123
0.0283190068
0.112116173
0.0285208151
0.0362910293
0.0342921242
-0.0865086466
-0.0416320004
0.0420181826
0.063187398
0.0245964192
0.0479767472
-0.0803087652
-0.0483749136
-0.137364358
-0.0954034552
0.0259531755
0.0681071058
-0.000663554179
0.00690514827
0.045795016
-0.049225986
-0.0317248926
-0.0829095915
-0.0394639298
0.00353217428
-0.0197308622
0.0514627919
0.0374797396
0.131510377
0.0721363127
0.0732807592
0.0205160324
0.0544314869
-0.0928815752
0.148637235
0.0551920086
-0.0498020053
-0.0732446462
0.0732727721
-0.0826541185
-0.0396272838
0.0826278478
0.0343743637
0.0834195018
0.11237666
0.15784508
0.216411158
0.205650866
-0.0506329946
-0.0151262004
-0.082537733
0.0556647852
0.100135945
0.142179072
0.0802773982
0.249668434
0.048139181
0.193820864
0.0256613884
0.0931257308
-0.0343783721
0.126020819
0.143647268
0.0574150607
-0.119509712
0.0353861675
0.0808879435
0.117405057
0.0462239385
0.106807411
0.184738278
-0.0305361785
0.0808960572
-0.0364271738
0.141953588
0.127407447
0.0659806803
0.150935009
0.166013122
0.287303716
-0.0737771615
0.102856897
0.0107567664
0.0920502245
0.0796134323
0.0815806165
0.0497938506
0.00400327705
0.0508225113
0.192034766
0.0745607466
0.188868091
0.0725411922
0.0464163348
0.132124573
0.0270257499
0.140716478
0.0108846277
0.0967018902
0.0141853588
0.123414882
-7.2970266e-05
0.143148452
0.135368928
-0.0115433093
-0.0678722709
-0.101280652
-0.163684875
-0.128923342
0.0577293448
0.0569605902
-0.037589442
0.0201484505
-0.0205605961
-0.112102352
0.0161897298
-0.16100274
-0.0131635815
-0.183225304
0.0398368612
0.038774576
0.0393552259
-0.0524586476
-0.0425278209
-0.0775664151
0.0957460254
0.0701338649
0.0267777387
-0.0965833738
0.0205287989
-0.0978960916
-0.0491556488
-0.0676824898
0.0439179987
-0.0565159582
-0.0626928434
-0.0790960714
-0.0998636484
-0.106186852
-0.0899285972
0.0110497847
-0.0339984372
-0.00300400401
0.0262426566
-0.124747165
-0.0448957086
-0.0210432205
-0.0488247462
-0.158774272
-0.0387314074
-0.0361586399
-0.0550193787
-0.00111360813
-0.00394114014
0.0784816593
0.0407274663
-0.104289547
-0.0055224332
-0.0206406806
0.0120018991
-0.215601951
0.0669292584
-0.0689870343
-0.0603617467
-0.0949156284
-0.154680192
-0.0577802099
-0.0384983234
0.015504498
0.126736417
0.11713244
0.0672357902
-0.0603186861
0.110426709
0.172593236
0.172899783
0.0254355911
0.171901375
0.178865522
0.072293669
0.152205065
0.0890914574
0.0526829734
0.113678493
0.0256405417
-0.00564811332
-0.0352552719
0.186427608
0.135964662
-0.134123564
0.0389835387
0.0894381553
0.0600908361
-0.0719688982
0.0136550497
0.0413427204
0.13226676
0.038154006
-0.0189539734
0.103489429
0.0446836874
0.00837354083
-0.0678796917
-0.0620164424
0.209903464
0.151630402
0.0619394518
0.060533043
0.105482772
0.0210331157
0.0211881939
0.0211156569
0.209380612
0.131266117
0.124191187
0.0772486553
0.128894374
-0.0326520205
0.0955834761
-0.0274018012
-0.0187737718
0.0250890963
0.0289403182
-0.0725051314
0.13052614
0.0229896866
0.114865869
0.0669527501
0.104234777
0.137353346
0.0257392209
0.073172994
-0.026304001
-0.0683968738
0.0514251143
0.0930886194
-0.0159801897
0.00461782562
0.13918972
0.118014559
-0.0273024756
-0.0602437295
0.147813946
0.00551624736
0.139569744
-0.0945505351
-0.0369119383
0.0690488219
0.0140541913
-0.0190640558
0.0872356296
-0.157761008
0.314062655
-0.00518472493
0.0926162899
-0.0463505238
0.0513562225
0.0478713624
0.057630565
0.0614053607
-0.000449862244
0.0159221869
0.0651281178
-0.00492767757
0.0566515066
0.0227112826
-0.0251623988
0.0455797762
-0.0499172769
-0.0227992013
0.102249332
0.0130415345
0.0686921403
-0.103299752
0.063955836
0.116232239
0.0407498889
0.0224146619
-0.088323772
0.0902911872
0.0422902107
0.103796698
0.0279548205
0.0523734093
0.00477184914
-0.0147607783
-0.0148288095
0.0721190497
0.0756320134
0.218084887
0.125411898
0.0549525917
0.0742397979
0.0563771836
-0.113573559
0.0379148796
0.0054076137
0.0869518295
-0.0344321541
-0.015880987
0.0360672437
0.0286120959
0.0306045189
0.0704531297
0.0174701083
0.0683111772
-0.102847874
-0.0268510673
-0.00803887658
0.10725908
0.0390353687
0.22566767
0.0218002759
-0.000682331622
-0.0966206491
-0.0632914081
-0.010849636
0.00169535296
0.0314767808
0.0469125956
-0.0886493176
-0.0421131402
-0.0111812269
0.138322756
-0.0033248479
-0.0314125791
0.0507278778
-0.0194261391
-0.0111130886
-0.0526312478
0.114417627
0.0756973997
-0.060310524
0.104153156
0.118540667
0.0564890727
-0.0640589446
0.0146691808
-0.051007174
0.035000667
0.0499566011
0.0257397294
0.0580751263
-0.106566437
-0.0272677932
0.0193388723
-0.0427221395
-0.0533510558
-0.0213977545
0.0874135196
0.066457659
0.00483962288
-0.118020825
0.00422295835
-0.0303722955
-0.0341631547
0.0672729686
-0.0672497004
-0.0634589046
0.188215792
-0.16597721
-0.102958135
-0.0624633133
0.0375969373
0.032117378
0.166512713
0.0937597603
0.00157138321
-0.02144574
0.0951426923
-0.0419641994
0.0054458431
0.0218746141
0.0352840796
-0.0968199968
0.0736918524
0.0133285774
-0.0137206642
-0.0596408769
0.0710982084
-0.0256031174
0.0405200869
-0.0092108231
-0.0896543413
-0.0803603232
0.00656729704
0.00503450399
-0.0544621274
0.0442251228
-0.027244946
0.044393003
-0.116318092
-0.0207691696
0.0318259038
0.00273468578
-0.136830986
0.0182706174
-0.0865073055
0.0185833666
-0.00755417487
-0.064486362
-0.0415408239
0.068443425
0.029734239
-0.018273294
-0.0900518
-0.00161667762
0.00111157715
-0.00111591595
0.0907500386
0.0582125708
-0.0469616912
0.0732595548
0.012584744
0.075191915
0.0302201807
-0.0146815768
-0.0684667602
0.099923864
0.0507476889
-0.00168470934
-0.0161839835
0.121878944
-0.0016026271
0.181000739
-0.105569467
0.0393148176
0.0882969871
0.0635992289
0.0825545341
-0.158809721
-0.147558048
0.0528242476
0.151250437
-0.0496687442
0.106837757
0.0432808213
0.0947821811
-0.0144201154
-0.0967279151
-0.127574131
-0.0479306355
-0.0546626449
-0.0156691503
-0.134438828
-0.146470562
-0.0536620729
-0.125188202
0.0762670189
0.0318172425
-0.0343024805
-0.0439160541
-0.0038990723
0.0133999931
-0.0577477068
0.0573041402
-0.0897631273
-0.0542450882
-0.102301545
0.0215992685
-0.0486802645
-0.038866818
-0.108235896
-0.171942785
0.0957899839
-0.00806322042
-0.0345818885
-0.00930300169
0.0837340578
-0.00559331244
0.0115181031
0.135865495
0.0056642592
-0.1220873
-0.136254311
-0.149679244
0.0534312278
-0.0684950203
-0.0641480908
-0.12833339
0.0202304199
0.0522476844
0.0296770502
-0.0322373696
0.0278019402
0.0455990955
0.0210068673
-0.119886026
0.0481193885
-0.133473814
-0.0921475738
-0.0872242972
-0.0285391528
-0.0093651861
-0.0457130931
-0.0312602483
0.0428633392
-0.0395509154
0.0127815073
-0.00397712318
-0.118247524
0.0812569037
-0.158319458
-0.0122791594
-0.174345821
0.00329066697
-0.0426757075
0.132749557
-0.0845444649
-0.153426826
-0.0443070158
-0.00511669833
-0.0438101105
-0.0167644601
-0.0161731504
-0.00375207257
-0.0571900047
-0.141719341
-0.223608986
-0.000757593953
0.0545747504
-0.0443752743
-0.153850198
0.0120517742
0.0615679212
-0.0760121122
-0.10372892
-0.18552123
-0.150070325
0.0590979643
0.0197537877
-0.00654177787
0.0914195552
-0.00260517094
-0.0520085581
-0.0469744876
0.115984246
-0.192001641
0.0334556773
-3.4355573e-05
-0.0949264616
-0.064111568
-0.0847804472
-0.0991280526
-0.191685081
-0.0711661652
0.00311908429
0.00315871742
-0.14934279
0.0583240949
-0.00295946305
-0.153450027
-0.0179732833
-0.0461453944
-0.041819077
-0.022916967
0.0973498523
-0.0710885972
0.0838147551
0.0706307739
0.00970795378
-0.0489622951
0.000268581469
0.0458240509
-0.0722141862
0.0207625646
-0.0383624248
0.100552097
-0.050081633
0.111350589
0.00140470429
-0.00198514271
-0.00253693201
0.0884380341
-0.0369475335
0.0185077284
-0.0761470497
0.0378929414
0.0586870424
0.0930838436
-0.0948535278
-0.0555681549
0.0398013368
0.00870962068
0.0264702458
-0.0181435905
0.0766239762
-0.0165911205
0.0974669084
-0.0393102989
0.0464401841
-0.0476480573
-0.0575553477
0.00292117754
-0.0541410409
-0.00318722473
-0.0744126141
-0.129964605
-0.0574207269
0.0237652436
0.0110175116
0.0212421659
0.0383997746
0.161192253
-0.0466919877
0.0384359732
0.196120337
-0.0363593176
-0.0577281639
0.110408701
-0.0581796505
0.0250226334
0.0508678295
0.0506577305
0.0362781771
-0.0514790602
-0.104326092
0.0545351133
0.0954549983
-0.0242304187
0.147573113
-0.135316476
0.0317853056
-0.112193361
0.102837376
0.0453861579
0.03464837
-0.0368680581
0.261919111
-0.00725105545
0.168107286
0.00343417586
0.0256336648
0.090985924
-0.0533582121
0.0937931091
0.0866281912
-0.0545554496
0.0394313782
0.0904322714
0.145855695
0.103738949
0.168213829
0.105617568
0.0112487832
-0.111959204
0.114456318
0.108449996
0.122025348
0.139559284
0.120262176
-0.0321689956
0.128160402
0.0523720235
-0.0132971713
0.0543146096
0.0321042612
0.13672483
-0.022134088
0.0802916661
0.0900276825
0.110825799
0.03937966
0.0210762005
-0.038838692
0.0319104716
-0.0557584986
-0.0455222204
0.111518316
-0.128622472
0.0557213761
0.0396880805
0.0835108012
-0.0480205715
0.158592522
-0.00259858277
0.120820753
0.185963348
0.0541816838
-0.0658808127
0.060384322
-0.0791972578
-0.0323643349
-0.0622747056
-0.09169209
0.0700040013
-0.0364496969
-0.00773565657
-0.0885933638
-0.101307757
0.0111594945
-0.0441998579
-0.0444203392
-0.110592745
-0.038397938
-0.198944047
-0.0714510009
-0.0203175656
-0.0173642505
-0.0471128896
0.0794475898
-0.0401129052
-0.131752312
-0.0568017997
-0.116356671
0.00633482076
0.0284087583
0.00441338355
-0.183065221
-0.0914276838
-0.015668368
0.0854378566
-0.00622927584
0.0066517354
-0.00846715644
-0.0111684576
-0.0240010265
-0.0658895224
-0.0131726349
-0.0482860543
-0.110245615
-0.00518094096
-0.004853833
0.0170454569
-0.0755494386
-0.133217275
-0.142636582
-0.0543804318
-0.0911927149
0.0764195994
0.0408511311
-0.0209614951
0.0195577517
0.00775384577
5.90255077e-05
0.103827491
0.110984042
0.00699075591
0.0432926826
-0.121669576
-0.158386767
-0.0984420925
-0.107018262
-0.00108100346
-0.0891252682
-0.000669979723
0.0219685324
0.0937134922
-0.0504761524
0.0365716666
-0.0391212925
-0.0572509132
-0.113088869
-0.00318448828
0.0252135471
0.076030992
0.0062276111
-0.0377575234
0.0535403416
-0.183426633
-0.124616019
-0.0173290409
-0.0412058346
-0.00171274715
0.0593019985
-0.0934266821
-0.065347366
-0.0385257676
-0.0122802034
-0.0109463912
-0.102087334
0.0214716289
0.0110504963
-0.0402611978
0.0152277183
-0.0555570349
-0.0184739884
-0.0286024325
-0.0183961876
-0.0593957193
0.0652059093
-0.00814190041
-0.0215869695
-0.0566787943
-0.109781474
-0.0550742485
-0.0434383377
-0.108665936
-0.06444107
0.00162500632
-0.0426912829
0.00992756989
-0.0860274956
0.00362397544
-0.0235298462
0.0816002041
-0.0647077337
0.0287000984
0.00811447576
0.0241365228
-0.044217512
0.0465724245
-0.035093125
-0.127139792
-0.056334123
0.0147316977
-0.0874589533
-0.0190959424
-0.1051872
-0.0121954437
0.0740053728
0.0424597412
0.00566937216
0.0606055856
0.0283235982
0.097046338
-0.115474731
0.0962726027
0.0441409312
0.00694612926
0.0340357609
-0.0492900275
0.114100017
-0.0610122569
-0.0319718942
0.0851949975
0.0559484735
0.0160616003
0.0855980292
0.0552410111
-0.0146442959
0.104936875
-0.0135241458
-0.151540488
0.0628082305
0.00206773868
-0.0152408676
0.0845836103
0.0996272489
0.00751201669
-0.00368218613
-0.0468289703
0.0508668348
-0.013434994
-0.00338260364
0.06100915
0.0189844593
-0.0688419938
0.00257654651
-0.0546596572
0.00407720823
-0.028204862
0.0159072597
0.16324079
-0.0353369899
-0.0847841129
0.155038387
-0.0200950801
0.0152300699
0.0400467515
0.0958923325
0.070092611
0.13307929
0.0551580116
0.0224430356
-0.0786668956
0.0783722848
0.0156674292
-0.0937500149
-0.160077676
-0.130478755
-0.0571313836
-0.0435022488
-0.150861859
-0.0881800428
-0.115794979
0.0174187217
-0.02393982
-0.0270472355
-0.215077788
0.0200528782
0.031826254
-0.0360899232
-0.0819143578
-0.0315087438
0.0828992426
-0.108200476
-0.161424354
-0.076227501
-0.0916411355
0.0443269461
-0.0537368581
-0.129609466
-0.125490367
-0.0727726221
-0.0566736758
-0.0336120278
3.04251625e-06
0.005456076
-0.0913649723
0.0917369425
0.0263905898
-0.153836951
-0.196709722
-0.153241187
-0.116430059
-0.0760544315
-0.0980062783
-0.0125195961
-0.107542843
-0.098757945
-0.127187699
-0.0755684152
-0.107725695
0.0142556699
-0.0738448501
-0.0459873118
-0.0263719913
-0.00163031463
-0.0964905322
-0.0498900451
-0.151209936
-0.101337872
-0.132430077
0.0355112329
-0.0952233151
-0.0564075671
-0.122139983
-0.246467888
0.0905526802
-0.103242487
0.0932599455
-0.108068734
-0.00742500275
0.0687754676
-0.215016589
0.00319749815
0.0820759162
-0.00363219203
0.100906558
-0.0245331582
-0.0982998461
-0.0176090933
-0.110269859
-0.0383523889
-0.0370206237
-0.0109602073
0.00751922
-0.0393276885
-0.0649075583
0.0863741785
-0.0489511341
0.0437072441
0.0418994948
-0.0342046916
-0.0897131562
0.0059213764
0.0464420244
-0.0686882436
0.0135490699
-0.0170561709
-0.0456521437
-0.0213957615
0.0864345655
-0.0296193976
-0.0421373025
0.00842254795
0.0868368745
0.0531321615
0.0562123284
0.0294361189
0.0164694302
-0.0480942503
-0.0220143106
-0.0469728671
-0.0254514944
0.0314370282
-0.00400464144
-0.0378458127
-0.0629877523
-0.107282825
0.0585159622
0.00239657937
-0.0327309445
-0.00273121428
-0.0391347855
0.00306734978
0.0043126042
-0.0683795363
0.0438007899
0.0121579971
-0.0583700426
0.0258172769
-0.0427253768
-0.0570992604
-0.155193552
-0.152932629
-0.0411403663
0.0564316809
0.00554477982
0.106522672
0.0473063402
0.059143953
-0.0531565249
-0.0570691302
0.00900849141
-0.0289016347
-0.120318696
-0.0359029025
0.0742128268
-0.00842462759
0.0270293094
0.0561544932
-0.0238533281
0.072750099
-0.108137675
0.0385039002
-0.0491872169
-0.00768206222
0.0621597618
-0.0895676911
-0.123258188
-0.0323722139
0.0249754656
0.019547753
-0.0582379662
0.0473879725
-0.0176331252
0.0943303481
-0.0731096864
-0.0511325598
0.0797485709
-0.00156716851
-0.0237006899
-0.0378068015
-0.062851809
0.0538508594
0.0393108465
-0.146976143
-0.0069414
0.0739762709
0.0551107563
0.00754565094
0.0720488504
-0.0473777577
-0.0250149481
0.00497255567
-0.0176416337
-0.114423856
0.00866034068
-0.0702134818
-0.0794601366
0.00508863246
0.00515538268
-0.0447198898
0.0713005215
0.0206197817
0.00281040836
0.00393780507
-0.0103052892
-0.0121274069
0.106140383
-0.0432993844
-0.0594346449
0.132103562
-0.0634723008
0.228335693
0.176358059
0.0287535433
0.169901714
-0.0167965945
0.145136669
-0.00783759914
0.0757209435
0.0520959459
0.14628014
0.0453342795
0.0291504525
0.0118252002
0.0181720462
-0.0262434352
-0.161420077
0.0371209495
0.0928277895
0.142579511
-0.154021218
0.146645248
-0.0568022206
0.108239695
0.0673900619
0.0158899669
0.0227702018
0.0451467969
0.168948919
0.106026992
-0.0159229226
0.102144666
0.00519927824
0.0779195651
0.0689006895
0.0934916809
0.0914181098
0.170216784
-0.0283780396
-0.0161494613
-0.0812497661
0.18864125
0.0259704143
0.15357706
0.00518268719
0.0134521946
0.10345149
0.0452585071
0.105089903
0.0395423248
-0.0308568738
-0.000121442135
0.0379308872
-0.125892252
0.0126605146
0.159297511
0.121615998
0.0954325497
0.0746155158
0.148942888
0.140716285
0.0441123359
0.0832628831
-0.049024988
0.0208400954
0.0409637392
0.0469594896
0.0354172699
-0.107899338
-0.0655880123
-0.200777426
-0.0381780788
0.0686898082
-0.053640794
-0.0390545726
0.00532247731
-0.075574711
0.0983347669
-0.112468168
-0.00627634441
-0.0076120412
-0.0278723277
-0.0899550021
-0.141051993
-0.00462636072
-0.0635456294
0.0250926912
-0.0521366782
-0.0653447658
-0.0140891075
-0.0629079938
0.0762401
-0.121865548
0.0261525828
-0.0450579599
-0.00546281692
0.0586389303
-0.0761710107
-0.0486081019
-0.037287917
-0.0543709621
-0.0537575781
-0.0382500365
0.08020702
0.112145245
-0.122954443
0.0474513024
-0.0902556106
0.0311127696
-0.0224389937
0.0765104592
0.0782877803
-0.125954792
0.0354444981
-0.113428988
-0.0643569678
0.0881486535
-0.00924582593
0.0622916594
0.101019248
-0.11059878
-0.0225446783
0.0097510023
-0.0352769606
-0.0415719897
0.00939366035
-0.0160455406
-0.0888950452
-0.081866391
-0.186297014
-0.0698706806
0.0336787142
-0.066290684
-0.0580256656
0.00495089684
0.0413910225
-0.0488792695
-0.111175008
-0.15258494
-0.142553106
0.000663563027
-0.0344299264
0.0248442404
-0.0239338204
0.00913410261
-0.0833232924
-0.0384349525
-0.167355031
0.062626861
0.0164142381
-0.0920723826
-0.157542214
-0.102206573
-0.0991516858
-0.0511330329
0.00382539397
-0.185714856
-0.171876535
-0.0324790552
-0.129312247
-0.140302762
-0.026232902
-0.110562511
0.0333624147
-0.0481932685
-0.114548467
-0.0381717533
-0.0335538574
0.0683818236
0.056735646
-0.129807815
0.017268002
-0.0310011525
0.0121640712
-0.14057593
0.000505757227
-0.0394271463
-0.00516915787
-0.000850609154
-0.031077005
0.0783565044
-0.0505631119
-0.0586714372
-0.253038406
-0.123063691
-0.149524584
-0.161809653
0.00843847636
-0.113053516
-0.0971967131
0.0339029431
0.0714321062
0.0647245422
0.100571923
0.0870349631
0.0335331447
-0.128653854
0.0090556033
-0.0816340968
0.122423664
0.135204598
0.143803298
-0.0207438953
0.167850941
-0.0228311643
0.237269014
-0.0855422765
0.058256682
0.0778277814
-0.0033396557
0.0303253587
0.0972166508
0.0219937712
0.0159853771
-0.00533623109
0.00559952063
-0.0574410148
0.184440792
0.111724056
-0.0205757916
0.0345242321
0.00579719339
0.12809971
0.0297704451
0.0531917587
-0.0625193045
-0.0322283581
-0.0138771459
0.0548268035
-0.0465486683
-0.102647014
0.107054323
-0.0318582207
-0.0259416793
0.0431791507
-0.012411043
0.0972676873
0.0699342489
0.0921490267
-0.0183005407
-0.0265966728
0.0521800034
-0.177923501
0.0698598847
-0.051646959
0.0250608847
-0.038086094
0.257362843
-0.0624856316
0.0233235583
-0.0592036396
-0.0314486064
0.00782220159
-0.0824964195
-0.0659468248
0.0242865849
0.0148971863
0.0188416969
-0.0261429474
-0.0127494643
-0.130442485
-0.176142618
-0.101802565
0.111894995
-0.0277267527
0.117876261
0.0479008704
-0.0836424008
-0.129622251
0.0637082607
-0.264974236
-0.0113328537
-0.203330308
0.111083701
-0.0752572045
0.0633390397
-0.0408281684
-0.0496441387
0.0930037126
0.198577747
0.00211240677
-0.00979055651
-0.0777850896
0.0116851795
-0.0227552
-0.0985006616
-0.00631743995
-0.0162525866
0.118182443
-0.00627267221
-0.123147845
-0.042700734
-0.062027663
-0.0929772705
-0.108488485
0.103588842
0.0154637424
-0.0649116635
-0.0982095152
-0.0388370976
-0.0131632714
0.174336717
-0.0139322663
-0.00863636658
-0.154624388
0.0224197377
0.00907941908
-0.11459963
-0.126894131
0.0290433057
0.0071087284
0.0537563823
0.0529838428
0.0352424197
-0.0120120412
0.0647427961
0.0905184224
-0.0316486843
-0.091342248
0.0863361731
-0.0508876368
0.225997359
0.00286425604
-0.0287654474
0.163078144
0.0554514937
0.23562257
-0.00353013491
0.07705459
0.117618792
0.0644725263
0.0725389123
0.00814265758
0.0332232974
-0.00060209143
0.044116009
-0.0155815547
0.093631126
-0.107324131
0.253413886
0.104748465
0.0660536513
-0.0679469556
-0.0979365483
-0.0696494505
-0.0133709377
-0.113741785
-0.138369888
0.188989446
0.163496703
0.0205377545
0.0634837821
-0.0206568707
0.0406000987
0.0481604375
-0.0514103509
0.00580092892
0.0718835741
-0.0320338719
0.00795959216
-0.0614865907
0.184409738
0.0899246782
0.0970412046
-0.0287832562
-0.0276292376
0.120294154
-0.0341339298
0.153523311
0.0581474677
0.0445345528
0.110676758
0.033285886
-0.0776692852
-0.0336613432
-0.00393746374
0.103686452
0.149644196
0.171865657
-0.0353362001
-0.00423588138
-0.0158726294
0.0639188364
-0.0616831444
0.158262044
-0.0486972928
-0.0778601691
-0.118402436
-0.127458289
0.0282718558
0.0825587139
0.199182704
-0.0735597685
-0.0477397703
6.05023088e-05
-0.025615409
0.00451579317
0.0227453131
0.0794804245
0.153884366
0.0725606307
-0.10742037
0.0292429607
-0.0605316795
-0.0331602916
-0.0726707429
0.0253775753
-0.0433789231
-0.180961311
0.048117172
0.161673173
-0.0242639668
-0.102235854
-0.129981294
0.0389386676
0.0295479652
0.0678904504
-0.0816506371
0.0293515399
0.12200819
0.119886823
-0.0191929191
-0.012664062
0.101197131
0.0300981645
-0.18534188
-0.122522973
-0.132791251
0.0398986861
0.116065904
-0.106888764
0.0560388863
-0.0863090828
0.0986807942
0.0867245719
-0.0317518413
0.016181713
0.0705708265
-0.134477034
-0.0532563366
-0.0513846911
-0.117955908
-0.0601557456
-0.0402655415
-0.0585391
-0.129666612
0.0800323263
-0.0883332044
-0.111928381
-0.109969914
-0.114618681
-0.0333952904
0.136640564
0.0162758101
0.00141327176
0.0130979102
-0.0120403506
-0.0936934203
-0.0576454476
-0.00407554116
-0.0701876134
-0.0916268453
5.36148582e-05
-0.0850605369
-0.0429169275
-0.0352292061
-0.0939319804
-0.00698606903
0.0110301254
0.0627192259
0.00752372574
-0.0688917488
-0.0780401081
0.00885588769
-0.0741334856
0.00807339232
-0.0440471135
-0.0712412223
-0.0212656017
-0.107876644
-0.0169686582
0.0660428777
-0.112957731
-0.0349527933
-0.119810894
0.0859805867
-0.0741342157
-0.0213775113
-0.0257718302
0.0160933305
-0.0313272402
-0.0461418219
-0.00486014411
-0.0491385162
-0.0540351309
0.0347642191
0.0847619474
0.0939556509
-0.0246941894
0.0788294002
0.0259029772
-0.0204609782
0.148351923
-0.112274222
0.00219588587
0.0681167543
-0.0313915126
-0.0274925865
-0.0633441731
0.128416464
0.0491500311
0.0606361404
0.0536499619
0.0584489256
0.141013384
-0.0359649435
0.0400138944
-0.0667746589
0.0481949337
-0.0644519627
0.0226595011
0.104891948
0.159571409
0.0925667584
0.103653207
0.0244942512
-0.0596826598
-0.0243778694
0.0523275994
0.0807817429
0.0684392676
0.102266937
-0.0490371957
0.111188672
0.0729570687
0.073092185
0.130435005
0.136662349
-0.122794248
0.0988582596
0.095792383
0.0654539168
0.117708504
0.0593000427
-0.010978695
-0.0446761474
0.0741762593
-0.0271903127
0.10176871
0.0806042776
0.0416816622
-0.0120753096
0.0617529973
0.0526793189
0.0854808986
0.087028861
0.0368444137
-0.0515611134
0.0586756766
0.0529136918
-0.138123542
0.0460200794
-0.00302947359
-0.0514423884
-0.137927741
0.0470800661
0.092167452
0.133649886
0.0448676199
0.0257073361
-0.0892870352
0.00135498261
0.04427756
-0.0916154906
0.0875760317
-0.000654932403
-0.117700301
0.020612238
0.0755149201
-0.170213506
0.0530759133
0.0426131748
0.105387032
-0.0745839328
-0.0674281493
0.0979416296
-0.0196104478
-0.0825040117
0.0205593109
-0.218854666
0.0457563959
-0.0959081724
-0.0879122689
0.0531118326
-0.0905518979
0.117765062
0.0154010821
0.0855929032
-0.0753698349
-0.0637834519
0.107051037
0.119272396
0.0622674823
-0.113800943
0.0720801875
-0.0404655822
0.134452119
0.118060701
0.0232498422
-0.0930104777
0.0301538035
0.027828915
-0.126366213
0.12087778
0.0965657979
-0.0237474833
0.022777386
0.0860734656
0.0280144624
0.0707588866
-0.0653755888
-0.0388578512
0.0889166743
-0.0283121839
0.128029972
0.0121930661
0.0239664931
-0.120364681
-0.0340379141
0.018995272
0.0464070253
0.0538016409
0.119454339
0.0173633974
0.0767355487
-0.0420355946
0.105556406
0.0728756487
0.0160427969
0.00140901445
-0.0311452448
0.00608282303
-0.0251186658
0.0442243703
0.0382236764
-0.130696297
-0.0819783807
-0.0128088342
-0.0299253184
0.0606160723
-0.0392022878
-0.0400017537
-0.0145866489
0.000723243109
-0.101143368
-0.106578022
0.0254283771
0.0786777809
-0.0823386386
-0.00159132166
-0.0813655704
-0.0607975796
0.0910161287
0.0256690271
0.0482433997
0.0289873797
-0.018045634
0.0992235243
-0.084983483
-0.0104352087
0.0856365934
0.0431445017
0.0584321506
0.00642184168
0.00121137046
-0.0274440423
-0.111512415
0.011542351
-0.103985302
0.0797137022
0.0714919418
0.00226446497
0.0158401094
0.0924968347
-0.153646007
0.0847490653
0.0911146849
-0.0815647319
0.0415256321
-0.0343223289
-0.0388616621
-0.00211219746
-0.114776053
0.0122737894
0.0861435682
0.0503743775
0.0422849506
0.00497238943
-0.0462906882
-0.0120834569
0.113656104
0.0764194131
-0.131992504
0.10308136
-0.0887064338
0.0028840797
-0.12996231
0.128576145
0.0291370824
-0.029900372
-0.14694944
0.0747969672
0.12553139
0.0616181493
0.0316929966
0.101221539
0.0544918552
0.011854575
-0.0668658912
0.069522664
0.0472794957
-0.0534288958
0.0552848056
-0.0323131569
-0.0761520118
-0.108099982
-0.0230353046
0.0628028736
0.0936002955
0.0639407411
0.0188774243
0.061329592
-0.17799072
-0.117074281
0.0759683102
0.0120614422
-0.0233012401
-0.0246366039
-0.0807709247
0.0275810678
-0.12319424
-0.122979738
-0.0651885569
0.161277696
-0.0033819729
0.0431923233
-0.0108627733
0.0643191263
0.0696843639
-0.016125584
-0.0619398467
0.0661444142
-0.0286371689
-0.0304477271
-0.0972556695
0.0323267356
-0.12654835
0.0719000101
-0.045118358
0.0102162352
-0.122555576
0.0667213202
-0.0948705152
-0.0963774621
0.103144288
0.0893344134
-0.0653105974
-0.0682317838
0.0481103025
0.0532582141
0.031935811
-0.0101072919
0.137592301
0.0969304368
0.196730897
0.0209727101
0.0193841141
-0.00048492747
0.0602471568
0.109142661
-0.0633197129
-0.00304455427
0.0932375193
0.128293261
-0.00337819709
0.0588438697
0.121349968
0.0523311906
0.119731776
0.0842615813
0.124451481
0.00584915839
-0.0720066652
0.108235978
-0.0927083865
-0.000224829782
0.0124248732
0.0898144096
-0.0578381307
-0.0582544766
-0.0480321832
0.1336281
-0.0111264205
0.0301143024
0.12499667
0.11428576
0.0755831525
-0.00237968098
0.0544414818
0.00863615144
0.0744748041
0.0342845619
0.0432033986
-0.117395155
-0.0427270457
0.02455833
-0.0232838411
0.037381243
0.138435856
0.0185603593
-0.0587972738
0.0775530562
0.0982065126
-0.00358431018
-0.00597630162
0.115324482
0.0412511639
0.099331215
-0.00726791192
-0.00153015798
0.0512460954
-0.0249923468
-0.171164006
-0.0651868507
0.0367040373
-0.105522536
0.123001583
0.0502622947
0.0300414413
-0.0982615128
-0.0583732948
-0.0385625921
-0.0131195476
-0.0746968836
0.0498795807
-0.0333965607
0.0361872949
-0.15466179
0.102516375
0.104183286
-0.0844059885
0.105910726
0.0930367634
0.0205134042
0.0637093484
-0.114176556
-0.047220435
-0.0932797194
-0.0662977472
-0.144177169
0.0111436276
0.0603946187
-0.0465863757
-0.0215726383
0.00707969675
0.0531210341
-0.0796560049
-0.114013016
-0.0203237217
0.0739804804
-0.0769755319
-0.0906706527
-0.0140668834
0.0504490398
0.0635738075
0.0416168198
0.013275696
-0.101911455
-0.0471534841
0.0863717347
0.151798218
0.000908482005
0.0920436084
0.116317309
0.0673988387
0.0640675351
0.0942948088
-0.120934881
0.11308904
0.0551065616
0.0976642966
-0.0690250918
-0.0807218552
-0.0114210239
0.0374930389
0.0774046481
0.0491033792
0.102410361
0.000684134488
-0.116382562
-0.0363627523
-0.0287292041
0.0228998102
0.00700700469
-0.0991983116
-0.0089674592
-0.0940272063
-0.0310365893
0.093379505
-0.149879724
0.113585785
0.0434259996
-0.0113936141
-0.0297030695
-0.0469986945
0.0330889523
-0.0973816961
-0.0423612185
-0.058663059
0.0493910387
-0.114405923
0.000483019743
0.0379845947
-0.118434727
-0.0288806688
-0.0358150788
-0.0125095444
-0.0475060791
0.0141185736
-0.101446338
-0.0746844783
0.0189326536
-0.0632677898
0.0249151122
0.0232504327
-0.0507326871
-0.0255795978
-0.062269371
-0.0299732089
0.0579059273
-0.0724749342
0.0747529045
-0.00202078512
-0.0437664203
0.0200070757
0.0433014669
-0.0586828217
-0.00111969002
-0.085914813
-0.123232096
-0.054659538
-0.102064893
-0.00336153083
-0.0549329109
0.0145810926
-0.00324090314
0.0251745135
-0.123262689
-0.0829022154
0.0163985714
0.077598542
0.0822576284
0.0812505558
0.00329429633
-0.058818344
0.0750484243
-0.0429595523
-0.00238281838
0.0768626034
-0.0343020409
-0.0343093574
0.0182231218
-0.0757279396
0.0594475828
0.110578775
-0.0661131963
0.173161551
-0.0451276153
0.0203532483
-0.00472103804
0.119210899
0.0620309152
0.00610975549
0.0149741462
0.0253308564
0.0442470498
0.135517091
-0.0718333796
-0.0179871544
0.176391721
-0.0135183726
0.0669673234
0.0392985381
0.110618025
-0.0163540151
-0.105841674
0.0282637868
0.0516969115
0.0310623012
-0.0629200637
0.0792078599
0.0014329711
0.0416554734
0.0307244863
-0.00470755203
0.0485014729
-0.0266903359
0.0372707993
0.0733291134
0.00654428778
0.0278840009
-0.0208378583
0.0930049419
0.0299837533
-0.0748718083
0.0971347988
-0.0578137711
0.0467958078
0.0457388647
-0.128804326
-0.0662484691
-0.037632484
0.100968882
0.096008338
-0.0296861473
0.178490981
0.178454101
0.0173680708
0.11500977
0.0745072365
0.0278015677
0.041785866
-0.0670649856
0.128815249
0.0655612126
0.0613478683
-0.129890606
0.22660695
-0.0588972755
0.0194465406
0.106949717
0.11180532
-0.0199944787
0.127273053
0.00169738953
-0.00693919649
0.0857505277
0.00945302006
0.0430179983
0.0303980019
-0.0488810576
-0.140027374
0.172400221
0.17765151
0.164532661
0.0777398348
0.0494869165
0.103993565
0.0886394456
-0.0741126835
0.0717461556
0.0942388624
0.0629305616
-0.0370355919
0.0871763751
0.0352404341
0.0541024432
0.0734187737
0.0358925126
0.0156965815
-0.00586694106
-0.0408419892
0.0849434212
0.0737390965
0.0999379307
0.00767944288
0.069382742
0.0686979592
-0.0163856559
0.316631436
0.0548053682
0.109759659
0.112661459
-0.0520245656
0.0080436077
-0.052780591
0.131543919
-0.0672434494
0.0045912331
-0.0833521485
0.08597368
0.0556930378
-0.13162294
-0.0426751934
-0.0302730929
0.00550828641
0.0396373607
0.014141731
0.0150336167
0.0557763055
0.0345275998
0.0622456148
0.0861478224
0.0197533499
0.175407618
0.0327108987
-0.0282136071
-0.114021026
0.1178995
-0.0756906196
-0.0139014982
0.000814113009
0.105032876
-0.0228515696
0.0476787128
0.0135043431
-0.00958369765
-0.00530959154
0.0703626722
0.00873202644
0.038124606
0.0278391428
0.160385877
0.0318496674
0.0160538293
0.0473633148
0.13278456
-0.0303731896
-0.0473626256
-0.0212245882
0.0952670127
0.0357642025
-0.0959489346
-0.0471125469
-0.0467991866
-0.0740280822
-0.043920394
0.0359805562
0.0767574832
0.11121548
0.0737581998
0.133169591
0.0369621255
0.0502421893
-0.0119451955
-0.0716919079
-0.159463152
-0.0183617808
-0.0474759154
0.0572352447
-0.0118317325
-0.0372849703
-0.0439033397
-0.0681603178
0.0864120349
0.126196042
0.0899970308
-0.0278619155
-0.0914926901
-0.0666729808
0.0634776577
-0.224031329
-0.0572946817
-0.104364306
0.0569850691
-0.0930966511
0.131686926
0.0670033619
0.0676871091
0.063723065
0.0578992963
-0.25849393
0.0348647311
0.00796776824
-0.0666404665
-0.15847005
0.0165064856
-0.165014774
0.0593231618
0.0376228578
-0.118318804
-0.0946468338
-0.0177202951
-0.112339616
-0.145200774
0.0218583234
0.0615130588
0.0212835688
0.0711461306
0.0329510681
0.00878029596
-0.157168001
0.0646674037
-0.0790049806
-0.083767131
-0.115443006
0.045787219
-0.0296483561
-0.1534549
-0.0105154412
0.0318355747
-0.150453717
0.0719493851
-0.036177218
0.156797677
0.0238305237
-0.0758494884
-0.0711697638
-0.0509722233
-0.0405003317
-0.0515020713
0.0325379409
-0.135945991
0.0898026451
0.004940785
0.0645657554
-0.0208608955
0.103383049
0.143281519
0.0221818499
0.118540242
0.0654752925
0.105653867
0.137741789
-0.0219422504
0.0361361951
0.154265657
0.119409785
0.144777387
-0.126421764
0.126146302
-0.0287545584
0.0804267824
-0.00311852572
0.0948258638
0.0800041407
-0.0132507514
0.102036588
-0.052260641
-0.0391005874
0.0659789518
0.0411927998
0.0353345945
-0.0751967058
0.0890070125
-0.0121977367
0.000718936964
0.144756928
0.0238164477
0.0683699474
0.0809319839
-0.038981203
-0.038429331
0.103023089
0.0281109717
-0.0882629007
0.00681180973
0.138794065
0.137341768
-0.0195900258
-0.0324333012
0.0197384339
-0.0117235603
0.0579610951
0.0967779979
-0.0081033539
0.0544238128
0.0376256853
-0.0342287607
0.127967477
-0.0796593279
-0.0374219306
0.0913272575
0.000521144073
0.0222373772
0.00851310883
0.0506548509
0.0747947171
0.0790373906
-0.000292668032
-0.0286935698
0.0635298714
-0.000303352717
0.0312855542
0.0744805858
0.0528471619
0.153364956
-0.0783438906
-0.0102713536
-0.0263557248
0.0862638429
0.0970021114
-0.0281819478
0.0145215504
-0.0509758592
0.0580378547
0.00626040995
0.0380635038
0.0963628367
0.0835199803
0.0288387928
0.048841197
0.0103837233
-0.0380622968
0.00590513181
-0.0994708017
0.0246164631
0.0151356608
0.176974595
0.147214726
-0.0315520652
0.0455698259
-0.0714446381
0.158245206
-0.0436628126
-0.0137294168
0.171824038
0.0335918739
0.080130659
-0.067954354
-0.0935247838
0.0449438803
0.0387897417
0.0780837312
0.0877092108
0.0554814152
-0.0713408142
0.0250782613
0.0463140607
-0.0834846869
0.114408493
0.00662491843
0.012563223
-0.0699625611
0.0876627117
0.0231959615
-0.000134440445
0.107620306
0.0900719762
0.00680140546
-0.0853061527
-0.150465474
0.0220367648
-0.0623525344
-0.161777735
-0.0532131717
-0.0720553175
-0.0528466664
0.0759131685
0.0952190086
0.0893410966
0.0135334181
-0.0593925528
0.0184612479
-0.045517765
-0.078612037
-0.118712537
-0.136073887
0.00377990422
-0.150446922
-0.120473966
-0.114009835
-0.00731388852
0.114953727
0.0249365233
-0.0630536452
0.016942298
0.0328552909
-0.0555031709
0.0333406329
-0.0703722835
-0.0394280627
0.0581666715
-0.0874560699
-0.0953317955
-0.0331727415
-0.0178233795
0.0185129885
-0.102908969
-0.0155282039
-0.104423113
0.0671330169
-0.160237655
-0.124931134
-0.105841152
0.133584172
-0.0321513601
-0.0376651548
-0.0640417933
0.000996394083
0.0277404878
0.0963423625
0.10529387
0.0142674288
0.021836035
-0.000926287088
-0.0803271532
-0.0260179378
-0.0576302558
-0.121619605
-0.00123408053
0.103462748
-0.0327939503
-0.0205845814
-0.131075993
0.0561694577
-0.120158799
0.0227178652
0.044077199
-0.129579902
-0.0247148331
0.106065199
-0.115097746
-0.10165929
-0.122964308
0.00628576055
-0.138667092
-0.023865601
-0.0973162055
-0.121204033
-0.15977329
0.114646368
-0.146343872
0.0253472626
0.0537776053
0.0091535151
-0.0114750294
-0.0659098253
-0.0100434739
-0.00288606598
-0.0402446985
0.0768498182
0.00427209772
-0.0792294964
-0.0343610421
-0.0443791635
-0.0854796544
-0.0771834552
0.0449517779
0.0233739316
0.0204013307
-0.00382989924
0.046754282
-0.030298952
-0.0172563959
-0.0877175033
0.0288133193
0.077791661
0.019515926
-0.101272143
-0.0159617681
-0.0402822979
-0.189994127
0.0686859265
0.0826860815
-0.0934203565
-0.022830857
-0.0788552016
-0.0195494294
-0.071958743
0.0174234957
-0.0840217993
-0.00279632816
-0.0145581104
-0.00506968424
-0.0694323406
-0.0792350471
-0.0379107781
-0.00223461725
-0.0264850743
0.0461549535
0.0689622238
-0.0761113316
0.0373057574
0.0270299613
0.162792534
-0.10216713
-0.0445533283
-0.105430067
-0.02194627
0.0327272341
-0.0535260029
0.111819953
-0.0858786032
0.0886191726
-0.0313992053
0.0232121535
-0.0364368707
0.0354125947
0.0798452049
0.0476314798
-0.0403251536
0.059397772
0.0677786022
-0.00762101123
0.00483971648
0.134145185
0.0909119695
0.120224141
0.119078785
0.0182414446
0.0340872146
-0.0834514499
-0.0276232623
-0.0445146337
0.0315332748
0.0757180378
-0.098761335
0.0843185186
-0.0566154793
0.0422220565
-0.00931632519
0.116585396
0.00548616098
-0.0102966819
0.0796968192
0.0236115754
0.0124535626
0.0720500872
0.0486026369
0.0136318617
-0.111783475
0.0143335294
0.106896907
-0.0621112958
0.000294362049
0.0158538781
-0.104773611
-0.0532720946
0.00420972146
0.0178802311
-0.00473877601
-0.0183351245
0.0545376912
-0.104624867
0.116652772
0.132281184
0.0803785622
-0.0911599174
0.0695276335
-0.0819012299
-0.0105550941
-0.189399466
-0.00660805684
-0.0413317606
0.019613307
0.0143129788
-0.0194808077
0.00359725766
-0.0945970714
-0.153286248
0.165929124
-0.128242984
-0.0453648381
0.062568523
-0.00150250108
-0.0746019632
0.025930373
0.0157745089
0.0381872915
0.0269723199
-0.0463968664
-0.0155063327
0.0467599072
-0.0654273555
-0.127400458
-0.1147497
-0.0413734764
-0.0167990252
-0.0564926378
-0.101071514
0.00595689425
0.0029866267
-0.0560274161
0.00452706637
0.0930581465
0.0808543935
0.0297803413
-0.0373199433
-0.00627220608
0.0538595952
0.0322070457
-0.0218250602
-0.0573285185
-0.070442453
-0.0900302604
-0.0704895854
-0.0218557213
0.0268889144
-0.0264769904
-0.109434642
0.0184394289
0.0503256172
-0.0183899645
0.0664235353
0.076590158
0.130235657
-0.0469822697
-0.054674495
0.00906905346
0.053273581
-0.0151762879
-0.101155296
-0.00894801412
-0.026766615
0.117595188
-0.00407997333
0.0617974736
0.0763496831
-0.159806907
-0.044235345
-0.00974533428
0.134264961
0.00879869517
0.193174988
-0.136067018
0.0350407884
0.0139075816
-0.119848669
-0.164693475
0.068525061
0.0226603691
-0.00870002341
-0.196931809
-0.141421676
-0.0517511293
0.130202949
0.0262696035
-0.1108867
0.0284133628
-0.0752743632
0.127557233
-0.0181307308
0.0874618515
-0.0981002003
-0.00728328852
-0.00422655093
-0.131667957
-0.0263731293
-0.0388987623
-0.142886117
-0.104040071
-0.101197846
0.0590670668
-0.00903833471
-0.0371440724
-0.0613540597
-0.0572433732
0.0176526476
0.0242180359
-0.0238610357
0.0951891243
0.131529838
0.0823052675
-0.0115008801
-0.117487505
0.00403875764
-0.0964710563
0.0684621334
0.0743293241
0.0298467353
-0.0440721661
0.030814996
0.0649255589
-0.0863626152
0.0676499382
0.04700692
0.168634415
0.0253903829
-0.0818748549
-0.199111298
0.0144802062
0.0712410733
-0.0420293994
0.0314704031
0.108990937
0.135387689
-0.0304904338
0.0492957085
0.00475488976
-0.000335850986
0.0987250283
0.112233944
-0.081411764
-0.0802998394
0.0581620224
-0.0551632829
-0.0372768305
0.26447165
0.0236054026
-0.0854481533
0.170017362
0.0872927904
0.0069405199
0.0432045162
-0.0342161618
-0.0759679526
0.100512102
0.072874561
0.0207476094
-0.006985154
-0.13340424
-0.0371701643
-0.0472892411
0.10470324
0.0983724594
0.0947276801
0.0684611946
-0.0220530517
-0.0408772528
0.104396291
-0.0846993551
0.0238487553
-0.119489208
-0.178979903
0.082095027
-0.00881200656
-0.0420516841
0.0574511364
0.0342536196
-0.0163660198
-0.0179649461
0.1235011
0.0359270088
0.0823310316
0.169319913
-0.0484931581
-0.0552700944
-0.00167635898
-0.12203259
-0.188924655
-0.0568018109
-0.0139802527
-0.00772514846
-0.0727180988
-0.00544188078
-0.00495433621
0.133498624
-0.0209470335
-0.031055592
0.0348505564
0.0043364265
-0.0835889652
0.0422723442
0.0251427833
-0.00852384232
0.0181108899
-0.0691877529
-0.0706622824
-0.0163184851
0.0370079167
0.113773517
-0.076038532
0.127948493
-0.118076399
0.140300199
-0.0519443788
-0.129120573
-0.0887917429
-0.0110919923
-0.0191173349
-0.0567122623
-0.0452107564
0.0688722879
-0.0662477016
-0.0928258896
-0.164285675
0.0457640886
0.0456242561
0.109392039
-0.0355391838
0.0121643124
-0.0594731942
-0.0201005414
0.0311299097
0.00593370246
-0.122830488
-0.0608359911
-0.170112848
0.00733954832
-0.243233532
0.0353311338
-0.00400551641
-0.125434265
-0.0171194114
0.0359132364
-0.106126592
-0.0220550485
0.0888746381
0.0644869655
-0.123594075
0.04521925
-0.0347961746
-0.100849964
-0.0323683545
-0.0226928852
0.0572842397
-0.00180773891
0.0200118665
-0.119104624
0.0801583454
-0.0865280032
-0.0665533245
-0.0916850865
0.144836798
-0.0758978799
0.0566712655
-0.073307842
-0.0323391892
-0.068743743
0.00827146694
-0.06265264
-0.00116537488
0.0837570801
-0.0561799109
-0.113508947
-0.0600888729
-0.00391150219
0.0308846775
0.0804321915
0.0138772903
0.0208895747
-0.128078565
-0.0400549471
-0.0835132822
0.0115734041
0.071221076
0.0389905646
0.00652323896
-0.130890995
-0.0368562005
-0.0941392481
-0.0964980572
-0.0226498321
0.0186233092
0.121966593
0.0488399714
-0.00887156557
-0.0508517548
0.0148165692
0.00293063698
-0.143560261
-0.140232146
0.0549883768
0.0322817527
-0.0663776472
-0.0578803718
-0.13554737
-0.037486393
-0.00589790335
0.00631996943
0.0157936774
-0.0220414847
0.0530750751
-0.170220777
-0.0356567092
0.115044191
0.140326783
0.105784178
0.15157713
0.0980772004
0.0634210855
0.241465613
-0.0628636777
0.0150235267
0.0702582821
0.0736830458
0.126131296
-0.0138397627
0.17870605
0.0771235824
0.105303198
0.082183674
0.0495666042
0.0208465364
0.181764036
0.0416052341
0.0704791322
-0.0677908137
0.0192270763
0.120718576
0.0749249533
0.104796566
0.00141628168
0.0719519258
0.157245487
-0.00623489451
0.146233976
0.0809039101
0.106074534
0.174354196
0.108826533
0.153182805
-0.0223449506
0.156941682
-0.0634241104
0.0664533973
0.108015157
0.103225604
0.0676533654
0.059558142
-0.0506410562
-0.0834702477
-0.00503989402
0.0568475015
-0.00986959226
0.0693046302
0.11710836
0.0105843656
0.110155001
-0.0578205064
0.0969931856
-0.0314538255
0.116621643
-0.0295169111
0.121175483
0.0272518303
-0.0522504821
0.151501775
-0.0525187515
0.0603785627
-0.0840806589
0.00125368894
-0.155112475
-0.0168325827
-0.14496769
-0.109751686
-0.0622544326
-0.116164237
-0.13997823
-0.0368957296
-0.0383897088
-0.0319447368
0.033268366
-0.073822327
-0.0713052452
-0.0449253544
0.0554459244
-0.0266930163
-0.0762410611
-0.0657975674
-0.0171002503
-0.018757036
0.0173788369
-0.0870120972
-0.0629647598
-0.0685534105
0.0557098761
0.0524276346
-0.0829564184
0.0375854298
-0.156466529
-0.00828051008
-0.137595147
-0.0503574014
-0.051650729
-0.113076612
-0.0560147427
-0.0959275514
-0.0566974953
-0.00637881877
-0.0423450619
-0.105891719
-0.0598286651
-0.0359904617
-0.0118012503
-0.00700270338
-0.0538301766
-0.00393829029
0.067809321
-0.0964614153
-0.110052675
0.012231363
-0.0546997674
0.0513166673
-0.017726142
-0.0467536598
-0.0706992745
-0.00137280393
0.0052697002
-0.0358670577
-0.0695859417
-0.0668831021
0.113190576
0.0263031218
0.062932767
0.115722455
-0.000626516587
0.178224385
-0.0128248492
0.138962984
0.1026351
0.0521521643
0.123593822
-0.0120487176
0.11666669
0.0563022494
0.0100530982
0.0436558053
-0.0699638277
-0.0305594001
-0.00287597952
0.0380850099
0.16365394
0.0951550677
0.0280462634
-0.0786603689
0.051363986
-0.0923443735
0.0262852199
-0.116505221
-0.0396843888
0.146524802
0.0314477198
0.0929577276
0.0109285526
0.029684538
0.0303333662
-0.0287967455
0.0907204673
0.0370029584
0.103926942
0.00553520676
0.021840835
-0.036849454
0.0998715833
0.0684196204
0.0632140189
0.0460794605
-0.0406309552
0.0326362848
0.128335804
-0.00188658712
0.0678392425
-0.0605011284
0.0667679235
0.0406975932
-0.0859980807
-0.108658098
0.0397357233
0.0724465623
0.0406026319
0.0731733739
0.140474603
0.0811561421
-0.0527936593
-0.00782749522
0.161509693
0.0135952299
0.156605944
0.182324558
0.116715677
0.156712323
0.116188727
0.0343840346
-0.0537315086
0.0835337862
0.211001247
0.208679974
0.290776044
-0.0130622145
0.187792078
0.156320021
-0.0532574877
0.0949394479
0.19390057
0.0178751722
0.212943807
0.0931696147
0.205639526
0.069807291
0.0311852824
0.120918356
0.185896188
-0.0679127201
0.0995467156
0.220040932
0.133408666
0.220591754
0.119870916
0.0235089678
0.140095457
0.0745438263
-0.0532457121
-0.028310556
0.0296710692
0.022487171
-0.056980215
0.103667706
0.184515193
0.253837258
0.170236275
0.091749385
0.155006811
0.214636087
0.00980507582
0.0174501222
0.00382509944
-0.0357164294
0.104894906
0.0209979843
0.011527474
-0.0442732349
0.140694752
0.0549168736
0.0863913
0.277661055
0.0907231793
0.120406777
0.177003816
0.0449485071
0.0502446257
0.13716726
0.107564196
0.0547482222
0.114884995
-0.0613422133
0.150028706
0.0957591906
0.0887001231
0.0278604049
0.0977308452
-0.0147637203
0.240289479
0.0174804609
0.173992231
0.114320092
0.123577535
0.0281816814
0.0475898273
-0.0101098549
0.0044976389
0.0223355591
0.0942054391
0.155250534
-0.00517262658
-0.023282066
0.0349378623
0.150007263
-0.0303734168
0.0727515146
0.107656933
0.095617108
0.0524221547
0.120046183
0.148948207
0.105464838
0.122894794
0.0678283051
0.0970017761
0.152986184
0.153492436
0.109662957
0.0417005271
0.164725751
0.0855788887
0.106903262
0.0832301006
-0.0194737948
0.09361884
0.0302445851
0.0923160389
0.0449530073
-0.0232712682
0.110429808
0.0114298454
-0.0314560719
0.255953342
-0.0583779663
-0.0283582471
0.0679398552
0.157816827
0.0336255692
0.162262663
0.162652075
-0.0133324051
-0.0312301908
-0.0377604663
-0.0144616431
-0.069993861
0.0535868891
-0.0405282304
-0.130415589
0.0262555312
0.0869733691
-0.027555421
-0.0178967528
-0.162530392
0.115925901
-0.182202831
-0.0982742235
-0.180127859
-0.0622761026
-1.78031551e-05
0.0214813985
-0.124879085
-0.0647670031
-0.0731713772
-0.0283455886
-0.0322649218
0.0513986349
-0.129763439
-0.0920522362
0.0410900153
-0.0102291787
-0.163351521
-0.0983614177
-0.0700172633
-0.0938954353
-0.0509993471
-0.0979599804
-0.104079708
-0.022610236
-0.103290893
-0.138480827
-0.0843974426
-0.000836104387
-0.00151365239
-0.0888647884
0.0289489217
0.0324010365
-0.040689785
0.071648404
-0.113122597
-0.0973680466
-0.113706127
-0.0809196457
-0.0452455208
0.00805201847
-0.0326174721
-0.00917677954
-0.162117109
0.0630634278
-0.0267146602
-0.0695565641
-0.0771769881
0.0275760274
0.0266353879
-0.137623549
-0.0755945742
0.0808515847
0.0376978032
0.0797933489
0.04265517
0.0371251069
0.0566759631
0.161996454
0.0371276885
-0.17158556
-0.119423553
0.012866403
-0.0845157057
-0.0208555702
-0.0149195055
0.19110854
-0.014557289
0.122402817
-0.0937921479
0.0612951703
0.00393039687
0.162129179
0.0381543078
-0.0424124599
-0.00203728233
-0.0119592818
0.0108115533
0.13436009
-0.0813711435
0.0206804257
0.181597367
0.0456473529
0.073289521
0.174866289
0.0108222244
0.116136193
-0.00421035243
0.101232909
0.186628193
0.229842514
-0.0298827272
0.126855597
0.0116193155
0.0497355424
-0.185281888
-0.108462103
-0.00308550522
-0.0562503636
0.0492073223
0.0699078143
0.118037648
0.194404647
-0.092373006
0.153613612
0.18937698
0.0836838707
0.0515878387
-0.0137031861
0.00680303015
0.0247111358
-0.0771083534
0.0210535564
0.0634934902
0.172949672
0.00266400352
-0.00813189428
0.0713924393
0.228575692
0.0837204084
0.100091808
0.114071965
0.160465628
-0.0600404218
0.0532246605
0.0991601497
0.158261478
0.188542381
-0.0180233959
0.112257101
0.13921006
0.03118423
0.0751747489
0.0848069414
0.05850555
0.164763391
0.120389588
0.14136292
0.0793282166
-0.0874207243
-0.0176767055
0.0839222148
-0.0295680556
0.0283002872
0.217796922
0.106150001
0.125080273
0.0759824365
0.0429779217
0.0858697072
0.0775407255
-0.0253224913
0.173203558
0.216839522
0.10960649
0.042334117
0.0382464565
0.0127493292
0.0785066858
0.0575946309
0.0366965346
0.0888704807
-0.0333832838
0.0338242836
0.0988644734
0.100849159
0.0800571889
0.0568159074
-0.00148924044
-0.0120451776
0.0805251598
0.134785384
0.10190887
0.144963697
0.0848836973
0.0245100856
-0.0802757218
-0.0792120248
0.213432536
0.0657562837
0.0936096534
0.0699102581
0.0509912968
0.112925231
-0.0775392726
0.0690499172
0.0772689879
0.13494055
0.118426435
0.143955871
0.079257533
0.196031973
0.0137302224
0.055364348
0.0980480388
0.112722017
0.0330906063
-0.0526123233
-9.76708034e-05
0.0473878048
0.0483925343
-0.0591430664
-0.1399616
-0.0683676675
0.0686140507
0.0911155194
0.211599678
-0.107736886
-0.0785728171
-0.0490666889
0.135891482
0.101236612
0.0322695076
0.0252052657
0.0763151795
0.151953101
0.0214267056
0.0733040348
0.049780298
0.140111059
0.0231685545
0.0156756081
0.0545968339
0.0212205499
0.109112985
-0.0429170132
0.0496338941
0.0121436613
0.0636180714
0.0670436025
-0.0819011033
0.0745234042
-0.0116862198
0.0874307305
-0.040748287
0.08999037
-0.077690281
0.150167987
-0.0180215985
0.0798888505
-0.0324463248
-0.0428521559
0.0547553562
-0.0037472453
-0.00367327966
0.102919944
0.0301699899
-0.0753975287
0.129192278
0.0923050866
0.171763748
-0.0740734264
0.106136873
-0.020386951
0.0936535895
-0.0444101691
0.0592480227
0.0275811981
0.107804537
-0.0360350534
-0.0342549644
-0.0435011461
-0.108353451
0.151601046
0.0868267417
0.0779173151
0.0295727812
-0.111584745
-0.0358311124
0.0271217171
0.010677346
-0.0749011338
0.0529451855
0.0426124111
-0.0132011557
-0.00237281225
-0.0265423376
-0.0594835617
0.112361073
-0.0551759601
0.0327498019
0.137151971
0.0377750248
0.0126843555
-0.0571672842
0.0345443785
0.0850815848
0.0494416468
0.0372962914
0.0160140917
-0.0148457279
0.0389019512
0.173380122
-0.0114127882
0.0565241836
-0.0767145604
9.92922869e-05
-0.0339396149
0.0590430312
-0.129785255
0.171209231
0.0589514934
0.143201977
0.082303673
-0.057583306
-0.116181321
0.0576803759
0.0573367886
0.0938513204
0.0839074552
0.0518277995
-0.115628682
-0.0990399942
0.0631771237
-0.0551361218
0.0584811866
-0.0589969866
0.115445733
-0.00226056459
0.190934315
-0.029876003
0.0635344014
-0.133508101
0.133933753
-0.0454461239
0.1218355
0.0280667972
0.205504119
-0.039530959
-0.0568866134
0.0484429263
0.0491609536
-0.018847594
0.0528527237
-0.00417217612
-0.0299159382
0.0707313493
-0.0458771661
-0.039741341
0.129527286
0.0307269339
0.0466234088
-0.104230337
0.000914779666
-0.0323589072
-0.0279065482
-0.0690427572
0.0638741553
0.0136396233
0.185944244
0.0368653685
0.145390883
-0.0766851306
-0.0184309781
0.138803601
0.0137163717
-0.0510897413
0.0418277495
-0.109014295
0.0655331761
-0.0870306417
0.0226928126
-0.0156069417
0.201300368
0.0514900945
0.0279175881
-0.016194826
0.0782544538
0.038082011
0.0652193278
0.0289184656
0.091813989
-0.0906055719
-0.0432299823
0.0699419975
-0.0232247878
0.0622933246
-0.0717573017
-0.0176819973
0.0535546429
0.0837853327
0.0129699856
0.0577623844
-0.031640891
0.0967328623
0.0317174308
0.134618938
-0.0430469103
0.0744927451
-0.0764858201
0.144533411
-0.0142586967
0.0821232051
0.0514429174
0.0526910983
0.0259318221
0.127573118
0.125088468
0.124937087
0.055506926
0.0303058047
0.118357524
0.176340088
0.0131554911
0.0488114432
-0.0189780649
0.173619688
-0.0623509288
0.0845027566
0.00857694168
-0.0316915177
-0.0365785994
0.0401854962
0.115646496
0.137962118
0.127722874
0.0499179587
0.0857585669
0.0988057256
-0.0143131074
0.0152334599
-0.015858585
0.0209813192
0.0921684951
-0.0351644717
-0.0746302381
0.024615597
0.130173355
-0.0106316525
0.00780874398
0.059453845
0.0439744703
0.0850047991
0.0212675612
-0.0261720289
0.10853745
-0.00792922545
0.109716631
0.0546791665
-0.0335961841
-0.00110964442
0.0403018147
-0.0348399393
0.0438245945
-0.102433234
0.244538784
-0.0190584362
0.0354408287
-0.0511307642
-0.0196040981
-0.069199875
0.0692679584
-0.103051484
0.100406088
-0.0377493016
0.249465361
-0.0266940929
0.0161237959
0.116029762
0.0659331828
0.06831453
0.15869391
-0.0363076255
0.0162941907
0.116105773
0.0434742793
0.0871890411
-0.00958917197
-0.0333154723
0.132242814
-0.0356512144
-0.0436823927
-0.010828929
0.0486553572
-0.060075216
0.0298161563
-0.0126002058
0.115440682
0.00828204211
0.122329757
-0.0217513237
-0.0496379696
0.0971533582
-0.0405172817
-0.0341598056
-0.0339313149
-0.098170191
0.0679522008
-0.0280985683
-0.0672059357
0.0332151614
0.169356316
0.139096782
0.0600408241
0.170151904
0.0660567954
0.0857125148
-0.0241545364
-0.00602879934
0.119764321
-0.00368097681
0.0358999185
-0.0473712385
-0.0481816381
-0.0214920212
-0.0838439539
-0.168802768
0.0268243235
0.032124728
0.0497191995
0.0560170673
-0.0927999765
0.168712452
-0.140571415
0.0603991151
0.0510264151
-0.140396833
-0.119601011
0.107094027
-0.174356908
-0.0880944729
-0.0627426505
0.0229195226
-0.00955306087
-0.0134181837
-0.0395852849
-0.0195902437
0.0263436511
-0.0423159748
-0.183433771
0.00161447038
0.135285541
0.0414659791
-0.072776489
0.0288297888
0.0745100379
-0.0893116146
-0.0589549318
-0.110893846
0.0134145478
-0.0494943485
0.0665816665
-0.0375525467
0.0833466053
-0.0619606674
0.0247819833
0.0307205729
-0.0294964425
0.0205690432
0.00221695914
0.0420354009
-0.060481634
0.0143193286
0.0081929164
-0.115833193
-0.20513384
-0.013198005
-0.0361811072
0.0534399971
0.0325765386
0.0256065503
0.000374639087
-0.0418434739
-0.0382774547
-0.12675634
-0.104213767
-0.0812205374
0.109303556
-0.0633388013
-0.0825072303
-0.111465767
0.0771604553
0.0137024708
-0.0483905524
-0.0304036029
0.063896805
0.0062922854
0.00302806823
-0.147588611
0.0266294144
0.0341264457
0.0186981577
0.0701610669
-0.123319536
0.126591086
-0.0460309982
-0.0294875596
-0.0254830867
0.177776501
0.115196675
-0.045736704
-0.0222719852
-0.197272792
-0.0715458766
0.0189958308
-0.0451102778
-0.0278349854
0.0740678534
0.0160127748
-0.0716225803
-0.20771721
-0.0672640279
-0.112115979
0.00275248662
0.0734622702
0.0159289576
-0.0483862311
0.00204349775
-0.0639037639
-0.00799662992
0.0621278062
-0.0856351331
-0.0618571118
-0.0477887765
-0.0821163878
-0.0357793532
0.00532277394
0.0427409373
0.0690961182
-0.0164159928
0.0172300804
0.0919149294
-0.160404995
-0.0106689353
0.0273861587
-0.0405232869
-0.173071772
0.0115720211
-0.0623026639
-0.0806038529
-0.154905364
0.00249194913
0.0266674981
-0.184648395
-0.180519879
0.028756531
-0.0425992012
-0.044701606
-0.112192214
-0.191237971
0.0793447495
-0.125767946
-0.100160956
0.0681074411
-0.0490275659
0.0615384392
-0.0240430571
-0.174461052
-0.0742886588
-0.0261278246
-0.0639986321
0.00979805831
-0.0437363014
-0.134719267
-0.0239434876
0.0840616301
-0.00505379215
-0.0857002214
-0.142160356
-0.114854574
-0.104887985
-0.075855352
-0.118107684
-0.0576973371
0.0297785662
-0.148570925
-0.0246789325
-0.10334754
0.00540995272
0.063850835
-0.181750238
-0.0446179137
-0.0117918588
-0.031848304
-0.0679670721
-0.103551127
0.024715364
-0.0197042264
0.00027384251
-0.0160940345
-0.00059322454
-0.135985151
-0.0570246503
-0.234809235
-0.0179627631
-0.138835073
-0.14111048
-0.0718244389
0.0103375493
0.0145684574
-0.0959884599
