-0.02964711
-0.0547726117
-0.0178676005
0.1297279
-0.0916605815
0.0304717571
0.151010275
0.0182262976
0.0489876904
0.0174423493
-0.143986762
-0.00869459845
0.0603403859
-0.101919085
-0.0757164136
-0.0280398745
-0.148335129
-0.0894282609
0.00123637868
0.125991896
-0.062819548
0.0209778994
0.165581197
0.0510135554
0.0119097447
0.0112364721
-0.0669635087
0.012746091
-0.027103601
0.0104706213
-0.0563099645
0.0178928692
-0.00582606066
-0.040741723
0.0799659491
0.0313020758
0.0305122789
-0.168211609
0.140825257
0.0612100065
0.0379559919
-0.0458955057
-0.039214123
-0.0479833297
-0.0126861315
-0.00485101249
0.00881979614
-0.0919277743
0.108479448
-0.0776948631
0.0529110879
0.139411449
0.170660138
-0.109105937
0.00166763773
0.0732053816
0.143636912
0.0703941733
0.0816881657
0.0481777973
0.0269483086
-0.0229626875
-0.0713939443
-0.0113341417
