0.0748815909
0.00593756279
0.000405876141
0.0872842893
-0.0951529369
-0.0482361428
0.0479456857
-0.000823028211
0.0140080191
0.102074109
-0.169726625
-0.142666414
0.0699295923
-0.112135231
-0.115509942
-0.103422098
-0.135277197
-0.0580322221
0.0529818572
0.0448557921
0.0196657199
-0.0154037625
0.121839352
0.129856259
-0.0683796257
-0.0129907224
-0.0944637805
-0.0734918118
-0.11716222
-0.0223031435
-0.0820305124
-0.0717246607
-0.0214167573
-0.0792959258
0.120658167
0.0499037094
0.104373366
-0.0730730966
0.0602845587
0.0404289663
-0.00351156015
0.0290323868
-0.010663325
-0.0147331012
-0.113378502
-0.00648217555
-0.0593922883
-0.115759842
0.000986905303
-0.0151621401
0.00485352287
0.0907878354
0.162662581
-0.0983471647
-0.0521339141
0.0448074043
0.108767703
-0.0333685577
0.0785164833
0.00957371481
0.00971011259
-0.0234636515
-0.0355710723
0.073113732
