-0.161710918
-0.0336997323
0.0269435588
-0.121991478
0.0932940766
0.0680371001
0.135935664
0.107302696
0.097363852
0.0499923415
0.0497271605
0.018083239
0.0202053599
-0.14102526
-0.058139313
0.106732339
0.119671322
0.108271934
0.128049761
-0.153909385
0.129594371
0.113959044
0.0750064775
-0.0796220377
-0.143720135
-0.0408844203
0.182509378
0.18386364
-0.081044592
-0.120112814
0.114578456
0.0755709931
-0.0422966145
0.0904966071
-0.0834093988
0.0216589626
0.173714578
0.0766039491
-0.00803742558
-0.063922666
-0.0149635402
0.00484625343
-0.101580352
-0.0580031201
-0.158186913
-0.102409452
-0.0840285346
-0.0816807151
-0.137611642
-0.0746505409
-0.0258651264
0.0517925546
-0.156527296
0.120924681
0.0947133005
0.0233719852
0.0356390551
0.0481688417
0.0859050527
-0.138831258
-0.00320436154
0.0276376139
-0.0442423597
-0.0639934838
-0.0534216426
-0.12464875
-0.0380397253
0.192143053
-0.0943679959
0.00708199991
-0.118894234
-0.0116482638
-0.213843018
-0.0694656968
0.103430174
0.116850942
-0.00524573866
-0.0858641639
-0.0110238772
0.000807116798
-0.111368082
-0.0699612722
-0.00776103651
0.11952202
-0.152910501
-0.0537874922
0.104614273
-0.104871228
0.0274356045
-0.0223392881
-0.0436830744
-0.0629039183
-0.0433719158
0.0827235654
0.0615727976
0.0895333216
-0.0379138328
0.135383666
-0.105001181
0.150057003
-0.20511879
-0.105251886
0.0344616622
-0.0186501388
0.124227755
-0.0787233189
-0.21336937
0.125256479
0.0733026862
0.149387598
-0.0790900066
-0.0874507502
-0.000991075998
0.0512737781
0.0835593417
-0.114564434
0.0725009739
0.0765990391
-0.0944973007
-0.0978197455
0.0696473122
-0.0656938255
0.112460703
-0.006595477
-0.142296806
0.0988823622
-0.0366153531
-0.065724805
0.0682657808
-0.0934149995
0.0734643787
-0.0190099292
0.0957930461
0.00674537383
0.0209436975
0.0330493338
0.0189752784
-0.151775047
-0.081298992
-0.148024902
-0.0960182473
-0.088644594
-0.0691052079
-0.0774799809
0.178627953
-0.0596941747
-0.0599426478
0.12411993
-0.135935411
-0.0184411928
0.0819993243
0.101769239
0.0875965208
0.115983404
-0.0776256919
-0.0376676656
0.131178439
0.0504424646
-0.0148920547
-0.0630663484
-0.0495901406
-0.127540439
-0.0477488413
-0.0544057339
-0.0806708485
-0.0366259292
0.015542916
0.0988952518
0.0819600746
0.135388508
0.0982462466
-0.0504347757
-0.168758601
0.0414119326
-0.0994779915
0.00856716279
0.0100037009
-0.117173068
-0.0804096088
-0.0846278891
-0.0503408983
0.0644097775
-0.0458227694
0.0537437573
0.0600822419
-0.15088053
-0.035514079
0.063238509
0.0860136077
-0.0994378701
0.0163016748
0.125299647
-0.190592512
-0.138390407
-0.159528121
-0.143834874
-0.132325947
0.00230527343
0.222511515
0.133378908
0.0755090043
7.53848435e-05
0.161705345
-0.0537704229
-0.0993281677
-0.103939317
-0.175962806
-0.0958859175
-0.110843576
0.171870708
-0.0308123939
-0.125589624
0.0494483858
0.0713777393
-0.135536447
-0.013864968
0.000930752256
-0.0757211745
0.0690316409
-0.0585538298
0.132377043
-0.152702734
-0.111512966
-0.029489968
-0.0869405344
-0.0150074
0.185586959
-0.0450531319
0.0906412974
-0.183027178
0.056427896
0.0513151698
-0.176213041
0.0141911423
0.0642952174
0.00542159332
0.183979437
-0.118706308
-0.141268432
-0.0292369593
-0.13087973
0.132133573
-0.0371595733
0.0361237787
0.111735001
-0.156695738
0.0206223857
-0.0797500312
0.0458149128
0.205478922
0.144982859
0.0536029004
-0.043884255
0.0143161798
0.0648385733
0.0997691005
