-0.633088589 -0.324325591 0.456778049 1.45900691 -0.705601811 0.929929912 0.46860075 0.490455806 -0.243535817 0.470450997 -0.696453214 -0.501085699 1.06075525 -0.685579062 -0.962419689 -0.0526850969 -1.28691387 -0.254358709 0.416964918 1.27584064 -0.698468745 -0.73759824 -0.185429603 -0.10571783 0.462894142 -0.234510139 -0.149939731 0.688933372 -0.245093524 0.45000574 0.235790968 0.421039104 0.0566802062 -0.577833056 -0.135945648 0.602828741 -0.262471437 -0.710888088 0.29599154 0.464448363 -1.12372208 -0.34402439 -0.427460313 0.0342883021 0.0592844859 0.0945347026 -0.794535398 -0.455840319 1.6548574 -0.628440499 1.1191473 0.867163658 1.90084171 -0.819907308 -0.0276570451 1.10948873 1.12478507 0.21822086 1.00002289 0.219888777 -0.189743191 -0.447202474 -0.694498777 -1.53575706
-0.0779684782 2.9325788 -2.9514575 -1.31548345 3.62857032 0.49567607 2.37100458 -0.610920012 2.71562839 0.65433234 -4.72117662 5.58072424 0.352959603 -2.62250972 1.57277572 -3.74836969 1.1354717 -0.626486599 1.05114269 0.666672587 -0.769743204 0.53729862 -0.23630549 5.99594212 1.8028214 -0.540815473 -4.2332201 -2.57091427 -0.486836314 0.156590253 -6.65126181 2.78466988 2.9359386 2.9593122 0.831895888 1.42252433 0.549634635 -5.45844793 0.0137937181 -3.39875698 -0.958309293 2.70892549 1.15782785 -0.0376434363 -1.26702833 0.105083637 -0.733522296 -0.775496781 1.33681989 -1.32618523 3.72862577 -1.2250303 -1.42562437 0.174457595 -2.30249906 1.56366169 -0.666668773 1.75281382 0.78660953 -1.07833588 -2.45192242 -1.95651352 -1.15451896 -1.62611127
-0.618344367 -0.755550265 0.406769574 1.1815064 -0.590888262 0.87046957 0.291862696 -0.00568473525 0.298140347 -0.0868271738 -0.444045782 0.194113851 0.816791773 -0.410780042 -0.799240232 -0.0226529688 -1.13410664 -0.387838602 0.157292157 1.28478193 -0.694093645 -1.08227479 0.0840185955 -0.348953307 0.756610274 -0.15890649 -0.126773611 0.62986362 0.643585205 0.165272653 -0.0830035433 0.743003845 0.0635078847 -0.251680762 0.121765316 0.923864305 -0.497319251 -0.516022086 0.605627179 0.191314936 -0.475732177 -0.792931139 -0.159801781 -0.48196134 0.102941319 0.474731386 -0.620461702 -0.471458048 1.15142238 -0.538492441 0.963606238 1.8981626 1.20357704 -0.785620749 0.577988505 1.36467516 0.890704274 0.321737021 0.558913767 0.711894691 0.492251933 -0.160204425 -0.673277438 -1.35806894
-6.35878277 -0.0798790157 5.74102449 -4.41970444 0.344107926 0.0534295663 -0.414381117 1.17816412 1.65655327 2.11808753 -1.76694298 3.64540625 1.81412888 2.06248307 -0.618392229 -2.09588218 -4.73056841 8.07336426 1.5880084 -1.09902561 2.03298402 -3.17777967 2.13890195 6.59123898 3.1306839 1.27096653 -0.485235423 -3.12470126 4.30191803 -1.71979415 1.97823131 -0.639356077 -1.2959187 2.71066761 3.66299438 5.53893423 -0.640484929 -4.83270073 -3.41598153 -7.46825075 -0.844605744 2.92960525 -3.02672338 -1.25968122 -0.172355354 -2.75282216 -5.910182 -1.21516669 1.21660817 -0.29500255 0.660911679 4.17343378 -1.36278999 -2.72119284 1.30972397 2.54192877 5.96116781 -2.58836341 0.108523913 -3.02631474 0.433875412 -2.67377329 1.01544166 -5.76899767
-0.241614252 -0.45371148 0.493989885 1.56579161 -0.921972215 0.64754796 0.299863011 0.339761972 0.024053365 0.258229554 -0.92264235 -0.813040257 1.6549809 -0.937959552 -1.22642481 -0.434068322 -1.1573503 -0.503218353 0.412331074 1.00479472 -0.683106244 -0.724827051 -0.11126408 0.418491632 0.391587526 0.141535088 -0.335984886 0.148095205 -0.691488147 0.23252362 0.141153604 0.646200776 -0.392206132 -0.161453232 0.25737232 0.551683486 0.021337837 -1.08864236 0.35620442 0.0461352468 -1.44397092 -0.382934332 -0.67023629 -0.538564086 0.118386768 -0.0823153257 -0.669101715 -0.259596944 1.88175583 0.00154216029 1.40738988 1.0283252 2.21318483 -0.800017297 0.158497304 0.780622482 1.48264551 -0.204978466 1.174245 0.212983891 -0.564934313 -0.739750266 -0.626578569 -1.74729025
-0.611854196 -1.33784389 0.00187298656 3.00763988 -1.08281851 2.27090478 0.98973012 0.362076283 0.450801551 -0.546098411 -1.00480795 0.182757646 1.29168916 -1.42038512 -1.02012181 -0.257348746 -2.31248093 -0.749649644 -0.212535396 2.02746868 -0.984695077 -1.37270129 0.695992947 -0.644407272 1.53081703 0.407701731 -0.355232358 0.689825714 0.441905469 0.136456251 -0.193113416 0.968762875 0.32896468 -0.479308099 0.794534445 1.81644046 0.606873095 -0.970365107 1.63585293 0.233429819 -0.906799078 -1.05118251 -0.283424377 -1.13605809 -0.151246041 0.487577498 -1.13644528 -0.92372328 2.05006456 -1.07611179 2.00925255 3.20307875 3.01375437 -1.63698697 1.39305913 2.82315326 1.75055981 0.745954156 1.12075245 1.47588551 0.247551501 -0.318921715 -1.43228102 -2.08105922
-1.01180422 -0.86694479 -0.0198503286 2.45496631 -0.81565851 1.83858955 0.828539491 0.467305362 0.246959612 -0.705204248 -0.764594615 0.369497657 0.977768958 -0.716627002 -1.00674951 -0.33013925 -2.066329 -0.656128049 0.189812034 1.50575984 -1.17548132 -1.31619847 -0.06821841 -1.03683865 1.2986058 0.317324579 -0.392567813 0.929900348 0.979022563 0.214747325 0.0167095214 1.11795449 0.187947109 -0.46056512 0.287913263 1.62112606 -0.0814242959 -0.392224908 1.07769847 0.442353666 -1.0829227 -0.776679218 -0.265374303 -0.470639586 -0.257699013 0.600635529 -1.2090441 -1.25995064 1.92119277 -1.42012227 1.34930587 2.31979132 2.23314857 -1.42360723 1.22159946 2.50578475 1.39028358 0.805738151 0.517389953 1.07940543 0.838395536 -0.0509294085 -1.22813749 -1.6834811
-1.4812144 -1.44215131 0.75717479 5.10251904 -1.3683387 4.56531334 1.53728735 1.5873642 -0.646291852 -0.0869750828 -1.61141825 -0.564917862 1.67677486 -1.56018043 -2.13561678 -0.192846596 -2.84723592 -0.748107612 1.00225842 2.77282023 -1.33933103 -3.11810684 -0.236907065 -1.75927997 1.23181725 0.118225597 -0.703441858 2.52227736 -0.0338528864 0.520087004 1.40642953 2.32796955 0.0485204607 -1.53007174 -0.690524936 2.3117702 0.0189936012 -1.07088268 0.766573012 1.1397059 -2.98520732 -1.47086322 -0.845170975 0.845834136 -0.124725908 0.50461328 -1.33421826 -1.73840988 4.21093702 -3.04753137 2.15909553 2.66553712 5.27017212 -2.17535257 0.992894351 3.80306411 2.58732891 2.07470846 1.8804878 0.734695137 0.946094215 -0.496728629 -1.97590661 -3.53580785
-0.864541531 -0.853844345 0.425720662 2.40219808 -1.34776616 1.97580779 0.684137583 0.318264484 0.25686124 0.0549057722 -0.581235886 0.113910809 1.24480748 -0.863504529 -1.06986904 -0.247783929 -1.54519081 -0.509004653 0.629875362 1.75352538 -0.888783753 -1.81366229 -0.130589902 -0.926995099 0.705473363 0.313216269 -0.347617984 1.16686177 0.780993283 0.648195207 0.416749984 1.07274139 -0.211211771 -0.665338755 -0.246316627 1.16655076 -0.390077204 -0.547976971 0.508464038 0.218189955 -1.73467624 -1.03870261 -0.0249444321 0.142134607 -0.698345244 0.93586129 -0.923237562 -1.22092855 2.121912 -1.34897447 1.35171318 1.81051826 2.3807044 -1.26836419 1.02757609 2.06479406 1.69008613 0.544832826 0.926956594 0.734687269 0.678908885 -0.214881748 -0.887561142 -2.0330832
-0.29850173 5.00649595 -2.15678811 -1.80669773 -0.462936461 1.45913172 2.80788732 0.1949417 4.90307379 -1.12848246 -4.17536592 3.77413273 -0.0850926191 -1.11756492 0.758093715 -1.05018735 0.855594337 -0.634372175 1.00252342 0.877131462 -0.93072921 2.96969199 0.165014088 5.04700089 2.50606489 0.38729322 -0.0442535207 -4.34200191 0.318662405 0.719086409 -8.46141434 4.24810028 6.35502052 1.57206178 -1.57094944 2.18537927 -1.9587245 -5.90930986 0.94127816 -1.97120607 2.65529394 0.380204797 0.161525622 -0.249814808 -0.990492582 -0.71212554 1.37571871 -1.3228333 1.34179997 -0.515660942 4.83083439 -0.218381286 -2.54774356 -1.34699261 -1.22643709 3.01076317 -0.502696872 -0.0894686431 5.0515666 -0.604649067 -0.857468426 1.44326687 -0.899067044 -1.80742514
