-0.63308847
-0.324325532
0.456778049
1.45900679
-0.705601811
0.929929852
0.46860072
0.490455866
-0.243535817
0.470451057
-0.696453214
-0.501085758
1.06075513
-0.685579002
-0.962419689
-0.0526851118
-1.28691387
-0.254358679
0.416964978
1.27584064
-0.698468804
-0.737598181
-0.185429603
-0.105717719
0.462894231
-0.234510109
-0.149939701
0.688933372
-0.245093569
0.45000574
0.235790968
0.421039104
0.0566802397
-0.577833116
-0.135945633
0.602828681
-0.262471467
-0.710888088
0.29599148
0.464448333
-1.12372196
-0.34402436
-0.427460372
0.0342883319
0.0592844561
0.09453471
-0.794535339
-0.455840379
1.65485728
-0.62844038
1.1191473
0.867163718
1.90084136
-0.819907188
-0.0276570898
1.10948873
1.12478507
0.21822077
1.00002289
0.219888747
-0.189743161
-0.447202504
-0.694498658
-1.53575695
-0.077968426
2.93257856
-2.9514575
-1.31548369
3.62857032
0.495675951
2.37100482
-0.610919714
2.71562815
0.65433228
-4.72117662
5.58072424
0.352959424
-2.62250972
1.57277584
-3.74836946
1.13547206
-0.62648654
1.05114269
0.666672468
-0.769743025
0.537298441
-0.23630549
5.99594259
1.8028214
-0.540815294
-4.23321962
-2.57091427
-0.486836225
0.156589895
-6.65126181
2.78467011
2.93593884
2.95931315
0.831896126
1.42252421
0.549634635
-5.45844841
0.0137937469
-3.3987565
-0.958309412
2.70892549
1.15782785
-0.0376434624
-1.26702821
0.105083786
-0.733522296
-0.775496781
1.33682001
-1.32618487
3.72862601
-1.22503042
-1.42562461
0.17445752
-2.30249858
1.56366193
-0.666668832
1.75281394
0.78660953
-1.07833576
-2.45192289
-1.95651329
-1.15451884
-1.62611103
-0.618344367
-0.755550385
0.406769633
1.18150663
-0.590888202
0.87046957
0.291862726
-0.00568474457
0.298140377
-0.0868271887
-0.444045931
0.194113895
0.816791952
-0.410780132
-0.799240291
-0.0226529427
-1.13410664
-0.387838632
0.157292187
1.28478217
-0.694093823
-1.08227503
0.0840186775
-0.348953366
0.756610394
-0.158906549
-0.126773685
0.629863858
0.643585265
0.165272623
-0.0830035433
0.743003964
0.0635079071
-0.251680791
0.121765323
0.923864484
-0.497319221
-0.516022205
0.605627179
0.191314995
-0.475732267
-0.792931259
-0.159801811
-0.481961399
0.102941342
0.474731445
-0.620461762
-0.471458137
1.1514225
-0.538492501
0.963606417
1.8981632
1.20357704
-0.785620809
0.577988625
1.36467528
0.890704393
0.321737051
0.558913887
0.71189487
0.492252052
-0.1602045
-0.673277497
-1.35806906
-6.35878277
-0.0798786432
5.74102449
-4.41970348
0.344108075
0.0534299947
-0.414380938
1.17816401
1.65655351
2.11808801
-1.76694274
3.64540601
1.81412876
2.06248283
-0.618392527
-2.09588218
-4.73056936
8.0733633
1.58800876
-1.09902573
2.03298426
-3.17777944
2.13890195
6.5912385
3.13068438
1.27096617
-0.485235482
-3.12470126
4.30191755
-1.71979463
1.97823119
-0.639355779
-1.29591882
2.71066737
3.66299462
5.53893471
-0.640484989
-4.83270073
-3.41598153
-7.46825027
-0.844605923
2.92960477
-3.0267241
-1.25968111
-0.172354981
-2.75282216
-5.91018248
-1.21516633
1.21660852
-0.295002341
0.660911858
4.17343378
-1.36278999
-2.72119308
1.30972385
2.54192901
5.96116877
-2.58836341
0.108524002
-3.0263145
0.433875442
-2.67377329
1.01544178
-5.76899719
-0.241614252
-0.45371154
0.493989825
1.56579161
-0.921972394
0.647547901
0.299863011
0.339761913
0.0240533426
0.258229554
-0.922642291
-0.813040257
1.6549809
-0.937959552
-1.22642469
-0.434068263
-1.1573503
-0.503218472
0.412331045
1.00479472
-0.683106124
-0.724826992
-0.111264005
0.418491364
0.391587645
0.141535074
-0.335984945
0.14809528
-0.691488206
0.23252362
0.141153619
0.646200776
-0.392206103
-0.161453277
0.25737232
0.551683366
0.0213378221
-1.08864212
0.356204361
0.0461353473
-1.44397092
-0.382934362
-0.670236111
-0.538563967
0.118386753
-0.0823153183
-0.669101775
-0.259596914
1.88175607
0.00154194329
1.40738976
1.0283252
2.2131846
-0.800017178
0.158497363
0.780622423
1.48264551
-0.204978421
1.174245
0.212983862
-0.564934373
-0.739750266
-0.626578391
-1.74729002
-0.611854136
-1.33784378
0.0018729344
3.00764012
-1.08281863
2.27090502
0.98973
0.362076163
0.450801581
-0.546098411
-1.00480807
0.182757646
1.2916894
-1.42038488
-1.02012205
-0.257348776
-2.31248069
-0.749649644
-0.212535337
2.02746892
-0.984695017
-1.37270117
0.695992947
-0.644407272
1.53081715
0.40770182
-0.355232298
0.689825654
0.441905439
0.136456221
-0.193113506
0.968762875
0.32896468
-0.479308069
0.794534504
1.81644011
0.606873095
-0.970365286
1.63585305
0.233429819
-0.906799078
-1.05118239
-0.283424407
-1.13605785
-0.151246101
0.487577558
-1.13644516
-0.92372334
2.05006456
-1.07611179
2.00925255
3.20307875
3.01375437
-1.63698697
1.39305937
2.82315326
1.75056005
0.745954096
1.12075245
1.47588563
0.247551695
-0.318921655
-1.43228114
-2.08105946
-1.01180422
-0.86694479
-0.0198502541
2.45496678
-0.815658569
1.83858967
0.82853955
0.467305362
0.246959627
-0.705204368
-0.764594674
0.369497716
0.977769196
-0.716627121
-1.00674963
-0.330139339
-2.066329
-0.656128168
0.189812034
1.50576019
-1.17548132
-1.31619871
-0.0682182461
-1.03683877
1.29860604
0.317324638
-0.392567903
0.929900408
0.979022741
0.214747429
0.0167095773
1.11795473
0.187947139
-0.46056515
0.287913352
1.62112617
-0.0814243257
-0.392225146
1.07769871
0.442353606
-1.08292282
-0.776679158
-0.265374333
-0.470639527
-0.257699132
0.600635588
-1.2090441
-1.25995064
1.921193
-1.42012262
1.34930611
2.31979179
2.23314857
-1.42360747
1.2215997
2.50578499
1.3902837
0.805738389
0.517389953
1.0794059
0.838395774
-0.0509294719
-1.22813773
-1.68348122
-1.48121405
-1.44215131
0.75717485
5.10251904
-1.36833882
4.56531334
1.537287
1.5873642
-0.646291792
-0.0869750679
-1.61141825
-0.564917862
1.67677486
-1.56018043
-2.13561726
-0.192846596
-2.84723592
-0.748107612
1.00225842
2.77282
-1.33933091
-3.1181066
-0.236906946
-1.75927985
1.23181701
0.118225463
-0.703441918
2.52227688
-0.033852838
0.520086825
1.40642977
2.32796931
0.0485205501
-1.53007174
-0.690525115
2.3117702
0.0189935789
-1.07088232
0.766573012
1.13970602
-2.98520684
-1.47086334
-0.845171094
0.845834255
-0.124725923
0.504613161
-1.33421803
-1.73840976
4.21093702
-3.04753137
2.15909553
2.66553664
5.27017164
-2.17535186
0.992894411
3.80306411
2.58732891
2.07470798
1.88048792
0.734694898
0.946094096
-0.496728539
-1.97590661
-3.53580785
-0.86454159
-0.853844345
0.425720572
2.40219808
-1.34776628
1.97580779
0.684137523
0.318264544
0.256861269
0.0549057052
-0.581235886
0.113910913
1.24480736
-0.863504469
-1.06986916
-0.24778387
-1.54519105
-0.509004712
0.629875422
1.7535255
-0.888783693
-1.81366205
-0.130589679
-0.926995158
0.705473542
0.313216358
-0.347618014
1.16686177
0.780993283
0.648195267
0.416749984
1.07274151
-0.211211801
-0.665338755
-0.246316567
1.16655052
-0.390077114
-0.54797703
0.508464038
0.218190029
-1.73467624
-1.03870273
-0.0249444395
0.142134592
-0.698345184
0.93586129
-0.923237622
-1.22092867
2.121912
-1.34897435
1.35171318
1.8105185
2.38070464
-1.26836419
1.02757633
2.06479383
1.69008613
0.544832766
0.926956654
0.734687209
0.678908825
-0.214881673
-0.887561083
-2.03308344
-0.298501551
5.00649595
-2.15678763
-1.80669844
-0.46293658
1.4591316
2.80788779
0.194941595
4.90307283
-1.12848318
-4.17536592
3.77413273
-0.0850928426
-1.11756492
0.758093476
-1.05018747
0.855594635
-0.634372413
1.00252342
0.877131402
-0.930729032
2.96969175
0.16501376
5.04700089
2.50606513
0.387293249
-0.0442534871
-4.34200191
0.318662226
0.719086409
-8.46141529
4.24810028
6.35502195
1.57206106
-1.57094932
2.18537855
-1.95872414
-5.90930986
0.9412781
-1.97120619
2.65529442
0.380204678
0.161525831
-0.249814659
-0.990492702
-0.712125301
1.37571847
-1.32283318
1.34179974
-0.515661001
4.83083487
-0.218381152
-2.54774237
-1.34699261
-1.22643733
3.01076341
-0.502696991
-0.089468807
5.05156565
-0.604649007
-0.857468426
1.44326723
-0.899067104
-1.80742538
