-0.63308847
-0.324325532
0.456778049
1.45900679
-0.705601692
0.929929852
0.468600631
0.490455806
-0.243535802
0.470451027
-0.696453333
-0.501085758
1.06075513
-0.685579062
-0.962419629
-0.0526851118
-1.28691399
-0.254358649
0.416964978
1.27584064
-0.698468685
-0.7375983
-0.185429603
-0.105717704
0.462894231
-0.234510109
-0.149939686
0.688933372
-0.245093569
0.45000574
0.235790968
0.421039164
0.0566801839
-0.577833056
-0.135945618
0.602828741
-0.262471467
-0.710888088
0.295991451
0.464448243
-1.12372196
-0.34402433
-0.427460372
0.0342883617
0.0592845082
0.0945346579
-0.794535398
-0.45584029
1.6548574
-0.62844038
1.11914718
0.867163599
1.90084147
-0.819907308
-0.0276570693
1.10948873
1.12478495
0.218220845
1.00002277
0.219888747
-0.189743221
-0.447202474
-0.694498777
-1.53575695
-0.0779684037
2.9325788
-2.95145774
-1.31548345
3.62857008
0.495675892
2.37100458
-0.610919714
2.71562791
0.65433228
-4.72117662
5.58072424
0.352959543
-2.62250924
1.5727756
-3.74836946
1.13547206
-0.626486719
1.05114257
0.666672528
-0.769743025
0.537298501
-0.236305431
5.99594307
1.80282128
-0.540815413
-4.23321962
-2.57091379
-0.486836165
0.156589895
-6.65126228
2.78467011
2.9359386
2.95931315
0.831896007
1.42252409
0.549634635
-5.45844841
0.0137937469
-3.39875674
-0.958309352
2.70892596
1.15782785
-0.0376435816
-1.26702809
0.105083801
-0.733522415
-0.775496781
1.33681989
-1.32618511
3.72862625
-1.22503006
-1.42562473
0.17445749
-2.30249834
1.56366193
-0.666668832
1.75281382
0.786609411
-1.07833576
-2.45192242
-1.95651317
-1.15451872
-1.62611103
-0.618344367
-0.755550385
0.406769603
1.18150651
-0.590888202
0.87046963
0.291862726
-0.00568475388
0.298140436
-0.0868271589
-0.444045931
0.194113895
0.816791832
-0.410780102
-0.799240232
-0.0226529241
-1.13410676
-0.387838662
0.157292187
1.28478205
-0.694093823
-1.08227491
0.0840186775
-0.348953307
0.756610394
-0.15890649
-0.126773685
0.629863858
0.643585265
0.165272623
-0.0830035508
0.743004084
0.0635079145
-0.251680821
0.12176536
0.923864484
-0.497319281
-0.516022205
0.605627179
0.191314965
-0.475732237
-0.792931318
-0.159801781
-0.481961429
0.102941334
0.474731386
-0.620461702
-0.471458077
1.15142262
-0.538492501
0.963606298
1.89816308
1.20357716
-0.785620928
0.577988625
1.3646754
0.890704513
0.321737051
0.558913946
0.71189487
0.492252052
-0.160204485
-0.673277497
-1.35806906
-6.35878229
-0.0798790306
5.74102497
-4.41970348
0.344107836
0.0534296967
-0.414380938
1.17816401
1.65655351
2.11808777
-1.76694274
3.64540601
1.81412888
2.06248283
-0.618392587
-2.09588242
-4.73056841
8.0733633
1.58800864
-1.09902573
2.03298426
-3.17777967
2.13890195
6.5912385
3.13068438
1.27096629
-0.485235363
-3.12470102
4.30191755
-1.71979451
1.97823155
-0.639355779
-1.29591858
2.71066737
3.66299462
5.53893471
-0.64048475
-4.83270168
-3.41598105
-7.46825075
-0.844605982
2.92960501
-3.02672386
-1.25968146
-0.172355324
-2.75282216
-5.91018248
-1.21516645
1.21660852
-0.295002282
0.660911679
4.17343378
-1.36278999
-2.72119308
1.30972385
2.54192924
5.96116781
-2.58836365
0.108524211
-3.02631497
0.433875382
-2.67377353
1.01544201
-5.76899862
-0.241614223
-0.45371148
0.493989825
1.56579161
-0.921972275
0.647547901
0.29986304
0.339761972
0.0240533873
0.258229554
-0.922642171
-0.813040078
1.6549809
-0.937959671
-1.22642469
-0.434068263
-1.1573503
-0.503218472
0.412331074
1.00479472
-0.683106124
-0.724827051
-0.111263976
0.418491364
0.391587555
0.141535118
-0.335984886
0.14809528
-0.691488206
0.23252365
0.141153678
0.646200776
-0.392206043
-0.161453247
0.25737232
0.551683426
0.021337837
-1.08864212
0.35620442
0.0461353064
-1.44397092
-0.382934391
-0.67023623
-0.538563967
0.118386745
-0.0823153257
-0.669101715
-0.259596884
1.88175583
0.00154198054
1.40738988
1.0283252
2.2131846
-0.800017178
0.158497304
0.780622423
1.48264551
-0.204978466
1.17424476
0.212983906
-0.564934254
-0.739750266
-0.626578391
-1.74729013
-0.611854196
-1.33784389
0.00187298656
3.00763988
-1.08281863
2.27090502
0.98973012
0.362076253
0.450801551
-0.546098351
-1.00480795
0.182757646
1.29168928
-1.42038476
-1.02012205
-0.257348746
-2.31248069
-0.749649644
-0.212535352
2.02746892
-0.984694958
-1.37270129
0.695993006
-0.644407272
1.53081715
0.407701761
-0.355232298
0.689825594
0.441905499
0.136456206
-0.193113476
0.968762875
0.32896471
-0.479308158
0.794534504
1.81644022
0.606873095
-0.970365226
1.63585305
0.233429819
-0.906799078
-1.05118251
-0.283424377
-1.13605809
-0.151246011
0.487577498
-1.13644528
-0.9237234
2.05006456
-1.07611191
2.00925279
3.20307875
3.01375461
-1.63698709
1.39305925
2.8231535
1.75056005
0.745954096
1.12075257
1.47588551
0.247551769
-0.318921745
-1.43228114
-2.08105946
-1.01180422
-0.86694479
-0.019850269
2.45496655
-0.815658569
1.83858967
0.82853955
0.467305422
0.246959537
-0.705204368
-0.764594615
0.369497746
0.977769136
-0.716627121
-1.00674963
-0.330139309
-2.06632924
-0.656128168
0.189812034
1.50575995
-1.17548132
-1.31619871
-0.0682183802
-1.03683877
1.29860604
0.317324609
-0.392567873
0.929900408
0.979022622
0.214747354
0.0167095885
1.11795461
0.187947184
-0.46056515
0.287913352
1.62112606
-0.0814243555
-0.392225087
1.07769871
0.442353755
-1.08292282
-0.776679277
-0.265374303
-0.470639497
-0.257699132
0.600635588
-1.2090441
-1.25995076
1.92119312
-1.42012239
1.34930611
2.31979179
2.23314857
-1.42360723
1.22159958
2.50578499
1.3902837
0.80573833
0.517389953
1.07940578
0.838395834
-0.0509294532
-1.22813773
-1.68348122
-1.48121417
-1.44215119
0.75717485
5.10251856
-1.36833882
4.56531334
1.53728724
1.5873642
-0.646291733
-0.0869751126
-1.61141801
-0.564917862
1.67677486
-1.56018031
-2.13561702
-0.192846656
-2.84723616
-0.748107553
1.00225842
2.77282
-1.33933091
-3.11810708
-0.236906946
-1.75927973
1.23181701
0.118225507
-0.703441858
2.52227712
-0.0338528678
0.520086884
1.40642977
2.32796931
0.0485204905
-1.53007174
-0.690524995
2.3117702
0.0189935789
-1.07088244
0.766573012
1.13970602
-2.98520708
-1.47086322
-0.845171034
0.845834255
-0.124726027
0.504613161
-1.33421826
-1.73841
4.21093702
-3.04753113
2.15909529
2.6655364
5.27017164
-2.17535233
0.992894351
3.80306435
2.58732867
2.07470798
1.88048804
0.734694839
0.946093976
-0.496728688
-1.97590649
-3.53580785
-0.864541531
-0.853844404
0.425720662
2.40219808
-1.34776628
1.97580779
0.684137642
0.318264484
0.256861329
0.0549057797
-0.581235886
0.113910913
1.24480736
-0.863504469
-1.06986904
-0.247783959
-1.54519093
-0.509004712
0.629875481
1.75352526
-0.888783693
-1.81366205
-0.130589768
-0.926995218
0.705473483
0.313216329
-0.347618014
1.16686165
0.780993342
0.648195207
0.416750044
1.07274151
-0.21121183
-0.665338755
-0.246316552
1.16655052
-0.390077114
-0.54797703
0.508464038
0.218190044
-1.73467612
-1.03870273
-0.0249443874
0.142134637
-0.698345304
0.93586129
-0.923237562
-1.22092867
2.12191176
-1.34897435
1.35171318
1.81051803
2.38070464
-1.26836431
1.02757609
2.06479383
1.69008613
0.544832766
0.926956534
0.734687328
0.678908944
-0.214881718
-0.887561142
-2.03308344
-0.298501641
5.00649548
-2.15678763
-1.80669844
-0.46293658
1.45913136
2.80788803
0.194941536
4.90307283
-1.12848318
-4.17536545
3.77413297
-0.0850925446
-1.11756504
0.758093536
-1.05018747
0.855594695
-0.634372413
1.00252342
0.877131343
-0.93072927
2.96969223
0.16501388
5.04700089
2.50606537
0.387293339
-0.0442535765
-4.34200144
0.318662465
0.719086528
-8.46141529
4.24810028
6.355021
1.57206118
-1.5709492
2.18537855
-1.95872414
-5.90930986
0.9412781
-1.97120607
2.65529418
0.380204707
0.161525831
-0.249814659
-0.990492642
-0.712125361
1.37571847
-1.3228333
1.34180009
-0.515660882
4.83083487
-0.21838136
-2.54774308
-1.34699261
-1.22643721
3.01076365
-0.502696872
-0.089468658
5.05156612
-0.604649067
-0.857468545
1.44326711
-0.899067163
-1.80742526
