0.1824627221 0.1987325996 0.2316066474 0.3871980906
0.2971323729 0.2161214501 0.259085834 0.2276604027
0.1390735954 0.4479726255 0.3328695893 0.08008416742
0.3075861335 0.281439811 0.2259191871 0.1850548834
0.1927565783 0.2995383143 0.3076557815 0.2000493109
0.259144485 0.2225495428 0.2148398608 0.3034660816
0.3407634497 0.2340071648 0.1554152519 0.269814074
0.1279105246 0.1940532178 0.3510026038 0.3270336092
0.3385108411 0.268856883 0.1781479716 0.2144842446
0.2179689258 0.1923841089 0.2805196643 0.309127301
