-0.633088529
-0.324325591
0.45677796
1.45900691
-0.705601871
0.929929972
0.468600661
0.490455776
-0.243535876
0.470450997
-0.696453214
-0.501085639
1.06075525
-0.685579002
-0.962419629
-0.0526851341
-1.28691387
-0.254358709
0.416964918
1.27584076
-0.698468745
-0.7375983
-0.185429543
-0.105717778
0.462894261
-0.234510124
-0.149939686
0.688933492
-0.245093569
0.45000571
0.235790983
0.421039134
0.0566801913
-0.577833056
-0.135945588
0.602828801
-0.262471408
-0.710888028
0.29599148
0.464448363
-1.12372208
-0.34402442
-0.427460313
0.0342883766
0.0592844561
0.0945347697
-0.794535339
-0.45584029
1.65485728
-0.628440499
1.1191473
0.867163777
1.90084159
-0.819907308
-0.0276570804
1.10948873
1.12478507
0.21822086
1.00002289
0.219888866
-0.189743072
-0.447202504
-0.694498777
-1.53575695
-0.0779684037
2.9325788
-2.95145774
-1.31548357
3.62857008
0.495676011
2.37100482
-0.610919833
2.71562791
0.654332221
-4.72117662
5.58072424
0.352959514
-2.62250948
1.57277548
-3.74836922
1.13547206
-0.626486719
1.05114257
0.666672707
-0.769743085
0.537298679
-0.236305475
5.99594259
1.80282152
-0.540815473
-4.23321962
-2.57091379
-0.486836225
0.156590015
-6.65126181
2.78466988
2.93593836
2.95931315
0.831895947
1.42252421
0.549634576
-5.45844841
0.0137937171
-3.39875698
-0.958309054
2.70892549
1.15782797
-0.0376434661
-1.26702821
0.105083741
-0.733522415
-0.77549684
1.33681989
-1.32618511
3.72862577
-1.22503018
-1.42562437
0.174457446
-2.30249858
1.56366205
-0.666668773
1.75281394
0.78660959
-1.07833588
-2.45192242
-1.9565134
-1.15451884
-1.62611115
-0.618344307
-0.755550265
0.406769574
1.1815064
-0.590888202
0.870469451
0.291862726
-0.00568476506
0.298140407
-0.0868271291
-0.444045782
0.19411388
0.816791773
-0.410780042
-0.799240291
-0.0226529576
-1.13410664
-0.387838602
0.157292202
1.28478181
-0.694093764
-1.08227491
0.0840186253
-0.348953336
0.756610334
-0.158906505
-0.126773655
0.629863679
0.643585205
0.165272608
-0.0830035508
0.743003845
0.0635079071
-0.251680762
0.121765301
0.923864365
-0.497319281
-0.516022146
0.60562712
0.191314965
-0.475732177
-0.792931199
-0.159801796
-0.481961399
0.102941357
0.474731386
-0.620461702
-0.471458018
1.1514225
-0.538492441
0.963606238
1.89816296
1.20357704
-0.785620689
0.577988565
1.36467516
0.890704274
0.321737051
0.558913887
0.711894691
0.492251933
-0.16020447
-0.673277497
-1.35806894
-6.35878181
-0.0798785239
5.74102497
-4.41970348
0.344107777
0.053430032
-0.414380938
1.17816401
1.65655351
2.11808801
-1.7669425
3.64540601
1.81412864
2.06248283
-0.618392229
-2.09588218
-4.73056841
8.0733633
1.58800864
-1.09902561
2.03298426
-3.17777991
2.13890219
6.59123898
3.13068414
1.27096641
-0.485235423
-3.12470102
4.30191755
-1.71979463
1.97823131
-0.639355958
-1.29591882
2.71066737
3.66299438
5.53893471
-0.64048481
-4.83270073
-3.41598177
-7.46825123
-0.844605923
2.92960501
-3.02672362
-1.25968111
-0.172355205
-2.7528224
-5.91018248
-1.21516669
1.21660829
-0.295002282
0.66091156
4.17343378
-1.36278999
-2.72119284
1.30972397
2.54192877
5.96116829
-2.58836365
0.108524151
-3.02631474
0.433875501
-2.67377281
1.01544178
-5.76899862
-0.241614163
-0.453711361
0.493989825
1.56579161
-0.921972394
0.64754802
0.299862981
0.339761972
0.0240533575
0.258229554
-0.922642291
-0.813040197
1.6549809
-0.937959611
-1.22642493
-0.434068412
-1.15735018
-0.503218353
0.412331134
1.0047946
-0.683106184
-0.724827111
-0.11126399
0.418491572
0.391587615
0.141535163
-0.335984975
0.148095191
-0.691488326
0.23252365
0.141153678
0.646200776
-0.392206311
-0.161453187
0.25737232
0.551683426
0.0213378221
-1.08864212
0.35620442
0.0461352654
-1.44397104
-0.382934362
-0.67023623
-0.538564026
0.118386678
-0.0823153555
-0.669101775
-0.259596914
1.88175595
0.00154210441
1.40738988
1.02832508
2.21318483
-0.800017178
0.158497289
0.780622542
1.48264551
-0.20497857
1.17424512
0.212983727
-0.564934373
-0.739750326
-0.62657851
-1.74729013
-0.611854076
-1.33784378
0.0018729791
3.00764012
-1.08281863
2.27090502
0.989730179
0.362076223
0.450801551
-0.546098351
-1.00480795
0.182757586
1.29168928
-1.42038488
-1.02012193
-0.257348716
-2.31248069
-0.749649644
-0.212535396
2.02746916
-0.984695077
-1.37270141
0.695993006
-0.644407272
1.53081703
0.407701731
-0.355232269
0.689825594
0.441905469
0.136456192
-0.193113416
0.968762815
0.32896471
-0.479308158
0.794534445
1.81644034
0.606873035
-0.970365167
1.63585293
0.23342979
-0.906799078
-1.05118251
-0.283424377
-1.13605785
-0.151246071
0.487577498
-1.13644528
-0.92372328
2.05006456
-1.07611179
2.00925255
3.20307875
3.01375437
-1.63698697
1.39305925
2.82315326
1.75055981
0.745954096
1.12075245
1.47588551
0.247551724
-0.318921685
-1.43228126
-2.08105946
-1.0118041
-0.86694479
-0.0198502243
2.45496655
-0.815658569
1.83858967
0.828539491
0.467305392
0.246959507
-0.705204368
-0.764594674
0.369497716
0.977769136
-0.716627181
-1.00674951
-0.330139279
-2.066329
-0.656128109
0.18981193
1.50575995
-1.17548132
-1.31619859
-0.0682182014
-1.03683865
1.2986058
0.317324579
-0.392567903
0.929900348
0.979022622
0.21474728
0.0167095885
1.11795461
0.187947065
-0.46056515
0.287913293
1.62112617
-0.0814242661
-0.392225146
1.07769859
0.442353696
-1.0829227
-0.776679099
-0.265374243
-0.470639467
-0.257699162
0.600635469
-1.20904398
-1.25995076
1.92119288
-1.42012239
1.34930611
2.31979179
2.23314857
-1.42360723
1.22159958
2.50578475
1.3902837
0.80573827
0.517390013
1.07940567
0.838395774
-0.0509294681
-1.22813761
-1.6834811
-1.4812144
-1.44215167
0.757174611
5.10251904
-1.3683393
4.56531334
1.53728747
1.5873642
-0.646291733
-0.0869751573
-1.61141837
-0.564917743
1.6767751
-1.56018043
-2.13561702
-0.192846566
-2.84723616
-0.748107553
1.00225842
2.77282023
-1.33933115
-3.11810732
-0.236906737
-1.75927961
1.23181736
0.118225552
-0.703442156
2.52227736
-0.0338529348
0.520086884
1.40642941
2.32796979
0.0485204309
-1.53007174
-0.690524995
2.31177068
0.0189936236
-1.07088244
0.766573131
1.13970613
-2.98520756
-1.47086322
-0.845171034
0.845834076
-0.124726161
0.504613101
-1.33421814
-1.73841
4.21093798
-3.0475316
2.15909553
2.66553712
5.27017212
-2.17535257
0.99289453
3.80306411
2.58732891
2.07470822
1.88048828
0.734695256
0.946094275
-0.496728688
-1.97590673
-3.53580856
-0.864541531
-0.853844464
0.425720572
2.40219808
-1.3477664
1.97580791
0.684137762
0.318264544
0.256861329
0.0549057648
-0.581235886
0.113910899
1.24480736
-0.863504469
-1.06986916
-0.247783929
-1.54519105
-0.509004772
0.629875422
1.75352526
-0.888783753
-1.81366217
-0.130589679
-0.926995277
0.705473483
0.313216269
-0.347618014
1.16686177
0.780993342
0.648195207
0.416749984
1.07274139
-0.21121186
-0.665338755
-0.246316493
1.16655064
-0.390077055
-0.54797709
0.508464158
0.218190104
-1.73467636
-1.03870273
-0.024944365
0.142134666
-0.698345304
0.935861409
-0.923237622
-1.22092867
2.121912
-1.34897459
1.35171318
1.81051826
2.38070488
-1.26836443
1.02757621
2.06479383
1.69008636
0.544832826
0.926956534
0.734687269
0.678909004
-0.214881748
-0.887561083
-2.03308392
-0.298501611
5.00649595
-2.15678787
-1.8066982
-0.462936521
1.45913148
2.80788755
0.194941595
4.90307331
-1.1284833
-4.17536545
3.77413273
-0.0850925446
-1.11756492
0.758093536
-1.05018759
0.855594456
-0.634372294
1.00252342
0.877131045
-0.930729032
2.96969199
0.165013999
5.04700089
2.50606537
0.38729322
-0.0442532934
-4.34200144
0.318662167
0.719086528
-8.46141529
4.2480998
6.35502195
1.57206106
-1.5709492
2.18537855
-1.95872414
-5.90930939
0.9412781
-1.97120631
2.65529418
0.380204678
0.16152592
-0.249814898
-0.990492761
-0.71212554
1.37571859
-1.32283318
1.34179997
-0.515660822
4.83083439
-0.218381211
-2.54774308
-1.34699261
-1.22643709
3.01076341
-0.502696991
-0.0894687176
5.05156612
-0.604649067
-0.857468486
1.44326699
-0.899067044
-1.80742538
