0.1848512292 -0.07375097275 0.5669937134 -0.2871486247 -0.3224362731 -0.4905627072 -0.05440219492 -0.02546600439 -0.6071805954 0.5958532095 -0.4670802057 0.3661550879 -0.1829339862 -0.7435715795 -0.3739078343 -0.5712093711 -0.2958796024 -0.1882699281 0.2826539278 1.68054986 -0.273676306 -0.6552292705 -0.7824358344 -0.7014381289 0.09943653643 -0.2549294531 -0.3434021473 -0.1787714809 0.0328339003 1.250888944 0.7709550261 -0.03599061817 -0.6559377313 0.5419927239 -0.2368867695 0.1681617647 -0.6745749116 1.249587536 -0.358930558 -0.07267218828 -0.1994688064 -0.2663516402 -0.8943513036 0.1349247247 -0.5009257793 -0.2828952968 -0.1199019924 0.3824084997 0.1557620764 -0.7472475171 -0.1299821585 0.8964383006 -0.2548542619 0.0700584203 -0.4842549264 -0.3141877055 -0.7683759928 -0.3898589313 -0.03201445565 -0.1856095493 -0.158719033 0.4378028214 0.8735817075 -0.7250060439 0.07513107359 -0.09744077921 0.3217701912 0.5109856725 0.6446243525 -0.1761082709 -0.1305701435 0.2059407532 0.1809532195 0.3803914189 -0.1546698064 0.8781861067 0.1004349813 -0.05467813462 -0.1368471831 0.3552258611 -0.1734314561 -0.1322817206 0.01120712794 0.2313280106 -0.1480322331 0.08762840927 -0.01484806091 0.2120740265 -0.1331902146 -0.09860896319 0.1538857669 0.4139444232 0.1219603792 -0.07638947666 -0.008296264336 0.2711856067 0.03768484667 -0.009372131899 0.05699551105 -0.01188004855 -0.1809384376 -0.02370740473 -0.09534416348 0.3431395888 -0.09384170175 -0.0607441701 0.05035920069 0.2031179518 0.07405034453 -0.1189578176 0.009008707479 -0.1232616752 -0.1449450552 -0.08735305816 -0.1443434954 0.2712380588 0.005177981686 -0.1504840851 0.1292515993 -0.02061699703 0.0001287775813 -0.08952778578 0.5085849762 -0.03131356835 -0.1009488702 0.03097658977 0.04476359859 -0.02060499229
-0.001223375089 -0.1333538443 0.7317589521 -0.2578244507 -0.6507172585 -0.6232380867 0.4119285941 0.366209507 -0.6194862723 0.6159153581 -0.258983314 0.1093526781 0.03283179924 -0.7055038214 -0.2344861478 -0.7616063356 -0.2664845288 0.4800989032 2.258445263 0.6908862591 -0.6050854921 -0.6028795242 -0.8394636512 -0.6515522003 -0.0741655305 -0.01589488611 -0.654332459 0.1123638749 0.0007238176186 1.001318693 -0.04880930856 -0.3170190752 -0.5367616415 -0.3318875134 -0.3625049293 0.3809489906 -0.3182543814 0.3814077377 -0.2459718883 -0.1615293324 -0.3927127123 -0.2784642577 -0.8944324255 0.04396275058 -0.3927496672 -0.6054232717 -0.4355224073 0.5121610165 0.6905414462 -0.5660699606 0.6451592445 -0.04203662276 -0.6372944117 -0.4587160051 -0.317340076 -0.3994318545 -0.2333334386 -0.3432255983 0.5251686573 0.5079994798 -0.3631048203 0.1489555091 0.1822056472 -0.7879763842 -0.05609403178 -0.08981719613 1.670158148 -0.2721871734 0.2023048848 -0.2821214497 0.2538415492 1.51039958 0.3725324571 -0.03102856688 -0.2517958581 1.373891592 0.4217505455 -0.05024474487 0.8883272409 0.6497341394 -0.03124159202 0.03918692842 1.260790825 0.1208395064 0.5049004555 0.4465213418 -0.2903738022 1.327654123 -0.2251866162 0.5879913568 -0.2721524537 0.7253568172 0.1088067368 -0.1577082276 -0.1793436557 0.02299233712 -0.06471164525 0.08979769796 1.554709792 1.437213659 0.2548897266 -0.1571214646 -0.2733417749 0.2111233771 -0.06634321064 -0.1611166745 0.1727022678 -0.1203122586 0.3550311029 -0.2471144199 -0.06145209447 -0.2452926636 -0.2562334239 -0.2484828383 0.04752514884 0.9815920591 0.4904168248 0.465675503 1.086268783 0.6661130786 1.554707766 -0.2814316154 1.57544148 0.5947551131 -0.2750206888 -0.03367039189 0.3080460131 -0.1796491593
-0.1072707325 1.766006947 0.1324724108 0.5592948794 0.8024294972 1.434126377 2.032264948 -0.02989404649 3.372276306 -0.1310082674 0.4987510443 1.022915125 -0.1185756996 -0.3728452921 0.1523933262 1.550280452 -0.6322127581 -0.6914125681 0.2763599157 2.5973804 3.444617271 -0.2309627533 -0.02318994328 0.003935447894 0.4642452598 -0.4949596524 -0.3465313315 1.851846099 -0.1308302432 0.2962520719 0.1589989811 0.2524677515 1.511816382 0.3280957043 0.4915080369 2.843880892 -0.7067924142 1.680711031 -0.6265659928 0.8525937796 1.786248803 2.844617844 0.1940623075 -0.3190115392 -0.5874544382 1.033971071 2.280445814 0.2128688246 3.219087839 1.078968644 -0.3651685417 -0.01338401716 5.448041916 1.379238486 -0.0383425951 -0.2471618354 1.339139104 6.840722561 1.133067727 -0.55107373 -0.5543366075 0.1436550617 -0.2688624561 1.196607828 -0.2327643484 0.06063895673 0.6639241576 -0.1509199739 0.3015701771 0.3067114651 -0.170784831 0.1468605399 0.6863259077 -0.09700621665 0.5991144776 1.310168982 -0.0735110268 0.6281028986 1.894792318 2.777133942 -0.2491212189 -0.2399587333 1.555693984 0.6931122541 -0.09818162024 0.6496539712 -0.2085251808 0.7282310724 -0.2479727119 -0.2323193103 -0.1058052331 1.739222646 -0.2168251723 -0.1171714887 -0.1915485114 0.5647188425 2.511935234 -0.1730425805 -0.2155518681 4.072993279 -0.2472551316 -0.1600673646 7.674691733e-05 0.7260508537 0.3914266229 0.6233184338 0.923194468 -0.2145541757 -0.06917973608 1.502279639 -0.1005645618 -0.01393997669 0.07582996041 0.4102890193 -0.08531339467 -0.1851637959 -0.01922486536 -0.07316618413 0.2106272131 -0.2141299546 1.632768869 -0.1151538715 2.879491806 0.1235391498 -0.1123720482 -0.2044322193 -0.1010897607 -0.1692526042
0.749525249 0.817645371 1.19867754 -0.06084151939 -0.361079812 -0.6465652585 -0.08440682292 -0.4058656096 -0.5703892112 -0.0429091379 -0.4396871626 0.6152365208 -0.2897761762 -0.04998259246 -0.7745060325 -0.6088290215 0.5067995787 -0.3571155667 -0.8116178513 2.169146299 2.398098946 -0.7375556231 -0.7590278983 1.896042824 0.4240332544 -0.1295969635 -0.2278582454 -0.1324070096 1.649557471 0.3439541161 0.654175818 0.02522315644 -0.4288721383 1.078607559 0.8696047664 -0.4850437939 -0.2698993981 1.992051601 -0.3023056686 1.141277909 0.2998299301 -0.1212508529 -0.7291889191 0.27916044 0.7844683528 -0.2023367286 0.9776362181 0.3844204843 -0.00111203792 -0.8307786584 -0.3417568207 0.5884591937 0.6584015489 0.2492821515 1.110501289 -0.2372808903 0.369846195 -0.2871820629 -0.1340182275 -0.3178143203 -0.4429598749 0.7704845071 -0.3655460179 0.8915364146 -0.08138859272 -0.156258136 0.195007056 0.01926826872 0.0344606936 -0.1517310143 0.1320504695 -0.04017297924 0.1760887057 0.2896319628 -0.1068559512 0.2819000781 -0.1556287408 0.2856301665 -0.1755802482 -0.09907197952 0.1690458953 -0.001281682635 -0.1668566465 -0.1001600698 0.6840860248 -0.1639603376 -0.08831108361 1.244321942 -0.1610222459 -0.1486218423 0.00756727159 0.04928885773 0.5683938861 -0.1381695718 -0.1361027211 -0.1248889044 0.03933146223 -0.01374347508 0.02411980368 -0.1665313244 0.1740573496 -0.1422532052 -0.1472178251 0.529892683 -0.09077748656 -0.1178225949 0.03047500364 -0.05788579956 0.6189184189 -0.1344173253 0.4837551713 -0.1381997615 0.1245175377 -0.1306841969 -0.1345015466 -0.1383287758 0.2489811629 -0.1213160455 0.4061368108 -0.06066640839 0.6267518401 -0.1112023592 0.1330784857 -0.1561339051 -0.1541999727 -0.1377974451 -0.1397577077 0.6400695443
0.7223148942 0.7204934359 1.544013977 -0.1381397694 -0.2201241851 -0.7026913762 0.07745528221 0.03064243123 -0.4835946858 -0.1851760149 -0.2531422377 1.136600852 -0.05392894149 -0.4877434075 0.2158397734 -0.4980693161 -0.4317045808 -0.3952471912 0.3035489321 2.630005598 2.247046232 -0.5830542445 -0.6837561727 -0.4701821506 0.03622290492 -0.2516297698 -0.2899736762 -0.1987215132 1.091944933 0.793857038 0.690489471 -0.06054011732 -0.62614429 1.12009263 0.5504595637 0.2080459446 -0.6829830408 2.386489868 -0.4078770876 0.5302679539 0.08720571548 0.8727385402 -0.8067353368 0.2133601606 -0.3703178763 -0.3146018684 1.327420712 -0.137934491 -0.03604090959 -0.5388489366 -0.134187758 0.6372869611 1.318569779 0.8291457891 0.7778885961 -0.1175765693 0.7308194637 -0.1585433781 0.8605427146 -0.0602857396 -0.4552991092 0.9699301124 0.2110480219 0.5527781844 0.02683486417 0.05630688742 1.024423361 -0.09796934575 0.01955341734 -0.1602021009 -0.08943443 0.2851586044 0.173865065 0.2860498428 -0.01678887196 0.7524105906 -0.007077813614 0.0742162466 0.6517199874 0.04292784631 -0.1489372998 -0.04943101108 0.5736125708 0.09361781925 0.04941238835 -0.07094860077 -0.1386934668 0.08135026693 -0.1418288201 -0.08736012876 0.003445044393 0.2335184216 0.02876706049 0.141340062 0.02562530898 -0.0485184826 -0.01322991401 -0.004046516959 -0.1264598668 0.4987264276 -0.1570656747 -0.00675485516 -0.1411565393 0.2971105576 0.02103069425 0.02790486254 -0.03754735366 0.0948549062 -0.02463709936 -0.03846566379 0.01985336654 -0.1273320764 -0.1121007502 -0.06460923702 0.09581343085 -0.08676932752 0.0875447318 -0.06205378845 0.4427144229 -0.06923533976 0.8107603788 -0.1283131838 0.7084256411 0.2222091556 -0.1506731063 0.1674794257 -0.008259667084 0.01738582738
-0.06233323365 0.5852916837 1.103691339 0.2385136485 -0.293401897 -0.5986456871 -0.3294399977 0.786716938 -0.3422386646 1.022860885 0.05005755648 0.6641718149 0.2524480522 -0.7823586464 0.6288340688 -0.5289450288 -0.3825561702 -0.555867672 1.184903622 1.253627896 -0.1627622545 -0.6627669334 -0.5351219773 -0.5150387287 0.01329567377 0.2336204052 -0.02202173509 2.008639812 0.4863717556 1.364187598 1.226702332 -0.03248939663 0.6320419908 0.6806952357 0.04128936678 2.834417343 -0.7042913437 1.307301164 -0.5158509612 0.6921150684 0.4402883351 -0.7487418652 -0.8257731199 -0.1420075893 -0.646350503 -0.7225595117 -0.1294012517 0.4739813507 0.2464875877 -0.8722240329 1.35730052 1.022983909 -0.2447957397 0.6004974246 0.1904732436 0.07584988326 -0.2472915202 0.8012651205 1.56915617 1.209481359 -0.02991211228 0.4008255005 0.5577189326 -0.7855251431 -0.1745079011 0.08707289398 0.7505583167 -0.1576500237 0.3660945594 -0.2008443028 -0.04881764576 1.584986448 -0.1891505569 0.883208096 0.136947751 1.286744714 0.2788607478 0.04100181907 2.312040806 0.01538080908 -0.1913521588 -0.1855651438 1.298958898 -0.1421466321 -0.1925681978 0.08859844506 -0.1494826376 -0.1295630485 0.01611133665 0.2709927857 -0.1285066605 0.5798489451 -0.07398527116 0.006981616374 0.0796231553 0.0438568294 1.088534951 -0.1576068103 0.08330929279 2.512230635 -0.187752828 -0.0613120012 -0.1971642375 0.4555125833 0.6847214103 -0.1932317019 0.2217587382 -0.1013826653 -0.1354987025 -0.1961802989 -0.186086297 -0.1674220413 -0.1584816873 -0.1647793949 0.3774619401 0.07534121722 -0.1873936057 -0.08044037223 0.9981585145 -0.01554789767 1.395917177 -0.1950613707 1.149576426 1.106128573 -0.1138230562 0.01838284172 -0.1042160764 -0.1954006106
-0.02322189324 0.2921900749 -0.01514256932 -0.2900355756 -0.6549546719 -0.5413130522 0.05015207082 0.5459435582 -0.347102046 1.430039048 -0.1458086371 -0.2557745278 -0.6818344593 -0.7519015074 -0.6473742127 -0.4807184339 0.5272623301 0.7698656917 0.8326306343 0.4928093255 -0.532068491 -0.8453546166 -0.8862848878 -0.2992175519 0.8729665279 0.001220173319 -0.7542706132 1.034569502 -0.6291831136 0.7263524532 0.05035446584 -0.1283256263 -0.6250391006 -0.5209931731 -0.6885250211 -0.198321417 -0.5701596141 -0.225328356 -0.04200426117 -0.3776348829 -0.1478078663 -0.2267941684 -0.8804787397 0.04534414411 -0.5670387149 0.03263217956 -0.750618875 1.309161782 1.685642362 0.1285937726 2.00460434 -0.400490731 -0.7456046343 -0.7381634116 -0.3053198159 -0.506608665 -0.4503636658 1.537238836 0.1234953105 0.04257607087 -0.4286949039 -0.6214776039 -0.477116853 -0.9100458622 -0.1305814385 -0.1622005701 0.7006673217 -0.1762656868 0.8764932156 -0.2353370786 -0.06117577478 0.4715027213 0.4925810695 0.1782955527 -0.137378037 1.265346885 -0.1027499214 -0.07852037251 -0.01971217245 0.4156909585 -0.1395017356 -0.1631042063 0.1316021532 -0.04037524387 -0.247528553 0.07965484262 -0.2636660337 0.5286151171 0.2836723328 0.4065035582 -0.0234883111 1.347637415 -0.02580085211 -0.1892841309 -0.04061126336 -0.01551999059 0.001056901179 -0.2388449609 0.0948895067 0.4695056677 0.009924023412 -0.1624599993 -0.2527455091 0.4604892731 -0.04534755647 0.1125231758 0.3468309939 -0.176063031 0.3062840998 0.03652022779 -0.2480249256 -0.1793250293 -0.1495659947 -0.1870097518 0.2609884739 0.1197792962 -0.2023905665 -0.1051717252 0.3608922362 0.2299916148 0.7503095269 -0.1589323282 0.7437178493 0.4982582629 -0.16556786 -0.1648505628 -0.2338571399 -0.251493603
-0.5801234841 -0.3437168896 1.408140659 -0.6273447871 -0.7135449648 -0.7596236467 -0.245263949 -0.157568574 -0.6092711687 2.338099241 -0.7624619603 0.1503354311 -0.6135553718 -0.8257321119 -0.2194735706 -0.6633008122 -0.8003616929 -0.618904829 0.482442826 2.065975189 1.44833076 -0.7486575842 -0.8298656344 -0.6679031253 -0.08933246881 -0.5394198298 -0.769803822 -0.1222998723 0.4358593822 2.403165102 1.550369382 -0.07746263593 -0.5444437265 1.246900558 -0.7154733539 1.393823504 -0.8929593563 2.267865181 -0.8370932937 -0.1096089482 -0.5865488648 0.5564911366 -0.8189859986 0.2909736633 -0.8197650909 -0.004416887648 1.334736109 -0.4839245975 0.5155898333 -0.7570745349 0.1546916664 0.9598222971 0.2145133615 0.5611726642 -0.5639384389 -0.6594806314 0.1689584851 0.08682888001 1.500126719 0.5983218551 -0.5299177766 0.3366941512 1.474044323 -0.1727683842 -0.1084676161 -0.1809367388 0.7287379503 0.3003767431 0.6985636353 -0.2107093185 -0.1123621911 0.3290915489 0.2487404794 0.7790485024 -0.1244966462 1.068933129 0.09225194156 -0.1524568498 -0.05561724305 0.3848965764 -0.2107260674 -0.199385494 -0.124390319 0.2015904188 0.3848262727 -0.008354698308 -0.131973967 0.137641415 -0.1722664982 -0.1547662169 0.1354717016 0.4420126081 0.1399704665 -0.02801795118 -0.09392479062 0.1964018196 0.07455450296 -0.0112978192 -0.1531960219 0.1672486216 -0.2118962109 0.1461960971 -0.2114276886 0.216117546 -0.1327852607 0.0274615176 0.1642767191 0.2864229083 -0.03119863942 -0.1374723464 0.298183918 -0.1906314194 -0.05779517069 0.04078753293 -0.1222148538 0.099782601 0.08780316263 0.2286612988 0.1051835269 -0.152201429 0.4148059785 -0.08240313828 1.02175796 0.07283580303 -0.1708399057 -0.1729906946 -0.05884322152 0.08475983888
-0.2431886345 0.004342203029 -0.3039599955 0.1227635443 -0.6074848175 0.3913162053 0.5714203715 -0.2326654941 -0.8407812119 -0.0619177483 0.169802621 0.2720919847 -0.2183611542 -0.8825420737 -0.6323196888 1.205756664 2.899406672 0.6989861131 0.7755513191 1.824342966 1.570618629 -0.8300954103 -0.6495835185 4.182389259 0.6523475051 0.2652706504 -0.7315738797 1.056915998 0.5342469811 0.6924629807 1.073096514 0.3168061078 -0.6956499815 1.087297559 1.4381603 -0.133719489 0.985435605 0.685177803 -0.235732317 -0.01318461355 1.102717996 -0.141087383 -0.9699879289 0.4681295455 1.321544886 -0.5237353444 -0.04818991572 1.362088203 -0.3394123316 -0.8259818554 -0.5608534813 0.9623034596 -0.6661359072 -0.3941283226 1.68223846 -0.4196649492 0.1508693248 0.4289442301 1.577974796 -0.1905795634 1.08223033 0.2958602905 0.7020429373 -0.8324571252 -0.2196880281 -0.1682148874 -0.1885846555 0.1579776257 0.02945013531 0.1594302952 0.4534279704 0.3531843722 -0.215880543 0.03486221656 0.07171189785 0.02688869834 -0.1620597839 -0.249933064 -0.2304258943 1.43493855 1.288888693 1.00990653 0.1223029643 0.3688221872 0.6582286954 -0.2449103743 -0.1917100698 3.660238266 -0.0963479504 -0.04940503463 -0.2406392545 0.8109405637 0.4283208549 -0.1252215356 -0.1211267784 -0.2129426599 -0.2243374586 0.1590087861 1.339652419 -0.1442739815 1.140892029 -0.1541163027 -0.2339908332 -0.0855756402 0.2909513712 0.01325298194 -0.2533270717 -0.126854524 1.195008159 -0.2424707413 0.04760639369 -0.1655803323 0.1804894358 -0.2303079665 -0.2106647193 0.5888243914 -0.2342496663 -0.1365340054 1.61706233 -0.2101684511 0.4834881723 -0.1505658478 1.13043499 -0.1277909428 0.8365450501 -0.1109355614 0.2984268367 -0.2267356366
-0.6189897656 -0.2597581744 1.383195281 -0.6936982274 -0.718031764 -0.7926951647 -0.2791022062 0.4251967669 -0.6136415005 2.283013582 -0.7304618955 0.1849191934 -0.3819925189 -0.782749176 0.4829386771 -0.5717058778 -0.7131997347 -0.4347806573 1.875490427 1.191139817 -0.7360287309 -0.796759963 -0.9031251073 -0.7304808497 -0.1197283641 0.3035076559 -0.5472259521 1.134580374 0.08261746913 3.13594532 2.161984444 -0.2183628976 -0.2877940536 1.139649749 -0.6917336583 2.606196165 -0.9001392722 1.3439219 -0.7830911875 0.01445676852 -0.2667239904 -0.8988916278 -0.9350266457 0.268753618 -0.8596486449 -0.7214099765 -0.02528082579 -0.6203514338 0.3497051001 -0.839037478 1.106040239 0.8035255075 -0.6471827626 0.3144346774 -0.3477491438 -0.5014166832 -0.3608271182 -0.009200859815 1.810233593 1.207785487 -0.5501652956 0.6075311303 1.875783563 -0.9118090868 -0.1821460277 0.04732680321 0.7078186274 -0.1969633102 0.03832893819 -0.2029291987 -0.07300688326 2.182165861 -0.2007741779 1.316824675 0.0562771745 1.422721982 0.04981608316 0.1531928629 2.978333235 -0.06986086071 -0.197981894 -0.09672665596 1.413706899 -0.08423674852 -0.1948021054 -0.1522202194 -0.1897101253 -0.1877900362 -0.09931265563 0.170543015 -0.1991411746 0.519395113 -0.02941171639 0.1701396108 0.1768718511 -0.1861384511 0.8631390929 -0.1642082334 -0.06120139733 2.536986351 -0.2023710012 -0.1034557447 -0.1964050531 0.07186771929 0.9776363373 -0.2018659562 -0.1278219968 -0.1531167179 -0.203471154 -0.1779090166 -0.1887141317 -0.1928549111 -0.1554831564 -0.2033750117 0.3394751549 0.01858218014 -0.19586505 -0.04352036491 1.606145144 -0.1839081496 2.010587215 -0.1694971025 1.44515419 1.340577245 -0.1923329532 0.04231823608 -0.06763074547 -0.2043140233
