1.22074044
0.530048311
0.872533083
0.672631204
0.309942722
0.223760962
0.701708138
0.572481036
0.565281451
0.0484864861
0.394528955
0.190915704
1.24900675
0.728825629
1.56849241
0.575051785
0.276952773
0.469134778
0.481761307
0.132821769
0.821396708
0.184395462
0.478634357
0.0677814335
1.64133227
0.545899034
-0.158605114
0.043593429
0.336333126
1.08525836
0.611013055
2.48311615
1.3590436
0.144326553
0.979829192
0.207678407
0.168789387
0.480435163
0.565435588
0.282364726
2.00437522
0.178694144
0.710009813
0.70570147
1.39319253
1.53974092
0.232178688
0.309308827
1.54439151
0.865169406
0.00141936541
0.746362269
1.03306007
0.252885967
0.153515786
0.597884893
1.97872496
0.711936355
1.00882244
0.537668526
1.4123596
0.541181266
0.179826975
1.49430203
-4.04790831
-2.65572882
2.38808012
0.604151964
-2.63040805
-1.11026847
0.0359732881
3.59681797
-0.10944581
1.39123917
2.36324143
2.27404714
-2.37048173
-3.48651767
-0.984814584
-5.9588666
-1.3643024
-0.399122417
0.668881893
-3.92702222
5.29303265
1.41840208
-2.42025185
4.14253139
3.81991196
-1.5883981
1.90592146
-4.2184329
-1.93143487
3.20300293
3.00885892
-6.03870344
-0.176944673
0.891414762
0.717838287
-0.257483333
0.532666326
2.06003308
1.09843075
2.89809155
-2.04721379
-0.407025456
-3.26593542
-0.76087743
2.26838851
-4.43567276
0.568162858
3.22158694
-0.289237261
-0.660913646
-1.8289454
1.30383325
-3.22667503
-2.45067191
2.33243704
-1.53225756
1.70250249
6.20949936
-2.35298014
1.48718321
0.664554119
2.78277588
1.23495829
0.679409981
0.752306163
0.171214402
0.435435772
0.691453516
0.221794397
0.941787124
0.49849689
0.206057027
0.289693356
0.0956822932
0.276879072
0.568735838
0.471043706
0.14815788
0.101067647
0.761990428
0.276853234
0.223843694
0.551391542
0.511209488
0.600481749
0.633980989
0.610982776
0.217149734
0.924650133
0.253257096
1.18392861
0.191223532
0.144511312
0.339772761
0.746948957
2.53295183
0.749051094
0.561991215
0.796630502
0.0109735951
0.156639695
0.210399032
0.0872444287
0.155759543
-0.0269850623
0.0818701163
0.282973289
0.0910130888
0.180676609
0.412000865
0.0564135015
0.271842688
0.440683246
0.311685264
0.51440382
0.0738970116
0.285231531
0.199806064
0.437418461
0.315872848
0.642888308
0.263132513
0.445177913
1.66726172
0.649908543
0.38741076
0.907711208
0.783584952
-0.61522907
0.0382086374
4.78461838
7.75832605
2.56576824
-4.18109369
-2.06460333
-10.2012005
-3.75522232
-1.84046733
2.96896362
-0.389220208
3.24100924
-2.19538355
4.90030479
-2.86330152
-3.03155756
0.404918849
2.49040818
-3.44334435
-4.86996746
-0.427326262
-0.0671195537
5.70349646
3.24856687
-0.111847177
5.05699968
1.58514476
-3.79213548
-0.123607583
5.21823883
4.14038801
5.53265142
7.41811371
0.217250496
-1.67696238
-2.20661187
-0.635176778
-5.51525879
2.91014814
5.11967564
0.0494488254
-7.12463379
1.99284875
0.976250112
0.920319557
3.7431438
-2.3300755
1.42229652
-6.90603876
3.14815998
-6.44767761
1.80309308
-0.0819530487
-0.124477655
-2.7205658
3.69994092
-2.11233425
-4.7093749
0.217911884
-3.59514308
5.05810642
1.35090697
-0.786129236
1.44804943
1.00860357
0.405949891
0.821401119
-0.0308940839
0.390728235
0.105022013
1.59845412
1.24840236
0.81443727
0.214483589
0.56628722
2.13535833
0.301348269
3.10457301
0.745068014
0.408080429
0.835154712
0.520727277
0.262530953
0.620016098
0.0409683138
0.830563307
0.00245784968
2.59802341
0.746825814
-0.130128577
0.289605081
0.435809374
0.843626678
0.322224379
1.39029384
0.836800814
1.26369119
1.41507339
0.906878233
0.694747925
0.193423763
0.450195491
0.270178199
1.19269228
0.686020374
0.586174905
0.849537492
1.78830659
2.2247169
0.784342706
0.470960349
1.28978944
0.829537332
1.46653008
0.595794022
1.77866411
0.264553308
0.411442518
0.40738672
1.5021522
0.252933413
1.46308708
1.09745646
1.74767065
0.978238046
0.779947281
1.25976849
1.11919856
0.263290226
0.22727704
1.26851404
-0.0348027274
0.294534743
0.281115472
0.14766112
1.63018525
1.05486727
1.11276662
0.845899343
1.03754675
0.140863657
1.51296628
2.21835136
0.350159436
1.72031283
0.179898888
0.501267314
1.64617991
0.451729983
1.09031522
-0.0461622402
0.373366684
0.162690938
0.440104455
0.349506736
0.707208455
1.37480223
0.0173747689
1.11561871
0.258386433
1.09445751
0.578684032
0.913530707
1.19692028
0.801986098
1.04189217
0.416957498
0.81365633
0.925070345
0.792291403
1.02849555
0.975548506
0.219926089
1.75560617
0.179313123
0.860396087
1.12724376
2.4025507
1.79175627
0.464731872
1.03187084
0.402619869
0.117346585
0.693583131
0.465987712
0.844658136
0.621574879
0.976310849
1.13214159
1.46479201
1.30846953
0.641457796
0.18798922
0.223450571
0.250846803
0.426296324
0.482300103
0.924247026
0.190681264
0.982514739
0.40802592
1.73517418
0.774165988
0.574995875
0.000995472074
-0.00299386145
1.49925303
1.59238267
0.871251762
-0.102322042
0.422573805
0.891027808
0.389535248
0.5936777
0.139006481
0.164983332
0.807944953
1.00895143
0.115798756
0.820048928
0.497949362
0.170615122
3.08126593
0.531329811
0.946813583
0.969182134
0.507892251
0.653146803
1.17571008
1.27515924
1.56899869
0.668413877
0.573446214
0.59796083
0.296318084
0.3377707
-0.088376537
0.551414549
0.297341645
0.343818635
1.3925612
0.19858861
1.69254088
0.200146616
0.272221386
0.18727605
0.271655619
1.1250273
0.72768569
0.517148077
1.87873793
0.284804046
1.17771041
0.648894429
2.04976654
2.91777515
2.44645023
1.37549555
1.05974138
0.395536035
1.72199953
3.31698728
0.625845075
1.09246635
1.53389335
1.84416401
0.0718852133
1.91267371
1.79480815
2.27322412
0.997624218
2.68775463
1.13850713
0.0881111324
0.345036924
1.37913084
0.27141282
0.406744629
2.01383877
2.43148184
1.47764373
0.44655481
0.43589437
2.58929586
1.56501544
0.677702725
4.67413807
0.992380202
0.406725168
0.778082609
0.859426916
0.748270631
3.24782133
2.31565547
3.36081648
3.55982065
0.583238721
1.79447162
1.8499465
1.74559319
1.25689316
0.596319437
0.800703406
1.98863363
0.873616159
0.0306244269
3.05787635
0.0395546556
1.05691123
1.41072321
0.369880855
2.79285741
2.57570004
1.97409713
0.516479969
1.75011563
1.24975777
0.184139043
3.35738134
0.935760617
0.951824963
0.864373207
1.895239
1.21026695
0.674458385
1.26276243
0.0707276314
0.682342291
0.321434677
0.927585363
0.462135822
0.774847984
1.4635036
0.908720195
0.357084811
1.74511421
0.803730488
0.0250389576
0.407698154
0.504360616
0.0405310877
0.301585108
0.149833292
1.82005644
1.40995264
2.02136183
0.485412836
1.37446821
0.597767472
0.258579522
3.9095602
0.0281487852
0.927235246
0.659619927
0.991911888
0.252009124
1.02436066
0.979584575
1.56612754
1.37578762
0.929030955
0.748871326
1.00833845
0.315379739
0.352858216
0.235383362
1.41912222
0.994428158
1.23590255
0.400038153
1.50013375
0.396857619
0.702172577
0.939152956
0.449539781
1.98933792
0.971111417
1.17193985
2.34570408
0.663348734
1.02202821
0.70301801
1.84190488
-1.12575185
-4.14371443
1.49353087
4.59467411
0.600729585
-1.59934831
1.08064556
1.29825044
-0.602044761
-1.36393809
4.15016127
2.30092573
-2.41864371
-2.78446221
-0.10898222
-3.07546091
-1.95198488
-0.894096196
0.981585145
-0.11378929
1.18145347
3.08506393
-3.31031394
2.68344736
0.328579545
-3.8102901
1.39448893
-3.81898999
-1.86074257
-0.258555293
0.297048122
-5.72093201
4.45341158
1.88947856
4.08325243
-0.938648701
-1.2161926
1.61634862
-0.469923317
-2.60202217
0.162047535
0.205076098
0.497820228
-1.08841574
3.20416737
-5.93999529
1.86288476
2.18961835
0.548984885
-2.39701819
-0.811375082
0.0802761391
0.0604709499
-2.43509173
4.17628908
-4.01455545
1.88926983
2.01814985
-0.230286017
1.57801545
-0.630980074
2.68526196
2.33594728
2.98511386
