4.000479698 -0.926121593 -0.015044764 -9.773055077 0.032067955
2.039876699 -0.841443658 -0.057315826 -8.756804466 0.042257056
2.869522572 -0.746919870 0.358789206 -9.117860794 0.367429137
5.272299767 -0.070087016 0.278058529 -8.355054855 0.014415607
4.948126316 -0.827049673 0.132196635 -13.673804283 0.082070664
2.494978666 -1.074996233 -0.055231400 -12.117061615 0.119186051
-1.375594616 -0.695426702 0.022492744 -5.286159515 -0.000793569
4.998438835 -1.567183495 0.064859971 -19.917289734 0.005016759
4.369911194 -0.240536004 0.006085046 -7.227154732 0.020479083
2.801645279 -1.728290319 -0.050250642 -18.281902313 0.081840046
