-0.5914367437
-0.06455942243
-0.2828865647
-0.04997554421
0.03794359788
-0.06820648164
-0.2618927658
0.03826269507
0.1640601456
-0.05040613189
-0.4164552689
-0.08878516406
-0.1086350679
-0.280084163
-0.1740947962
0.1120578498
-0.08902464062
-0.1214521676
0.07766305655
-0.06577003002
-0.2432590276
0.152232185
-0.2779151797
-0.09342920035
-0.1701727211
-0.09719412774
0.2735260427
-0.1921795607
-0.0916968286
0.4701072276
0.3726066649
-0.0599514991
0.1420066804
-0.4002639651
-0.2260775417
-0.6121835709
-0.1049272791
-0.2133004218
0.3007624745
-0.2148220986
-0.1242271438
0.1827591658
0.05218894035
-0.007534348406
0.8803490996
0.02880968526
0.308249265
-0.2811050415
0.04353409261
0.2217865884
0.02412765473
0.4980294108
-0.2021009922
-0.04263908044
0.1028065383
-0.1197853535
-0.1400922686
-0.03604984283
0.06022801995
0.1443676949
0.201948747
0.0335649699
0.4148315489
0.08236598969
-0.01549438573
0.03738514334
0.05614997074
-0.160950914
0.09543716908
-0.07075890154
-0.02725010924
-0.02043250389
0.1170006618
-0.1426233351
-0.06607589871
0.1250917017
-0.08770022541
-0.07285482436
-0.3841792047
0.212121442
-0.359857887
0.186871618
-0.1042005643
-0.2432049066
-0.0530260466
0.09870708734
0.09149315208
0.1694239676
-0.2148371488
-0.006047120783
0.5453572273
0.06010309979
-0.1312078536
0.08391447365
-0.1587261111
0.07428365946
0.5106086731
0.2571654022
0.2074834704
-0.1254151314
-0.0218966417
0.4261793792
0.03633408248
0.09095302969
0.02409062348
0.09348863363
-0.01210340392
-0.3361576498
0.03870884702
0.03136328235
-0.2121897936
-0.2177077383
0.1577020735
-0.2971271276
0.09115928411
0.142910406
0.009453045204
-0.3124619722
0.09904506803
-0.1423505247
-0.1216147393
0.4187344313
-0.2057064027
-0.2095322609
0.3444932401
0.1409162432
-0.2624435723
-0.00690810848
0.05094203353
-0.1568839699
-0.2116848975
-0.1492236555
-0.1356034875
-0.01206781436
-0.05681912974
-0.1471692026
-0.07527132332
-0.1533507407
-0.08921575546
0.04432491958
0.03406893089
0.1608628035
0.2510045171
0.2790942788
-0.09687797725
0.21718885
-0.2219606638
0.3965971768
-0.07530463487
0.423397243
0.336494118
-0.2803498209
-0.1831811368
0.1258401722
0.2410210073
-0.08360622823
0.090524517
0.4600147605
0.03028958291
0.07167101651
0.2719757259
-0.05271269009
-0.002534820465
0.09479834139
-0.1150839329
0.09061148018
0.05222856253
0.04429124296
-0.207690075
0.03304167092
0.06646990031
-0.156121403
-0.01318412181
0.01415309217
0.1074299142
-0.1200309098
0.04355325922
-0.1277888417
-0.006465840153
-0.1026644558
0.110897176
0.09793208539
0.1049559116
-0.1105880663
0.04626758024
-0.152802363
0.1756297648
-0.2564013898
-0.03823238611
-0.1133462265
-0.1530225873
-0.2011584193
0.08518064022
0.4439020157
-0.1658132672
-0.1192807853
-0.1708595753
-0.03700356558
-0.5389658213
-0.03741382807
-0.257283628
-0.5202083588
-0.03342875093
0.05011028424
0.129781276
-0.0663260445
-0.0365812853
0.2701860964
0.0250820145
0.4697359502
-0.05060769618
0.06490068138
0.2213566303
0.2923046947
-0.3176356852
0.1791240275
0.08647737652
-0.06407378614
-0.02171948552
0.1488788724
0.03230228275
-0.3181756437
-0.03298309445
0.3703192472
-0.4615102708
0.437848419
0.2319416702
0.394143641
-0.02114186436
0.5049016476
-0.4597849846
0.05702077597
-0.01987349428
-0.113854982
0.1298907846
-0.06979291886
-0.3035528362
0.1563422233
0.1647703052
0.2325812727
-0.1607201993
0.1260575354
0.3533382714
0.2930718362
0.2809488475
-0.01885899343
0.008034222759
-0.06548520178
0.03312896565
0.2205340266
0.3152165711
0.04759847
-0.01667709276
0.3410370648
0.1160547063
0.391651094
0.2976533473
-0.02173628472
0.09391503781
0.1673629731
-0.1149906516
0.1946463436
-0.03304851055
0.2035172731
-0.1493487507
-0.05439962447
0.03068628907
-0.09443975985
0.08594278991
-0.2796453238
-0.1407729387
0.2420806736
-0.01496481337
0.2334329486
0.2298765182
0.1090423763
0.3097321987
-0.1112072691
0.2975902855
0.1689715683
0.1008930579
-0.0794133693
-0.05808724463
0.05371944606
-0.0895049572
0.191474691
-0.09983350337
-0.09974618256
0.08845862001
0.0295694042
-0.06975508481
0.09933964908
0.1828252077
0.00854873471
0.2534466386
0.07853154838
0.006664583459
0.05477609858
0.117530629
-0.04744751751
-0.009272314608
-0.03979631513
0.005379694514
-0.08256776631
-0.01717331819
0.1190569401
0.0529576838
0.1126980036
-0.02270243503
0.123543188
-0.08801017702
0.09663938731
-0.03222891316
0.01052351855
-0.01309670787
0.03971831501
-0.08682854474
-0.0193465855
0.1580571234
0.01768531092
0.1586212516
0.5168945789
-0.297676146
-0.3796059191
0.01620623469
0.1503905058
-0.3234645128
0.07033289224
0.1744956374
-0.3468776643
0.09734606743
-0.07420043647
-0.05966698378
-0.3290964365
0.01835273579
-0.02259544283
0.0650235936
-0.1203968525
0.04860407859
0.3866818249
0.3886969984
-0.416136831
0.01439646445
0.2489454448
0.09544162452
0.03537208959
0.06180050224
0.005642098375
-0.05667272583
-0.2234750688
-0.1222981811
0.09179765731
0.03943286836
-0.1525021344
0.1171731427
-0.167888239
-0.0431400612
0.02082626522
0.03581759706
0.0187664479
-0.12947613
-0.01814094558
-0.1161803827
-0.01600268111
0.06161276996
0.2419485301
-0.08644869924
-0.0462965332
0.04122357443
0.1224316508
-0.01281568408
0.1370924711
-0.00250888383
-0.2484889477
0.1176880226
0.07006150484
0.0009271872113
0.0291540157
0.006614489481
-0.07281086594
0.009375705384
-0.1261788756
-0.0009140999755
0.1437469423
0.1232149005
0.1185764149
-0.04611309245
0.01206838712
0.003775819903
-0.5494894981
0.2895013988
0.1704205573
-0.02324129827
0.3202378154
0.02497931756
-0.4559862912
0.5027795434
0.08784770966
-0.2214286923
0.1495516896
0.06894818693
0.05070233345
0.04372220486
0.318176806
0.2255441546
-0.1455615908
-0.2483158112
0.1911350638
0.09215538949
-0.1517103016
-0.2701772451
-0.1618838608
0.2541231513
-0.1265656352
-0.06412880868
0.05735754967
-0.197351709
-0.06689205021
0.007346122991
-0.583147943
0.2900193632
0.3426020145
0.3599445522
-0.1144258976
-0.1422368735
-0.09689885378
-0.1881693304
-0.3166422248
-0.4128994942
0.1249478608
0.3232558072
-0.02856429107
0.2388429195
0.5097512603
-0.06718963385
-0.1249770373
0.05155221745
0.1318926215
0.1863699108
-0.2453394979
0.0913233757
-0.008405279368
0.171905145
0.1319982708
0.1573302001
0.1118347496
-0.1707081646
0.1562376618
-0.07853199542
0.03395433724
-0.1634262502
0.3140637875
-0.06358007342
0.4647889137
-0.1809194535
-0.2808761895
0.193642959
0.4685809612
0.2268345505
-0.1129242629
0.1357360929
0.02870473266
0.06489752233
0.05090762302
-0.1724508107
-0.1813074797
-0.01430480927
-0.1668375582
0.2067688257
-0.08641249686
-0.1285501271
0.04846597835
0.2984508872
-0.03639270738
0.1798235774
-0.4903126955
-0.4865992069
-0.03477804363
0.4128073156
-0.1741825193
0.173993513
0.101587072
0.1365186274
-0.2104294002
0.4089007974
-0.07162066549
-0.2619890869
-0.06895451993
0.3176442683
0.2412976027
-0.1137202457
0.1570599079
-0.2850496769
0.1088907942
0.539090097
0.5084229708
0.354131043
-0.3356166482
-0.1606360972
-0.04114268348
0.1298816204
-0.1418155581
-0.01794813946
0.1995248199
-0.1180937737
-0.1411886364
-0.057599172
-0.0365104191
-0.3731574714
0.2180972397
0.2725276649
-0.1139686108
