0.0105381459
-0.05772995204
-0.0387159884
0.02815199643
-0.06993801147
0.04780655727
-0.05007134005
-0.04370459169
0.04523546994
-0.03796914592
0.0358428359
0.04197360203
-0.04622276872
0.03606029972
0.009316096082
0.02360948361
0.05774405599
0.01270543132
0.06705861539
-0.007106188685
-0.04944721237
0.0398693718
-0.07460976392
0.06638465822
-0.01543392707
-0.01030784845
-0.09910211712
-0.0137196742
-0.004277091473
-0.01140312292
0.05440506712
0.02769378759
0.039962437
0.01663210616
0.03610302508
0.006830114406
0.07671504468
0.04776785523
-0.08758487552
0.06844275445
0.06009277329
-0.03873012215
-0.06533512473
-0.0161031168
0.06693413854
-0.009298994206
0.01011414174
0.1020414084
0.03616280854
-0.02184174396
-0.08963937312
0.01615991257
-0.137530461
-0.02760911174
0.007362253498
0.009712478146
0.02931923419
0.05908602104
-0.005866493098
-0.009886650369
-0.004098881036
0.005852092523
0.02729295194
0.02662295848
0.003722178051
-0.008991555311
0.003269114532
-0.04475110024
-0.05186460912
0.005593590438
0.0204210151
-0.04407138377
0.007403750904
-0.04575192183
0.01738460176
0.01056456473
0.01423959341
0.02199529856
-0.03007629886
0.03345042095
0.0007258974365
0.02157090418
0.03105788305
0.01747518592
0.07341308147
0.005859958008
0.03880627081
0.03805518895
-0.02409092523
-0.02342167683
0.009170413017
0.01478959061
0.03076453134
0.01273446251
-0.0005329843261
0.001305114012
-0.002836323576
0.009955679066
0.05458179116
0.0157135278
0.02186254412
0.005440824199
0.02047715336
0.01067916118
-0.03648880869
-0.02392778918
-0.01648308709
-0.01315352879
0.05015726388
0.001729615964
0.04600135982
-0.0007390386891
0.02197779156
0.01903330348
-0.02040944435
-0.005922628567
0.002931594616
0.02730063722
0.04226784408
0.03385959193
0.003080100752
0.009092646651
-0.02423139475
0.0250435546
-0.02860965952
0.02041753754
-0.01188792847
0.05412078649
0.1165517643
0.0857797116
-0.02069011331
0.1240824461
0.07088911533
0.03874822333
0.07239671052
-0.08996488154
-0.02575509809
-0.03293475881
-0.06643822789
0.03542460874
0.1184354722
-0.03185605258
0.01388560049
-0.07624749839
0.05162944645
-0.09045435488
0.02898112312
-0.08056778461
0.05770988762
0.02426083945
0.03238304332
-0.04879403114
0.04920694605
-0.01105972659
0.01207685191
0.02774349786
-0.05899052322
0.09957905114
0.202760309
0.00530702062
0.03926182538
-0.01041387394
-0.05334921181
-0.02109777369
-0.07692037523
-0.06411293149
0.08466466516
-0.013292633
-0.05343866721
0.1018257514
-0.1290058196
0.03269314021
-0.01078449003
-0.07316536456
0.02876370773
0.1255826205
-0.05688629672
-0.05448270217
0.03792829067
0.05971579999
0.06346993148
-0.0471583046
0.02236878872
0.03832776845
0.01441209391
0.07158222795
0.09749519825
-0.01351083443
-0.05317619443
0.03949282318
0.01785390079
0.1542769223
0.001387016964
0.009051871486
0.03022346646
0.03126493096
0.01441035699
-0.04836493358
-0.04206089675
0.07301926613
-0.03773626313
-0.003743333276
-0.01198941655
-0.06544073671
0.01363185979
-0.03142347559
0.02341791801
0.009578801692
0.01811083592
0.01162999123
0.04909348115
0.01306077652
0.02634005994
0.004768374376
-0.006616241299
0.002402324229
0.0184107013
0.0313048549
-0.03555102274
0.05226074159
0.008978803642
0.03680409491
0.03733455017
0.03224285319
-0.0317784436
-0.002353766235
-0.01056345832
0.001110003795
0.01474671066
0.02453812957
-0.02765645087
0.01721372642
0.001627645339
-0.03011613712
-0.01963328011
0.03827694803
0.02098317258
-0.02572597377
0.05361041054
0.01355494838
0.05693307519
-0.02066224813
-0.0283453688
-0.03839319572
-0.01552946307
0.004099662416
-0.0239958521
-2.395863703e-05
-0.01688891463
0.01977337524
-0.03499593586
-0.04441576824
-0.006570254453
0.001781063504
0.01331643201
-0.006991107017
-0.005904066376
0.01815615408
0.01707358658
-0.01198069658
0.04134403542
-0.007799224462
0.01926428266
0.004828593228
-0.001988108037
0.00828343723
-0.004530461039
-0.01011882536
-0.004927143455
-0.03159590065
-0.004369925708
-0.01582964696
0.007796065416
-0.001669434365
-0.03172512352
0.002892984077
0.02205497772
-0.01500872429
0.03827361017
-0.005156042054
0.01144747809
-0.004549189936
0.01988085546
0.009184620343
-0.009958427399
0.002425535349
0.002804005286
-0.004754212219
-0.01462228037
-0.0001945487165
0.003848876804
0.002890074858
-0.01918332838
-0.005972335581
0.04703761265
-0.01802850142
-0.006039040163
0.001626982936
0.01903998666
0.01047525555
-0.01651164703
0.001856077579
-0.01001552027
-0.0117713334
-0.009779353626
-0.007506376132
0.02412238158
-1.531859016e-05
0.02157819271
0.002799474169
0.001121314475
0.001397864195
0.001985777868
-0.001093566534
-0.002392581198
0.009444490075
-0.004849205725
0.006555716973
0.0008146364707
-0.02340282686
-0.0007710789796
0.004319373984
0.00720250234
0.01480776351
0.02124021575
0.001235197997
0.0003064609482
0.01461003534
-0.0008509783074
0.01907007769
-0.008763765916
0.01317028701
-1.308106221e-05
-0.003891179338
0.01287095807
-0.02625289001
-0.002972833579
-0.007962847129
0.006488753483
0.003962192219
-0.006185518578
-0.002876597922
-0.005030973349
0.0007450900739
-0.0006504839403
-0.004581060261
-0.002396771451
0.01427527983
-0.005444155075
-0.007004934829
-0.007806793787
-0.008698446676
0.005394448526
-0.008215910755
-0.002565115225
0.0135158617
-0.003368229372
-0.001594845904
-0.004760285839
0.001802925137
-0.003216461511
0.01072036475
0.01241346821
-0.004660986364
-0.006080481689
0.006874714047
-0.00150232634
-0.002969536697
-0.0006107848603
-0.01080162078
0.01162214018
-0.002696941607
0.00384087977
-0.005691213999
0.008345886134
0.0006307670847
0.02477931231
0.00347196823
0.003895197995
0.01832910255
-0.002526954049
-0.006207356229
-0.01094027981
-0.005024729762
-0.01401994564
-0.02519633248
0.01995335706
0.002190568252
0.0003924087505
-0.03544068709
0.08717063814
-0.03266922012
-0.05581305549
0.001282744459
-0.009758084081
0.03697693348
0.01987728849
-0.06615623087
-0.002978601959
-0.05900378525
-0.01292117126
-0.05522445589
0.07786342502
-0.02888988145
0.112556003
-0.05894550681
0.06184196845
-0.0480661802
0.03296967223
-0.01338247303
0.02458663657
-0.01010712795
0.04496116191
-0.001673828112
0.007461157162
0.01975885779
-0.04390763491
-0.01793937385
-0.010669237
0.05797811225
-0.02238070592
-0.03880910203
0.102981627
0.0415546149
-0.03555259481
0.03674386442
0.01476425584
0.0184838511
-0.03922960907
-0.02293165028
0.06463196129
0.07275251299
-0.02262077294
-0.04938503727
0.03478559107
-0.03335175663
0.06733676791
0.02131115831
0.004849937744
-0.01073075458
0.03709208965
-0.04179050401
0.03179709986
0.009633377194
-0.01247393247
-0.02513392642
-0.001978195971
0.03604012355
-0.005520205479
0.004825535696
0.06306875497
-0.01505444571
-0.02987558395
-0.02230979688
-0.007469214499
0.06900008023
0.03469956294
0.03330237046
-0.003393275896
0.04255731776
0.0009826172609
-0.03340990096
0.04926899076
-0.001533424249
-0.0007369132363
-0.001971764257
0.07260660827
-0.01411901414
0.01165833138
0.002499047434
-0.0267841965
0.02823002636
-0.001605305821
0.01616243459
-0.03766098246
-0.03810053691
-0.01404309832
0.01015343238
0.01943759993
0.01348505262
-0.02000535838
-0.006754920818
-0.003604769008
0.02281124331
-0.003409632947
0.009372095577
-0.03080594912
0.008048599586
0.03001879342
-0.02039591223
-0.02984501608
0.02558641881
0.01125091687
-0.01278109942
0.03266252577
-0.009264636785
0.02480061539
-0.004345373716
-0.04049151763
-0.03432862088
0.0007641803822
0.008841107599
0.03953683376
0.002513591899
0.02193386294
0.02740251645
0.03746711463
0.01148289442
-0.008022156544
-0.01046145428
-0.002954418771
-0.01909333467
-0.02969407849
-0.03170191124
0.002322420245
0.003135062521
0.04052294418
0.06699290127
-0.06066183746
0.02330909669
0.1054663882
0.04411397874
0.02057762444
-0.007074418478
-0.03210220486
0.08606179059
-0.0006970626418
0.05606401712
0.06093446165
0.03412892297
-0.02040011622
-0.03703549132
-0.09485884011
0.04382564127
-0.03148551658
0.05981287733
-0.009093722329
0.0006945696077
0.01261879411
-0.004887126852
-0.04626356065
0.006822865456
0.01790934987
-0.0124351671
0.02417738549
0.007132297382
-0.00734290434
0.01208627317
0.01434316207
-0.03911137581
-0.01937222108
0.03109288961
0.04921206087
-0.03705910593
0.01634786464
-0.003110669786
0.03843441233
0.06008190662
-0.1032236218
0.007924100384
0.03033409081
0.03075090423
-0.02263401262
0.01638786495
-0.0965379402
-0.0977851674
-0.006015809719
0.001012659399
0.03051947057
0.1942140609
-0.02391205169
0.009101035073
-0.00970435515
0.02385149337
0.04586305469
-0.0363330245
0.00184564339
-0.006931301206
0.009756263345
0.03417448327
0.04124646261
0.02704721689
-0.00364456838
0.01629433036
-0.01325979829
-0.01894189417
-0.001320187701
0.03398525715
-0.0001408893877
0.04084999114
-0.03537707403
0.02286568843
-0.007389163133
-0.007054663263
-0.03899658471
0.02391795255
-0.01492209453
-0.01566073671
0.03658889607
-0.00450483337
0.001510801027
-0.02304837294
0.06301093102
0.1185200214
0.01795212924
-0.007543750107
-0.03382436186
-0.02117184363
0.01133689098
-0.01198685169
0.02215313166
0.02587889321
0.01303884294
-0.0191246476
0.04311425239
0.02749149315
-0.04440590739
0.01288335491
0.0397397764
-0.03442683071
0.02340716124
0.05058455467
-0.0410226956
0.004771013279
-0.02568817884
0.004577632062
0.05179991946
0.03453526646
-0.006896427367
-0.01137436554
-0.05611522123
0.02448436432
0.002414048184
-0.03764732927
-0.004559334368
0.05892190337
-0.01462243218
0.003274919232
-0.03315502778
0.03761428222
0.002359235194
-0.003637955291
0.008090236224
0.0001775560959
0.004924518988
0.00799057167
-0.00222998485
-0.008319169283
0.01330516208
-0.00456995843
0.0003008698404
0.007506735157
-0.001677192631
-0.00602400722
0.002905003959
0.005798576865
0.001973736333
-0.00954355672
-0.002710422035
0.003031914588
0.006836503278
0.003371041501
-0.001447419054
-0.003763516899
0.002935677534
-0.003725616029
0.00431961054
-0.003327490529
-0.002121520462
-0.002302040579
0.006763529964
0.00659175124
0.003373893211
0.00152243278
-0.0007232456119
0.002989574103
-0.001776177436
0.004788286053
0.008460800163
0.004126834683
0.003218671773
0.003263461636
0.0003887183557
0.003252013354
0.0002524835581
0.004349913448
-1.635014451e-05
0.002164353617
-0.003399679437
0.001934961532
-0.01328634564
-0.000619380502
0.002556779888
0.002468827879
8.033210179e-05
0.005483322777
0.003343543969
0.01024937723
-0.005049055442
-0.006382451393
-0.003315798007
0.007180107757
0.0008304921212
-0.006188316736
0.003498318605
0.0003736212093
0.003162864596
-0.0009971871041
-0.006439747289
0.004331006203
-0.004202445503
-0.002722191857
0.005008833483
0.0004535892222
0.00307968189
0.002544489224
-0.0005642123288
0.002314902144
-0.00248773396
0.0009075536509
-0.003550746012
-0.004355358426
-0.003356409958
0.002381614875
3.217154153e-05
0.004022561479
-0.002775003202
0.002584786154
-0.002868833719
-0.005246358458
0.001148565207
0.0001867317478
-0.002636848716
-0.002003250178
-0.002349899383
0.00347822113
0.00625252584
0.0005439294619
-0.002627459122
-0.005594801158
-0.002353331307
0.001545693725
0.0001188802707
-0.001847094041
-0.002376458608
0.001687796321
-0.006298298016
-0.002793740248
0.004737915006
0.008027177304
0.002608112292
0.001850716304
3.560192272e-05
0.003864012891
-0.0009013952222
-0.0005075666122
0.0002264563227
-0.001777907601
-0.0005757024046
0.001182248001
0.002886062954
0.001615790883
-0.01044740062
-0.004446723964
-0.001848401851
0.002363092965
-0.001668410725
0.001377533888
-0.009771296754
0.0175804887
0.02181216888
-0.009963503107
0.05885228515
-0.005083495285
0.01576288603
0.0113223521
-0.004255835433
0.02612566575
-0.01286743768
-0.008290512487
0.0004225245793
-0.0319994837
-0.006731007248
-0.01151420083
0.006436006632
0.003957166802
-0.02746907622
0.00217256858
0.007833126001
-0.01867493242
0.05326086655
-0.007253184449
0.01247512642
0.002139572753
0.0424208045
0.0116886422
-0.009819425642
0.00691804383
0.004197932314
-0.008192456327
-0.02389201708
0.002607059665
-0.0009691350861
-0.007810087875
-0.02778899856
-0.02115848288
0.06680014729
-0.02707417868
-0.008880477399
-8.853182226e-05
0.03320856392
0.01703471132
-0.01755508967
-0.001208081958
-0.03754258156
-0.02475261129
-0.01622758433
-0.002278979169
0.03389873356
0.0101858126
0.01712696254
-0.01082113944
0.0007644200814
-0.002425295999
-0.006033849437
-0.004256330431
0.007968551479
0.02079452761
-0.003987609874
0.01552911941
0.00846677646
-0.02614085376
-0.0009056649287
0.003768361872
0.01132860873
0.02417140082
0.03600633144
1.537882781e-06
-0.007174225524
0.02226686664
-0.006674155593
0.01192750968
-0.01688708737
0.001241329475
-0.005278863944
-0.006511226762
0.009940494783
-0.02675047331
-0.002159165218
-0.008799006231
-0.004660618957
0.0143620912
-0.01658510603
-0.01122719143
-0.007749899291
-0.004860864021
0.005761147011
0.002692934591
0.004351493903
0.0235044416
0.006443067919
-0.005533481482
-0.007518167142
-0.01267881412
-0.00371393864
-0.01023416687
-0.0001462932414
0.009034990333
-0.009298149496
-0.000250420766
-0.003833073191
0.006097395439
-0.004654374439
0.02086623758
0.01733032614
-0.003699312918
-0.005895158742
0.008757573552
-0.01169019192
-0.003402842907
-0.005521634594
-0.01540378015
0.03142787516
0.002489928389
-0.002061041305
-0.009141978808
0.01470611058
-0.003193398938
0.02310295962
-0.006905679591
0.004363145214
0.01816848293
-0.004063277505
-0.0007895776071
-0.01026911661
-0.01359616965
-0.05227378756
0.0117407348
0.09106585383
-0.05421928316
-0.02824942581
0.005179734435
-0.1605208665
-0.0125986971
0.08135623485
0.003834774252
0.01290300861
0.0858200714
-0.07500866801
0.003805111628
0.01197660808
0.02089985088
0.06224810332
0.02542355843
-0.05428060889
-0.1205735579
-0.1023265123
-0.006195692345
-0.06169667095
0.1212590188
0.04344910756
-0.01234437991
-0.06427754462
0.1263793856
-0.1496993899
-0.002570481272
0.02376559563
0.02528687939
0.03383091837
0.03242271394
0.02865585126
0.0779516995
0.03400629014
-0.05935075507
-0.1053187698
0.04234614223
0.09376713634
-0.1485278308
-0.04730465636
0.03438543528
0.002430822933
0.02216782048
-0.1798639894
0.01970229484
-0.09834171087
0.05612888932
0.003177141305
-0.01053632237
-0.2148592919
-0.08410333842
0.08684571832
0.02495872974
-0.05414102972
-0.1000786275
0.05809461698
0.03536445275
-0.04196427017
-0.004966164473
0.04217360914
-0.2482652068
0.004127499182
0.009065965191
0.030114213
-0.01323551778
-0.05544240773
0.04440102354
0.02180782333
0.05684703961
-0.02502318099
0.08903230727
0.003887702245
0.1132626757
-0.01362066623
-0.001977597363
0.01941390894
-0.004739383236
-0.0002918325772
-0.00560802361
-0.004717505071
0.01478750072
0.006367876194
-0.02728980221
-1.822904596e-05
0.02281785943
0.01948485151
-0.03265477717
0.002868480515
0.08272847533
-0.006390044466
-0.01249177381
-0.03870794177
-0.04600762948
-0.02657116018
-0.009974185377
0.07151893526
0.07324389368
0.0614429526
-0.02047919482
-0.005829566624
0.03569031879
-0.01705337875
0.02369324304
-0.01644689776
-0.04821679741
-0.007350168657
0.02550364845
-0.04023596272
-0.007221025415
-0.01128006261
-0.0007486427785
0.04962880164
0.04364550486
-0.05585730821
0.008317846805
0.05222618207
0.02858299203
0.05635751039
-0.01137697883
0.02905578166
0.02413208969
-0.007300866768
-0.001125649083
-0.08075863868
0.03418786079
-0.1129828095
-0.02492950857
0.1872937977
-0.0395497568
-0.07594828308
-0.06821671873
-0.05805138871
0.03994068503
0.01360326633
-0.07860733569
-0.05715765432
-0.1468530893
-0.03959096968
-0.03888523579
0.05308564752
-0.005251768976
-0.09490261227
0.007032594178
-0.02056475729
0.02703878284
-0.006321155932
0.01742198318
-0.03767199069
0.03464790434
0.007408546284
-0.03003864735
-0.06028001383
0.02524272725
-0.04124147445
0.04363675788
0.08607926965
0.00728931278
0.01210721582
0.006089919247
0.02598099597
0.03030397557
-0.005315669812
-0.08983651549
-0.1424428523
0.02650527842
0.08618783951
-0.04570044205
0.08382005244
-0.06746631116
0.02030326985
-0.04080219567
0.002283931244
-0.1325001717
-0.05813377723
-0.02034789138
-0.03082400747
-0.06756005436
-0.1668734699
0.03178643808
0.1185781583
0.007246824447
0.02117027156
-0.09219568968
0.01358235721
0.0001454210869
0.0262573231
0.02492924407
0.03025557101
-0.1631144881
0.01072349958
0.004422107711
0.001842997968
-0.04954445735
-0.09044341743
0.02432142757
0.04202077165
-0.01258985139
0.04644016176
0.01019647438
0.008678519167
0.002571582794
0.006540149916
-0.008484737948
0.006817840505
-0.01394151244
-0.007087043952
-0.01655706391
-0.00490160333
0.02870701626
0.01336926129
0.02739525214
-0.03272502497
0.02861455642
-0.01089028921
-0.01995621435
-0.03620810807
0.0398554951
-0.001635792432
-0.01725972816
-0.02445305325
-0.02801966667
0.02148468047
0.01475352887
0.02983437292
0.01849839091
-0.003149777884
-0.009521507658
-0.0129711926
0.03562612832
-0.01991499402
0.02311017178
-0.0409415178
-0.03852257878
-0.007520527579
-0.009497611783
-0.01940718479
-0.02894627303
-0.00979992561
0.005545787979
0.01548221521
0.04746126384
0.01305666938
0.01780108549
0.002156667644
0.04297517613
0.05800869316
-0.0009940972086
-0.04105879366
0.009830602445
0.007550617214
0.008878703229
-0.016219493
0.05133490264
-0.002174781635
0.01236094814
0.007455869578
-0.00381641998
0.03432498127
-0.008699350059
0.006245865021
0.01250058413
-0.01789671369
0.01401739381
-0.003610287793
-0.009691240266
0.006205293816
-0.02565299906
-0.01039986126
-0.005618616007
0.000263166643
0.004531773273
-0.03618189692
0.008162462153
0.002296414459
-0.01484502852
0.02775440738
-0.007614189759
0.006127664354
-0.002125261584
0.01078175474
0.001896081259
-0.008176902309
0.0049808193
-0.005794237833
-0.006919744425
-0.01501595508
0.002684039995
0.002508853562
-0.01564707421
-0.01501490828
-0.01125807129
0.02992750145
-0.04681351036
-0.001101445057
0.004113614559
0.007952028885
0.003921359312
-0.01687220484
-0.001990674995
-0.01315104403
-0.01907817461
-0.01277070865
0.0002432787151
0.01889089309
0.004732229747
0.02328095771
0.008435134776
0.001347494195
-0.001728745876
-0.0160575565
-0.02365625463
-0.003730896395
0.0108226398
0.006267573684
0.003915926907
-0.003873452079
-0.02489689551
-0.001286268234
0.001255512354
0.006636074279
0.01125665568
0.02396525443
-0.001549697481
-0.003437099745
0.006015392486
-0.008913613856
0.006634464022
-0.01308691502
0.001821184531
-0.0005363260861
-0.01092819776
0.0007176938816
-0.02436305583
0.0006988223759
-0.009820432402
-0.002136979485
0.007614939474
-0.01284104213
-0.003888764884
-0.007924855687
-0.005088288803
0.006500387099
9.320653044e-05
-0.007216176484
0.01763302274
0.0009822606808
-0.008104383945
-0.006801174022
-0.008954572491
-0.0008669144008
-0.005329838488
-0.001512627117
0.01060553547
-0.003329656785
0.0008068041061
-0.008618707769
-0.005374195985
0.0004238362599
0.01807662472
0.00992898643
-0.004322877619
-0.008361822926
-0.000270230521
-0.006735353265
-0.002143315738
0.0005143641611
-0.008763947524
0.01763543114
0.002021677326
-0.003687806893
-0.003565307474
0.001646824996
-0.0004743776517
0.01756242476
-0.002065576846
-0.001452333876
0.01589885913
0.001364703639
-0.002974841511
-0.0026164304
-0.01385624241
0.06991051137
-0.02429506555
-0.0712595284
0.03594917804
-0.02155015618
-0.005335716996
-0.04028585553
0.01906736754
-0.0009545304347
0.02450170368
-0.0008805581601
0.0003646438417
0.04246581346
0.06744021922
0.01721839793
0.02587340586
-0.0106037138
0.0142970765
-0.04358521849
-0.03151283413
-0.06675930321
0.02689346299
-0.01953554899
-0.0005867132568
-0.04632184654
0.02066341974
0.02773470618
-0.04415281489
0.01493228134
0.04733266681
0.01945388876
-0.01563172974
-0.006707553286
0.0213618502
0.01210122462
-0.0590740554
0.0002078732796
0.005242776591
-0.03269131482
-0.07443138957
0.02369991131
-0.04998905212
-0.02159324475
-0.01444284245
0.01473181974
-0.03243230656
0.0263601318
-0.04244568944
0.0465711914
0.007007128559
-0.02875891887
0.0227258075
0.08244799823
0.02458304539
-0.01108594052
0.001253189403
-0.03198570386
-0.02303250693
-0.02295306884
-0.02445246279
0.004360539839
0.03195586801
0.02944286168
0.1035092399
0.00162347639
-0.0006444922765
-0.03950508684
0.001164867193
0.03704853356
-0.01682818681
-0.0195858907
-0.01752319746
-0.04598463699
-0.03115976416
0.001852309098
-0.03338840604
0.003735804465
0.01187233161
-0.02150304615
0.02311087027
0.01156272087
0.01782617532
-0.0362832211
-0.002932748524
-0.01434306335
0.00917968154
0.01856990159
-0.01208157465
0.002656904049
0.01048503816
-0.001643478405
-0.0406739898
0.006906685419
0.01878064126
0.01401311439
0.005428839009
0.003391064005
0.01785247214
0.004101517145
-0.01805215701
0.001767254784
0.008360926062
0.004808048252
-0.02467080206
0.005720383953
-0.008744140156
-0.005872249138
0.006120155565
0.006842209958
-0.01971708238
-0.00153491809
0.008957595564
-0.003906028578
0.0003978869354
0.00584149966
0.0002100805868
-0.008655622602
-0.005222009029
-0.02295600064
-0.01678010821
-0.04382454604
-0.006925437134
-0.02486413345
-0.01113314088
0.007072028238
0.01808572747
0.03582096845
-0.005258332007
0.0798491016
0.04408367723
-0.05958129093
0.0294247251
0.03270506114
0.05006577075
-0.06802011281
0.01320476271
0.07443466038
0.005024828017
0.03130155802
0.02343728207
0.00633710064
0.1155699119
0.02408595569
0.06171999499
0.04728410393
0.01454374567
-0.0794756338
-0.043240197
-0.06192084029
0.04615994915
0.002622003434
0.04855883494
-0.02226065844
0.03528583795
0.05938559771
-0.03521561995
-0.03786696121
-0.0006907333736
0.0707404241
-0.01911186986
0.003295232076
0.02243896574
-0.006657842081
-0.04024014622
-0.003822140163
0.04706924409
0.007050780114
0.009985039942
0.0528177917
-0.03800269589
0.001938784146
0.0008792064618
0.033579804
0.01982050389
-0.06468371302
-0.01634555869
0.04180030525
0.0088554658
-0.03211443499
0.03921719268
0.04031872377
-0.04867620021
0.00281256251
0.01261585578
0.00309303496
0.05637765676
0.008612579666
-0.01185369305
0.004058277234
0.05828661844
0.06159660965
0.06092492864
0.00849421788
0.004006546922
-0.04471104592
0.04777408019
0.06127762794
0.002124592662
-0.009806551971
0.0107367672
-0.04436565936
-0.02296230383
-0.004318942782
-0.01847714558
0.005875685252
0.02461701073
-0.03158870339
0.05044863746
0.01179706026
0.01270890143
-0.05831458792
-0.00098339736
-0.01765407994
-0.02736365236
0.04354028031
-0.03358770162
0.008279833943
0.005962449126
0.05940102041
0.009934904985
0.02075217478
0.0264096316
0.007483790163
-0.01749713346
0.02741533332
0.002145699691
-0.007395454217
-0.00188682368
-0.0006051814999
-0.002558791544
0.04302921519
0.0009986630175
-0.01446434204
-0.005538626108
0.02887924574
-0.0002352721931
-0.008246512152
0.018831525
-0.02103854157
0.01336915977
-0.01081886794
-0.00459693186
0.05352409184
0.02023868449
0.005266108084
-0.007585170679
-0.01803664304
-0.01708723418
-0.04048110917
-0.01760803908
-0.0003394512751
-0.02047311701
-0.004141509067
0.01978126913
0.009204825386
0.01569119841
-0.004225683399
-0.0007200653781
0.01651171036
-0.002042533364
0.06446531415
0.01782828942
-0.0009506818606
0.01251474489
0.02220709063
0.03411550075
-0.01324110664
-0.002434217837
-0.0006018526037
-0.005989514757
0.001052722451
-0.0002004558773
0.01698138192
0.009190675803
-0.01899647154
0.002958170138
-0.04781501368
0.0003012402449
0.04421457276
-0.001152576646
0.006435961463
0.003641655203
0.05254985765
0.0122615518
-0.01433944795
0.00859860424
0.01541644428
-0.01663901657
-0.02179126255
0.002306771697
-0.01363707893
-0.01106338017
-0.0296156276
-0.03828805313
0.04636184871
-0.006492025219
0.0002844518458
-0.01078044996
0.05015908554
0.01113655139
-0.008506886661
0.006409466267
-0.06575731188
-0.01465831604
-0.009544667788
-0.001742743072
0.01755545661
0.01491191052
0.04994959384
-0.04099654779
-0.006458113436
-0.002784451237
0.003969943151
0.03916471079
-0.0001424338698
0.02602204122
-0.007088425104
0.02754840069
0.03476374596
-0.01389460824
0.005361787044
0.005831914488
0.02132937498
0.03069961071
0.04994620755
-0.001163620502
-0.01592445187
0.02941216901
-0.01568991318
0.005761149339
-0.023403503
0.02420617267
-0.003848748747
0.006318795029
0.01173134614
-0.01975034177
-0.002751880093
-0.007098493632
-0.006176141556
0.02545523643
-0.02073146962
-0.01323242579
-0.0003072582767
-0.007768422831
0.01049073786
0.00203155214
0.01682835072
0.02949797176
0.01303418912
0.003037044546
-0.01249239221
-0.0211791303
0.001052615931
-0.01153030246
0.006082419772
0.0106101688
-0.00651704194
-0.001332389656
0.007425982039
0.01906095259
-0.01614323445
0.02051221207
0.02432131767
-0.003734920174
-1.401302507e-05
0.02018692531
-0.02007576823
-0.002046835609
-0.01112148166
-0.02485359088
0.05325981975
0.003216024954
-0.006635500584
-0.01524467114
0.01417576335
0.002628641436
0.02580333874
-0.02252467535
0.008480787277
0.02083038352
-0.0118671786
0.003881557845
-0.01532940567
-0.01138033904
-0.01162601821
0.02548277937
0.02911548689
-0.01886996441
0.07842888683
-0.006083257031
0.03261460736
0.01078822836
-0.005314168986
0.01771536097
-0.01362911612
-0.01549436525
0.0007633212372
-0.04667350277
-0.007042084355
-0.02979175001
0.01373338886
-0.001057821093
-0.0337658301
-0.0007043004734
0.03643238917
-0.01739715412
0.06517454982
-0.007083652075
0.0151177533
-0.004008546472
0.04443767667
0.01454024017
-0.00643927278
-0.0003504338674
0.001417819643
-0.01320687402
-0.02606313676
-0.003373452462
-0.001219339902
-0.001870717504
-0.03703224286
-0.01502145454
0.09115126729
-0.02021036856
-0.005466058385
0.0009281181265
0.04928601533
0.0149247013
-0.02789401263
-0.003718280699
-0.03066762164
-0.02181251533
-0.01148263086
-0.008352979086
0.03377810121
-0.001355825225
0.03852733597
-0.005674378015
0.000870447082
-0.002317623468
0.01031222474
0.01123021264
-0.001226264867
0.02295336872
-0.01589058712
0.01882901229
0.01407045498
-0.02818873525
0.003975971136
0.006450279616
0.02471359447
0.02453235164
0.04100764543
-0.006085284986
-0.01182639133
0.03103527427
-0.00791980233
0.0223198384
-0.02193238772
0.02764709108
-0.005951095372
-0.003109613433
0.02021869831
-0.03907325864
-0.00744680874
-0.0152550647
0.01157598756
0.01902673952
-0.02211028524
-0.005474867765
-0.01689490862
0.003881775541
0.01078689005
-0.000459188479
-0.004847217817
0.03662430495
-0.004266405012
-0.01167986449
-0.01660973765
-0.01592087001
0.002554348204
-0.01388993394
0.004167700652
0.02931148931
-0.0004862462229
-0.0001762652682
-0.01059007738
0.01235358324
-0.009335270151
0.0265371725
0.01628438011
-0.01044861507
-0.003045238322
0.01212665159
-0.01285026968
-0.006587931886
-0.006427821703
-0.02478080429
0.03652129322
-0.006796223577
-0.002895813435
-0.01756624132
0.02356220782
0.01057810336
0.05284141377
-0.01019282453
0.007660501171
0.03744416311
-0.008837607689
-0.003710706718
-0.02551249415
-0.01209561899
0.1502862424
-0.01357196551
-0.1570105702
0.08285482973
-0.0721334517
0.04257402569
0.006589745637
-0.02077903971
-0.05017292872
0.1036819592
-0.02670064382
-0.004566329997
0.08523616195
-0.009031572379
0.08120770007
-0.04574429616
-0.01612861641
0.01863934286
-0.007243857719
-0.04274465889
-0.0975869894
0.008787166327
-0.05259988084
-0.07138900459
-0.003559944918
0.01746564545
0.05674184486
-0.1034303904
0.132127583
0.1069950089
0.06779246777
-0.04571030661
-0.07616696507
0.05346876755
0.03425382078
-0.13731727
-0.0580941923
0.009092335589
-0.1154088154
-0.126252979
0.05848234147
-0.04694028199
-0.1421997845
0.05335276201
-0.03752228245
-0.07321701944
0.1020441428
-0.1488887072
0.2287390828
-0.0373348482
0.02575039305
0.05947861448
0.2708065212
-0.001393035636
-0.1298641562
-0.03539804742
-0.01329817995
-0.007747031283
-0.08648271114
-0.06786180288
0.0009553344571
0.05090850592
0.1120311841
0.247011885
0.03373020142
0.007621497381
-0.1103474647
0.06441030651
0.0505085215
-0.04861872271
-0.03389280289
-0.05197258294
-0.1439744681
-0.03386395797
-0.01580876112
-0.08255629241
0.01233410928
0.02943202294
-0.04547561705
-0.03392022103
0.02499197051
0.03084798157
-0.07213931531
-0.005834368989
0.01893803291
0.02204759791
0.03765438497
-0.04724311084
-0.0239759963
0.01829898171
-0.02146014571
-0.08878785372
0.06004595011
0.006758961827
0.02641112916
0.02543305606
0.008984031156
0.03813290223
-0.02002989873
-0.1287966222
-0.02266302519
0.05032273382
0.001358062145
-0.09360006452
0.009872507304
-0.04433136806
0.02745661139
0.00961380545
-0.0246490594
-0.075042665
0.07484966516
0.03661591932
0.05572086945
-0.03385993466
-0.02551219985
-0.01135425083
0.05046496168
-0.01058714744
-0.05987842008
-0.06347341835
-0.1063907593
0.05301908776
-0.09234987944
-0.05995602906
0.02670715563
0.05009321496
0.09366560727
-0.005535037722
0.2257552743
0.0473396033
-0.1343360841
0.145690769
0.001916005975
0.05218149349
-0.04088739306
-0.08563014865
-0.04661475495
-0.02252973802
0.06837913394
0.05650025606
0.05697586387
0.05302372947
0.0830706507
0.09306925535
0.1305749565
0.004918789957
-0.01505003218
0.259365201
-0.1950666904
0.06169155985
-0.05518139526
0.01154407207
0.05955529958
0.1089687571
0.01902956888
-0.007911418565
0.1978245676
0.1104450226
0.1196467951
-0.007033991162
0.0615847446
0.01557157189
-0.06681394577
-0.02955801412
-0.1212143898
0.01837404445
-0.07492269576
-0.08183087409
-0.02930866182
-0.03924232349
-0.04358655214
0.1031967476
-0.003891517408
0.005659805145
-0.049709782
0.1279723197
-0.005427803844
-0.005153361708
0.02731187642
-0.01395407319
0.1731359363
-0.1056610048
-0.009703360498
-0.03903827816
-0.04974615946
-0.03638034686
-0.0550721325
-0.01975654438
-0.101896055
-0.1512647271
-0.03242864832
0.2275551111
0.0253036283
0.0199476257
0.01619913615
0.06346160918
0.05199305713
-0.02912631817
-0.05212825909
-0.07755870372
-0.1532515436
0.00362488837
0.005142503884
-0.05451538041
0.02904728614
-0.02075714804
-0.02073275857
-0.09258093685
0.05034329742
0.04026957974
-0.005621070508
0.009459120221
0.01348369848
0.0009423645097
0.009842691943
-0.07186856121
0.008028645068
0.01700172201
-0.003774476238
-0.1021529362
0.05273919925
0.04204507545
0.0897507146
0.06538734585
-0.01410521101
0.02198864892
-0.09598217905
-0.003127763746
-0.05623130873
0.05170084164
-0.00903343875
-0.08614638448
0.04085120931
-0.05258857086
0.02295592427
0.02690484188
-0.02869994938
-0.04735963047
0.03607286513
0.03909121826
0.08768467605
-0.00226843683
0.007758667693
-0.04587582499
0.01662635058
-0.04074103385
-0.1734168231
-0.0529226549
-0.1133620963
0.07288406789
-0.1634056121
0.08994598687
0.003228173591
0.0625609234
0.06679089367
-0.04755617306
0.06598854065
-0.0007478941698
-0.0291900523
0.01299342792
0.01846189052
-0.04490534216
0.06878595799
0.0104859639
-0.1239888296
0.0547584407
-0.01857696474
-0.05678855628
0.04992372915
0.005480011459
-0.0360945724
-0.04742803797
-0.1056269258
-0.003796725534
-0.0300373584
0.02259091288
0.04942351207
-0.02038614824
0.04286019132
-0.08135385811
-0.03262534365
0.01900880411
0.02826594375
0.04029762372
0.05750740319
0.03683191538
-0.09883674979
-0.01877209172
-0.003273699898
-0.01207317691
0.009502748959
-0.02811896242
-0.002816177439
0.0221042037
-0.02256670035
-0.1215054393
-0.04549495503
0.05382212996
-0.09301963449
-7.556891069e-05
-0.06094381958
-0.02673846111
0.1055642441
-0.1376677752
0.05394363403
0.02002236992
0.05837666243
-0.02920933068
0.1801451296
0.1007242277
-0.04799665138
-0.01356702019
-0.006699995603
-0.007874142379
0.02167666331
-0.02053539082
-0.006582158152
-0.02621934749
-0.05988212675
0.1114650965
-0.00434322143
-0.01077755727
-0.00078627537
-0.0003909082734
0.0245445706
-0.01867716946
-0.01242621802
-0.02226965874
-0.01673078723
0.02918388881
0.001265715575
-0.009228223935
-0.005199379288
-0.01554591395
-0.02147005498
-0.02517571673
-0.0008139328565
-0.008637947962
-0.009535778314
-0.01571845263
-0.02143763378
0.0296680443
-0.03725617006
-0.02448005974
-0.01221529022
0.03757239133
-0.05021988228
-0.037334539
-0.01620671712
-0.005571151618
0.0184408091
0.0251521375
0.01286771894
0.01925988123
-0.03679125756
-0.01658522896
-0.03231436759
0.01622285321
-0.03217920288
-0.03221900389
0.02094272152
-0.003888156731
-0.01486904919
0.02813520283
-0.0315521881
-0.04994426295
0.0009389259503
-0.0007398482412
-0.00762801664
0.003702367889
-0.04096481577
-0.03340319917
0.02380997501
-0.01898207143
-0.08990069479
-0.01919144206
-0.0284692198
-0.001014042995
-0.01440093853
0.008361289278
0.0160072837
-0.006046147551
0.04720085114
-0.0233794041
-0.002961769002
0.009615792893
-0.0009166459786
-0.003508486087
0.007240675855
-0.002863778966
0.005091324914
0.002383234911
0.00412122393
0.003850431647
0.004252084065
-0.005054746754
-0.001740757958
-0.0109319957
-0.001526086708
-0.004752486944
0.001377711422
-0.005055740941
-0.01055754349
0.0003003154998
0.009050040506
-0.007410300896
0.008979143575
-0.002528045326
0.004178480245
0.0004024435184
0.002991416724
0.007993955165
-0.003292827401
0.004356513266
0.004239263013
-0.001202215091
-0.004582440946
-0.001143559231
-0.004108606372
0.008106677793
-0.007726010866
-0.0005471481709
0.01499035675
-0.004026759416
-0.003091755323
0.007902200334
0.004351684824
0.004550186917
-0.008258095942
0.005871301517
0.001381812501
0.0003655423061
0.002747829538
-0.004955924582
0.01361609809
0.0008835280896
0.005817571189
0.005332415458
-0.002286756411
-0.003156957217
0.001701001776
0.002907885239
0.000753489905
0.001101657981
-0.0005853935145
-0.0002947676112
0.001675034291
-0.004401525017
-0.00323932711
-0.0002546912001
-0.008698530495
0.00840523839
0.005348511972
0.002200341783
0.004441672005
0.002421236597
0.002722335048
0.008954432793
0.003884329461
0.005168898962
0.0008271095576
-0.00368828699
0.002846436808
-0.002596099395
0.002288863063
0.001703944989
-0.00355001376
-0.002554969629
0.005047408864
-0.00758115435
0.00303221005
0.00901127886
-0.002961113583
0.002051951829
0.002251058118
0.005003611092
-0.0006294019986
0.0047697993
0.001522475271
-0.0006435282994
0.002015224891
-0.00192038191
-0.000902751286
-0.001460613916
0.001148498501
-0.001865835511
0.001068524434
-0.0006780351396
0.0009750091704
-0.0004559014924
0.00649301568
0.003225670196
-0.002647339599
0.002549509984
0.001829891815
0.0003266630811
0.002407278866
-0.000231388316
-0.004412972834
0.0007345927879
0.004181125667
0.0005261534825
0.005231323186
-0.00669292314
0.005568807479
0.005257799756
0.005251605995
-0.00166407309
-0.0007137453649
-0.004592640325
0.001737531042
6.31671719e-05
0.0520044975
-0.025031114
-0.0386156626
0.03222861513
-0.02443151176
0.01418721862
-0.02791083977
-0.0005053341156
0.000969979621
0.007321998477
0.002816252876
0.02775582299
0.01589620858
0.02922476456
0.01086998079
0.0180396568
0.002852948848
0.003722182242
0.01611550711
0.005441233516
-0.03607441857
0.02093584277
-0.0232023336
0.01608673856
-0.0197290685
0.0006599548506
0.001547659165
-0.02329850942
-0.01055026986
-0.0142217949
0.02970953286
-0.002282849513
0.005385761615
0.007237729151
-0.006878086366
-0.02148586884
0.01040598657
-0.007258140948
-0.04606247693
-0.00891143363
0.01003080979
-0.01153369714
-0.01787352934
-0.01362552121
0.01079485565
-0.01979449578
0.01013599895
0.01462827623
-0.01761475578
0.01234103739
-0.03158727661
0.00641144393
0.0166566819
-0.01435931493
-0.001892463886
0.003007845022
-0.003576582996
-0.01588836312
0.001550411107
-0.005668114871
0.0002206403151
0.01833329163
0.01565096527
0.04606402665
0.002159826225
-0.005334000569
-0.0005660322495
-0.01021607779
-0.002773215296
-0.006934586912
-0.007351917215
-0.01167062856
-0.01886303537
-0.02300226316
0.005475258455
-0.02316105925
-0.001208637957
0.004047026858
-0.01418331452
0.006777130067
0.004448314197
0.009310063906
-0.005852840375
0.003376176115
0.007955511101
0.006073136814
0.005583670456
0.002431198489
0.00284450897
6.379467231e-05
-0.003246038221
-0.01035163645
0.009103756398
0.008206934668
0.003734865459
0.006882950664
-0.002695068484
0.009235072881
0.009667828679
-0.005790231284
0.003024353879
0.006196625065
0.003033966757
-0.007482905407
0.0008147579501
-0.002592291683
-0.01431757864
-0.0007155620842
0.01374296751
-0.008285637945
0.004411307164
0.002248096745
0.004707511049
0.008916279301
-0.001956181135
-0.003151114564
-0.00795462355
0.0006999314064
-0.006318157539
0.0002945509914
-0.02317868732
-0.001996089704
-0.01750359684
-0.009931695648
-0.001591960201
0.008020734414
0.007978082635
-0.001146445866
-0.08440725505
0.07431344688
0.08791173995
-0.1049628258
-0.005525480956
-0.01685545594
-0.0389470309
-0.004005123861
0.02698753588
-0.03309361637
-0.01673351973
0.09752365202
-0.0241567418
0.1466726661
-0.02535886317
-0.003752861638
-0.03913978487
-0.02175506763
-0.0597702004
-0.001129893004
-0.01042175014
0.04052027315
-0.03882355988
0.01295623463
0.002079042839
-0.03241244704
-0.05927449465
-0.09425248951
-0.06023434922
-0.01523057092
-0.05167711154
0.02022168227
0.111934036
0.09883978963
0.03039269149
0.01000119187
0.02028589696
-0.08582624048
-0.1563055068
0.06436686218
0.03748068586
0.004782399628
0.05041098222
-0.07281325758
-0.01905895956
0.03480352834
-0.02960616164
-0.1238917038
-0.1038385183
-0.001286650891
-0.05464558676
-0.004748333246
-0.05330466107
-0.0007167427684
0.1471081078
-0.002449905034
-0.006170922425
-0.216207847
0.09273973852
-0.01961725019
0.04441946745
0.1142624617
0.03762000054
-0.06212304533
0.0339118205
0.004146120977
0.03239789233
-0.03466894105
-0.09281142801
0.02340631373
0.02242456935
-0.02377900109
0.03365547955
-0.002413109876
0.01979867741
-0.02540745959
-0.0211874675
0.01830837503
-0.05382697284
-0.08981809765
-0.01273108926
-0.0230889041
-0.05744350329
0.02520589158
0.01483252831
0.01641581208
-0.004576762207
-0.0277410727
0.005920447875
-0.03713578731
-0.008142320439
-0.01173418202
0.02499261498
-0.03719259053
-0.06312545389
-0.01799149066
-0.0324485749
0.02627288364
-0.006418342702
0.03545299545
-0.02292896248
-0.0005176106351
0.01437847596
0.03243963793
-0.04786276072
0.05646014586
-0.02170684189
-0.03373960406
-0.02559374273
0.00560082728
0.001546080923
0.000659669342
-0.01616593823
0.013733848
0.02599775791
0.04452006891
0.04525097087
0.01641631499
0.0241746027
0.01734693721
0.002983687911
-0.004041656852
0.09181601554
-0.04661563784
0.02060942352
-0.02566263266
0.001964983065
0.0721918866
-0.004729371052
0.004482989199
-0.00771726761
-0.003501234809
-0.007308805361
-0.009061410092
0.004228905309
0.003698754823
-0.01016292535
0.002211899497
-0.001463180757
-0.009934240021
-0.002773929387
0.002395196818
-0.003340985393
-0.006392257288
-0.0003480930754
0.005417264067
0.001431438257
-0.008180552162
0.0007934516761
-0.003478341736
0.002594003221
0.006132035051
-8.603856986e-05
0.004614364356
-0.00281552528
0.007461151108
-0.002286624629
0.001601291937
-0.005755313672
-0.006746867672
-0.004982112907
-0.004337030929
-0.003171404358
0.00152571348
-0.001050947001
-0.005007823929
-0.006314434111
-0.001984547824
-0.0072584562
0.001487697475
0.0007244061562
-0.0009147746605
2.648301597e-05
0.000958292454
0.0006353222998
-5.393534957e-05
0.006662016269
-0.001767217298
0.0164475292
-0.00277301902
-0.002327370457
-0.0007686208701
-0.003006519517
-0.006508090999
-0.001054478809
-0.005499298219
0.005034951027
0.003589770058
-9.671696898e-05
-0.008313994855
-0.005030065309
0.007451809477
-0.004097166937
-0.0005645757192
-0.004106870852
0.001199713326
0.002999743214
-0.002125057159
0.003865176113
0.001130970777
0.0009776868392
0.002639346523
-0.0008277663146
0.001185831963
0.0003747893497
-0.002853957936
0.001854802831
0.0002248981036
0.003569920082
0.00396166509
0.002467514016
-0.00408175122
0.002802901668
-0.00526967179
0.002648523776
0.003425939241
0.001162131084
0.004098291509
-0.0001456708997
-0.0007063347148
0.0004738191201
0.001660444657
0.001689059893
-0.003372347215
-0.005058015231
-0.0005548868212
5.696403969e-05
0.003447595518
0.002524872543
-0.002080299426
-0.0004864367365
0.001382131013
0.0007317372947
-0.002691985341
0.006513569038
0.003186335554
-0.003941402771
-0.003695207881
-0.003705607262
-0.001008694991
0.0002870133612
-0.003507420886
-0.00149148528
-0.0007766551571
0.0007634292706
0.001095845597
0.00079062843
-0.002500479808
-0.002201285213
-0.0003676296328
0.0100620985
0.0004280153662
0.0008148338529
-0.004110628273
0.002028935589
-0.001685609343
0.0317398496
-0.01511236746
-0.02968947031
-0.003649748396
0.01077679452
-0.04758067802
0.03766898811
0.01770453341
-0.06216105446
0.02254505269
0.01105093677
-0.009397447109
0.0509425588
-0.02636749111
-0.02557372488
-0.01071203779
-0.07557204366
0.003878640942
-0.03633681685
-0.1060743108
0.02471568063
-0.04698356986
-0.004565735813
-0.04210279137
-0.03082439862
0.01460597944
0.0185455773
-0.04262310266
0.004282587674
0.009791587479
-0.07362568378
-0.01592362672
-0.02926018462
0.007316397037
-0.02149274386
-0.03787953034
-0.01443297695
0.01140358299
0.0176112745
-0.107372202
-0.002668919275
0.05556733161
-0.01837139763
-0.002388167661
-0.05540005118
-0.009083655663
0.05059918016
-0.08993636072
0.02141491137
0.009018217213
0.04069695249
-0.01361465361
0.09657023847
0.05278632417
-0.02805094235
-0.02632035874
-0.02805038542
-0.03055807389
0.06729181111
-0.01418982726
0.003328885883
0.0004568654695
-0.03162077069
0.02395843156
-0.005012536421
-0.006448484957
0.007128239609
-0.003806669498
0.02972290106
-0.01281775814
-0.01353417244
-0.007294030394
-0.008711260743
-0.005687460303
-0.008103151806
-0.02054534853
-0.004753455985
-0.01077567041
-0.006470489316
-0.01078977622
-0.0005742182839
-0.01013701037
0.0004684813903
-0.005785857327
-0.03857131675
0.01091229636
-0.02517643571
-0.008306732401
0.003190496471
0.02338451892
-0.02704403177
-0.02216171473
-0.01111453492
-0.007577077486
0.005883079488
0.008903194219
-0.003745094175
0.008478292264
-0.01759097539
-0.02387433313
-0.01251226757
0.005018032622
-0.02192178741
-0.02287985384
0.0184329357
0.01145433169
-0.009141298942
0.01392962597
-0.01682341099
-0.02371235564
-0.01574709453
-6.545928045e-06
-0.01747637615
0.001092863968
-0.008966090158
-0.008496809751
-0.004183742218
-0.01176093239
-0.02662402205
-0.0163664259
-0.0199280493
-0.01620130427
0.01109427121
0.02078253403
0.01479448564
-0.003674140433
0.03069497086
-0.03050465882
-0.003701936454
0.0187232215
0.009046393447
-0.005041028839
0.02724379115
-0.01107044984
0.01883521304
0.004530811682
-0.008490317501
-0.000363830186
0.003600809723
-0.01319251209
-0.00277023227
-0.03291865066
-0.002426862484
-0.01416372135
0.005623789504
-0.004958227742
-0.03254323825
-0.002063864376
0.02427919582
-0.01171567477
0.02476087585
-0.01065527182
0.01133195311
-0.006118311547
0.005834783427
0.006768759806
-0.01183880214
-0.001586489147
-0.001178656239
-0.003343223827
-0.008725100197
-0.006404381245
-0.0005277735181
0.004198370967
-0.01685144939
0.0009412475047
0.03434806317
-0.01579782739
-0.004110957962
0.002905494533
0.007632973604
0.004309727345
-0.01858074218
0.001751526142
0.0009988625534
0.002235637745
-0.004710691515
-0.006715852302
0.02078274637
-0.006235767156
0.02478004619
0.009289355017
-0.0001631012274
0.002186386613
0.0006166266976
-0.002385036089
-0.008794715628
0.004567945376
-0.003176867263
-0.002467074897
-0.008888117038
-0.01066602301
-0.0009752842016
0.002429077867
0.001849793247
0.01081300806
0.01247693412
0.0006843747688
0.001251443173
0.00930249691
-0.0007170811878
0.019253226
-0.0036571417
0.01423227508
0.001683799434
-0.008609930053
0.01220439095
-0.02172595821
-0.003694438841
-0.008810398169
0.007826930843
-0.001086123288
-0.004398607183
-0.0005885045975
-0.006395677105
0.000344335218
-0.0008488738677
-0.004407871515
-0.008526996709
0.01106368843
-0.008537660353
-0.00697813509
-0.006564443
-0.005062927958
0.009433941916
-0.007089532446
-0.004606938921
0.01023185067
-0.0004995258641
-0.001492419164
-0.007270249072
-0.004727746826
-0.001141611603
0.008520407602
0.006655063014
-0.004785338417
-0.006544286851
0.003083268646
4.007351527e-05
-0.002642841078
0.002025729977
-0.007763516624
0.001891862368
-0.002631305484
0.003281246405
-0.005105841905
0.005414205138
0.001059442526
0.01849319972
0.00757151423
0.001039273688
0.0144365225
-0.0007725100149
-0.007929933257
-0.008616684936
-0.005094024818
0.07926165313
-0.04467922077
-0.1539485008
0.07692781091
-0.05030712113
-0.01867872849
0.07159806788
-0.01794632338
-0.09831588715
-0.004302101675
0.01486363821
-0.05921054259
0.07228118181
-0.01863039844
0.01250965893
-0.01337584108
-0.07140850276
-0.004453192465
0.06045235693
0.09040023386
-0.06285717338
-0.03499190882
-0.03285333887
0.0103428131
-0.05912456289
0.09538159519
-0.02658716403
-0.0103658624
0.1651148796
0.04544453695
0.01591732539
-0.0307718534
-0.02648881264
-0.04650327191
-0.01367808692
-0.03703168407
-0.05263069645
-0.02205910161
-0.0416309312
-0.1399341822
-0.05305830762
0.05040543899
-0.1164510772
0.006391077302
-0.06254763901
-0.07832047343
0.06318812072
-0.08610661328
-0.01814762317
-0.06438665092
0.03000091203
-0.01256186981
0.1072724685
0.00475387834
-0.07955942303
0.02083441988
-0.02292251028
-0.004559803288
0.13408494
-0.02074380964
-0.004506825004
-0.01621457748
0.06764773279
0.09649028629
0.005590571091
-0.002096016891
-0.04574963823
0.0238163285
0.01921500824
-0.05285438895
-0.0226217173
-0.1388230026
-0.06320916116
-0.06100410596
-0.008237535134
-0.07089325041
0.009075446986
-0.00277818623
-0.04500786588
-0.007576661184
0.02040100656
0.02210585587
-0.01374500152
0.003704468952
0.007281664759
0.008939749561
-0.009865378961
-0.007862119935
-0.01402087323
0.07686066628
-0.04599713534
-0.04298378527
0.03766468167
0.04413574934
0.06168502942
0.02011444233
-0.03068574145
0.02987041697
-0.03414268047
-0.09772051871
-0.03286718577
0.03576717898
-0.02096207999
-0.04630131647
0.02449143678
-0.02116672136
-0.006199130788
0.05391092971
-0.02973429486
-0.06891550869
0.03611527011
0.01607417315
0.02694579214
-0.01027538255
-0.008931674995
-0.01973237284
0.02739186585
0.0007867013919
-0.06335414201
-0.04494064301
-0.09026886523
0.02039417438
-0.03734317794
-0.04763194174
-0.0002038782695
0.03298168629
0.1084488109
-0.03829837963
-0.08585344255
0.04326577485
0.06323819607
-0.05374940112
0.03796806931
0.04252570495
-0.04611018673
-0.02891830727
0.08128766716
-0.04166864231
0.003811077215
-0.01988391764
-0.1039241776
-0.05331681296
-0.05307513848
-0.002016664948
0.04715393111
0.008040864021
-0.0352390781
0.06784874201
0.03689657524
0.0323821716
-0.08048393577
-0.02415861562
0.0386175178
-0.1051715389
-0.07758722454
0.00207388727
-0.1049843207
-0.09391969442
-0.07016709447
0.05229162797
0.06825892627
0.006550683174
0.04175613821
0.03602869809
0.08690443635
0.1233455092
-0.1151179522
0.04462968931
-0.06489283592
0.007446718868
-0.001184784691
-0.03934558481
0.08678860962
0.08695845306
-0.03945887834
0.04689966142
-0.05252568051
0.08404361457
-0.1053624749
-0.02800983191
-0.2152127028
0.0144134257
0.06628039479
-0.002753808396
0.01537020411
-0.03061666153
-0.08337770402
0.01746742241
-0.008673196658
-0.07187558711
-0.06014417857
-0.08244250715
0.008649738505
-0.01040540542
0.03602675349
-0.04025067762
-0.03788985312
0.05597720295
0.03929319605
-0.02129725367
0.08495682478
0.02333773673
0.01062004548
0.04269053042
-0.01252319571
0.01483058557
-0.06397452205
0.004745976534
-0.02163120918
-0.01531935576
-0.02030145936
0.01749033108
0.002114074072
0.009418007918
0.01248080097
0.001265208703
-0.02886499278
-0.06936774403
0.03713582456
0.09253393859
-0.01130716503
-0.05070150644
-0.06360281259
-0.04400495812
-0.01754950546
-0.009309081361
0.05392056704
-0.05432889983
0.03105786815
-0.0219242014
0.02982729673
0.03437170759
-0.06004086509
0.005210791714
-0.0006631235592
-0.05924205482
0.04596253484
0.03199836239
-0.03901197016
-0.02646717802
-0.02746577561
0.02737960592
0.002455809852
0.0296573583
0.001497905119
0.006899407599
-0.04385018349
0.06257704645
0.04896118864
-0.001644834178
0.001312866341
0.02951770276
-0.03132746369
-0.01416897587
-0.07404695451
0.08070464432
0.04243960232
0.04021431133
0.01517074462
0.02520560287
0.0260630846
0.07570512593
-0.08133096248
0.008965342306
0.08944050968
0.03708831966
0.02993669175
0.07544996589
-0.03497831151
0.05411852524
0.03498765454
0.02133612894
0.07772078365
0.01613886468
-0.009818316437
0.03922904283
-0.1544542462
0.0488813445
-0.0156031223
0.03594730049
0.008201265708
0.0220128037
0.02524951845
0.05042221025
-0.05560741201
0.008013924584
0.06950877607
0.003567076987
0.02063271031
0.01445122808
-0.01821602508
0.04476927221
0.01866755448
-0.003907090519
0.002562999493
0.07640953362
0.07874238491
-0.05515095219
0.01308428124
0.02143158764
0.007014307659
0.04038647562
-0.1006639078
0.04321768507
0.08206915855
0.00438296888
0.009102830663
0.02018405683
-0.04308438301
-0.1032403708
-0.003698194632
0.02192447893
0.04278542846
0.1617673784
-0.02711732872
0.02050003968
-0.03385921195
0.07296632975
0.03565101326
-0.06803081185
0.0012265431
0.008036926389
0.01349920221
0.03307687119
0.03761412576
0.02599251829
-0.01154762134
0.04245424271
-0.0278855022
-0.002050706884
-0.005439735949
0.0423816368
-0.004167754669
0.02687118389
0.01822013035
0.009330734611
-0.004963229876
0.008499020711
0.001269405475
0.01751443557
-0.02293329872
-0.03053457662
0.02669044025
0.002402266487
0.008417764679
-0.003609429346
0.04129545018
0.06815940142
-0.004468362778
0.02110494114
-0.01000361331
-0.02615342848
0.03555584699
-0.01470338274
0.04447283596
0.0394173041
0.0261437837
-0.01379550621
0.02664924599
0.04403515533
-0.02029751427
-0.004706638865
0.02392667904
-0.01112726144
0.009651301429
0.05042731389
-0.03063121065
0.005951946136
-0.01106204838
-0.01232027542
0.04971731454
0.008088883013
-0.0203418117
-0.0151124401
0.03726229072
0.02670975216
0.03449938074
-0.02807228453
0.01676158048
0.03638060763
-0.02014176175
0.009098303504
-0.04804166406
0.01825918444
-0.03462071717
0.009071775712
0.006417388096
-0.05557490513
0.03044113517
-0.02113052458
-0.04806662351
0.04498972744
0.02159611695
0.05369248614
-0.02280240878
-0.02944799699
-0.04440056533
0.07334624231
-0.04527195171
0.03448748589
0.00235185679
0.05785235018
-0.08806841075
-0.1820621192
0.03186454624
0.03971660882
0.05436745659
-0.03476127982
0.01051432174
-0.03299504519
0.01024488453
0.03435108811
-0.1373337954
-0.04054134712
-0.07629311085
-0.01169275958
-0.04588845
-0.04127245769
-0.002688545501
-0.02844441123
-0.02821977995
-0.03062257357
0.002320466796
0.008998002857
-0.07139121741
-0.0594387427
0.05329357833
-0.02541887946
-0.03074579686
0.07009632885
-0.06013314426
-0.02790163085
-0.05592571199
0.03463697806
-0.00377445342
-0.005367930979
-0.02488862909
-0.001518885954
0.009913665242
0.0134703787
-0.04281355813
0.02319654822
-0.06718424708
-0.05228168517
0.01117962878
-0.04725493491
-0.1069049388
-0.1345262378
-0.007918313146
-0.01300035138
-0.0381423384
0.02427703142
0.02499755286
0.05054327473
0.03121187352
-0.02485178411
0.03830334544
0.002163784811
0.01432655938
-0.02016435377
0.004805614706
0.01173250005
-0.05642371997
0.05545849353
-0.01382223982
-0.009566423483
-0.1103437617
-0.03621386364
-0.01648125425
-0.009003682062
0.02795962431
-0.03712533787
-0.01292218082
-0.05010620132
0.07457681745
0.03902062401
-0.001556889038
-0.04479492456
-0.0211973954
0.006374051329
-0.01096821483
-0.008819049224
-0.03783818334
-0.0799954161
-0.0332063213
-0.0215584673
0.04835925624
-0.02614838816
-0.03170712292
-0.002375549637
0.03477632254
-0.0270040594
0.005630201194
0.03471572325
-0.04873884097
0.0008765815292
-0.03993549943
0.02188833989
0.001364459284
0.04152968898
0.02675764076
-0.01195682399
-0.04175029323
-0.02401386201
-0.04239202663
-0.007865062915
-0.0301198028
-0.08014274389
0.02172637172
-0.01337476913
-0.02120405622
0.03512915969
-0.06309254467
0.0005402818788
0.01017794665
-0.007885599509
0.02265063487
0.03744753078
-0.04284299538
0.01670174301
0.0682413429
0.07789728045
-0.004687638488
-0.01116303355
-0.02308337763
0.03162257001
-0.0004134798073
0.0419640094
0.04219438881
0.02345151082
-0.03523316234
-0.1089418605
-0.06456643343
0.0292371735
0.02620122209
0.01156224776
0.007985579781
-0.01885882393
0.03169345856
0.00543795526
-0.06109917909
-0.04658573866
7.13992049e-05
0.01057815645
0.03697704151
-0.008099192753
-0.02374080196
7.71874038e-05
0.01012813672
-0.002658768324
0.006529663689
0.06868367642
0.005134597886
-0.04749249667
0.0718781352
0.001235111267
0.02208866552
0.06022448838
-0.1207342073
0.03179106489
0.01050058845
0.02870654128
0.0001095936168
0.003022305202
-0.1224009767
-0.07741969079
-0.004109627567
0.02338050306
-0.01831794903
0.06760214269
-0.01352470834
-0.01704591326
0.02584973536
-0.03238430992
-0.02802747302
-0.08365857601
-0.009647984989
-0.002618628554
-0.02729030885
0.03170201182
-0.004266212229
0.04366794229
0.01908006892
0.02451872453
0.02389602736
0.007358809933
0.01673030481
0.01758037694
0.01464334782
0.0159341339
-1.314405381e-05
0.0187669415
-0.001034203218
-0.00387342344
-0.0459597744
-0.02183935605
-0.01048615854
-0.02062290534
0.03785078973
-0.02959800884
-0.01142892707
-0.02940284647
0.07635065913
0.02350377291
0.01312722918
-0.01413533837
-0.007842102088
0.001928735059
0.01777511463
-0.01197652053
-0.02396668121
-0.02197682858
-0.02741096169
-0.02114051394
0.05458107591
0.01183214318
-0.01752315834
-0.01926347986
0.02649291046
-0.01838808693
0.001597476192
0.03658593446
-0.03855152428
0.00119878829
-0.02329179086
0.01493683644
0.01567939296
0.03996301815
-0.001012594905
-0.003278461751
0.0002097899269
-0.008961103857
-0.03835474327
-0.009397493675
0.01150242891
-0.02124904841
0.007823924534
3.272283357e-05
-0.01522479951
0.03098240308
-0.003745850408
0.01285223477
0.005058617331
-0.008702342398
0.02255688235
-0.002372647868
0.0158531107
0.0003169616975
0.0092496695
-0.000610617979
0.006162517238
-0.007050874643
-0.008370189928
-0.01860139146
-0.0014654072
-0.01023226511
0.005216268357
-0.002563109621
-0.01952647977
2.121917532e-05
0.02061367035
-0.007099120412
0.01909101382
-0.00550033059
0.005114405416
-0.004183790181
0.006366090383
0.005854730029
-0.005625863094
-0.00103891152
0.00131279591
-0.002373612486
-0.006260518916
-0.003771055257
0.001738922903
0.01037957054
-0.009664050303
-0.0005629266961
0.03315153718
-0.004022354726
-0.004837183747
0.0067237732
0.01083855517
0.004636338912
-0.01129139774
0.006397220772
0.003569959197
-0.003158200998
0.001651544357
-0.007377943955
0.01355852094
-0.004474509507
0.01682903431
0.007934430614
-0.00369908521
-0.0009467752534
0.007326459978
0.008913049474
-0.00509744836
0.001938942703
-0.003643478267
0.0003991636913
0.003620052943
-0.01063623279
-0.0007935832255
0.001532791066
-0.0001576394134
0.008065181784
0.01079277601
0.0002353950404
0.004129276611
0.004802365787
0.0008732494898
0.01328710746
-0.000231350743
0.01431206614
0.001336990739
-0.001304731006
0.006498537026
-0.01463955361
-0.002024658257
-0.002644828986
0.003557781456
-0.002935117809
0.0004375756544
-0.0005365271354
-0.0002357530466
0.005975565873
-0.002383350162
-0.002002279507
-0.000761357951
0.008595753461
-0.007218396291
-0.001008882304
-0.003605218139
-0.002987360116
0.007430201396
-0.004667330533
-0.001084183343
0.007835073397
0.001947300159
-0.001815602649
-0.000388546905
0.0009704616969
-0.005219176877
0.001201099949
0.008685381152
-0.001555380644
-0.00309184962
0.004565403331
0.003441774519
-0.001599473297
0.0001831710251
-0.005497799255
-0.002596298466
-0.003627014579
0.007083687
-0.003864022903
0.002667707857
-7.061730139e-05
0.01611337624
0.004380722065
0.002340645296
0.00880499091
-0.002702993806
-0.006110595539
-0.00615532184
0.001546087093
-0.02363397554
-0.03322591633
0.01461246703
0.01070330478
-0.06874210387
0.03404475376
-0.04457509518
-0.04807585105
0.03871159256
-0.04251503199
0.008363858797
0.04900440946
-0.05307365209
0.02403077111
0.01243309677
0.003669983707
0.06577400863
-0.003732143203
0.06809633225
0.01706138067
-0.03630260006
0.03223512322
-0.07939357311
0.0361417681
0.01512805466
-0.02781075612
-0.07530535012
-0.009647777304
-0.0312997736
0.002922347048
0.01136813592
0.04598778859
0.05849830061
0.01326556318
0.02357468754
0.0484088473
0.06895869225
0.05478231609
-0.05360740796
0.1127765179
0.009200714529
-0.0613989383
-0.02972955443
-0.004437965341
0.05837797001
0.01071315911
-0.009493404068
0.1239202395
0.03982563317
-0.04532184079
-0.06508949399
-0.002871972974
-0.08820376545
-0.03654919937
0.02193169855
0.02277541719
0.02688767761
0.0558857508
-0.01596844941
-0.02193063684
0.003971528728
-0.003939806949
-0.01720430143
-0.01409355085
0.0003344179422
-0.004815644585
0.009454410523
-0.0330064632
-0.07616636157
0.02515040711
0.03046757169
-0.006950592622
0.04285155237
-0.004100861028
0.02847823873
0.00990113616
0.01808935963
0.01201730315
-0.005867918488
0.02154899947
-0.003521161154
0.01418975368
0.03343596682
-0.002544921823
0.0693063587
0.004768325482
0.03688554093
0.03552001715
-0.02902874351
-0.03391578421
0.02096700668
-0.0189273227
0.01041722111
0.005501528271
0.001212736359
0.0115889227
0.01010925323
0.00267592282
0.04152071476
0.01589969546
0.02483825386
-0.002689745277
0.02515567653
0.01594760828
-0.01739750244
-0.03664083779
-0.01457620412
-0.009081250057
0.05320457742
0.01886560954
0.04116593301
-0.001484709675
0.0198913496
0.02568261884
-0.04394309968
-0.001172774588
0.008334938437
0.0296884831
0.01891757175
0.03251287714
-0.003165018279
0.01857464947
0.002854151418
-0.03032747097
-0.01807556301
0.004226210061
-0.02306326851
0.05487111211
-0.03125603497
0.009264317341
0.02713174187
-0.02304311655
0.02908739075
0.02115075849
0.04438113049
-0.01810590178
0.04272186756
-0.01086014323
0.01675191149
-0.003496180754
-0.03198202327
-0.03029074892
0.004014262464
-0.03029977158
0.02960085683
-0.01470432058
0.04844003543
-0.006156481337
0.05929588526
-0.01506183483
0.03740758449
0.0141715901
0.01670017838
-0.002162368502
0.01686023735
0.02158527635
0.0158148706
-0.0004864051298
0.02332058921
0.004932131618
-0.01382652484
-0.009446999058
0.003367865924
0.04165766761
-0.008268492296
-0.001908572391
0.07799305022
0.07397580147
0.005204136949
0.0002507253666
0.03248862922
0.01982429624
-0.009013479576
0.01447160635
-0.00481711328
0.02449744754
0.0006097901496
-0.03153650463
0.01318987645
-0.01092240866
-0.009313817136
-0.0188773647
0.0004429398687
-0.0008176498814
0.05596881732
0.06317346543
0.01259977184
0.02048193663
-0.02168774977
0.01018788479
0.04918018356
-0.004794887267
0.001194464508
0.009846174158
0.0144657148
0.009315662086
0.007444564253
-0.002707813866
0.00436532218
0.03841581941
0.005402955692
0.03146648407
-0.0139532201
0.02402236499
-0.008186979219
0.002727466635
0.02863352932
-0.02675424516
-0.006452470552
-0.0005457148654
0.02823954448
0.005372319836
0.01023357082
-0.02063853294
0.002187652979
0.01589796133
0.001744750421
0.003477062099
0.008638814092
0.03056683205
-0.003388033714
0.003850263776
-0.007235411555
-0.0180194024
0.003418050939
-0.01483191364
0.01569697447
0.019366825
0.01253459882
-0.003308675252
0.003328869585
0.0278592594
-0.001997851767
-0.001535844989
0.01769242436
-0.009523170069
0.006301512476
0.01799319498
0.01085345075
-0.005565496627
0.006166850682
-0.02064857259
0.0171513129
-0.009269197471
0.004552346189
-0.003009546082
0.03572935611
0.01512026135
0.03821996599
0.0008670527604
0.02875903435
0.02870078199
-0.01730984822
0.001221732469
-0.03084510937
0.01200152654
0.01019825786
-0.01920126565
-0.03746568039
0.02251275256
0.02526745573
0.04333814234
-0.03904987872
0.008428296074
0.04908360541
0.04913365468
-0.0080544753
0.02782556042
0.004150812514
0.05604130402
0.007637673058
0.02422494441
0.02396044135
0.0209023077
-0.02078999765
0.008444157429
-0.08787813038
0.02788564749
0.008718360215
-0.006453254726
-0.008911130019
0.008138174191
0.04151458666
-0.007919514552
-0.01591372862
0.02484355308
0.02104663849
-0.008285284042
0.006521500647
0.002351914765
-0.02608271502
-0.03738071769
-0.001353358151
-0.03704641759
0.009568253532
0.006139899138
0.006329671014
-0.04820903391
0.04189869016
-0.001497249585
0.01584178768
0.004770013969
-0.07072162628
-0.0005374563625
0.03352522105
0.01694861613
-0.0003218564088
0.01478367299
-0.01179303508
-0.0581651777
-0.02096366696
0.004494991153
-0.007617698982
0.05736472085
-0.01922927611
-0.005506825633
0.007549870294
0.01323468611
0.04128281027
0.01941931807
0.00313928863
0.002376106568
-0.02278432995
0.02708218992
0.02869160846
0.009238123894
-0.007445736323
0.006078398786
-0.02010843158
-0.01300053857
-0.003306691768
-0.03063456155
-0.0003895908303
0.009651867673
-0.01678457484
0.001917350339
0.007546151057
0.008198666386
-0.03873620927
0.008341421373
-0.002898610895
-0.01967875846
0.03403862193
-0.02217300609
0.001486092573
0.002688371111
0.04460008815
0.01539661363
0.026448939
0.01406317391
0.00128229917
-0.01174832601
0.00127733103
0.001462895423
0.002576058265
-0.03216343746
-0.01303615607
-0.0003889348009
0.03582805768
0.005348232575
-0.01284628827
-0.006021262612
0.01759411581
0.0007874388248
0.003866782878
0.0135140419
-0.01698200218
0.008467045613
-0.006049598102
-0.008402817883
0.03361812606
0.01665173285
-0.00105750293
-0.004256949294
-0.008323824033
-0.01109255664
-0.03320844471
-0.01417908818
-0.02815631405
-0.006105573382
-0.005819887388
0.008612941019
0.008355285972
0.005845596083
