0.01707451046
0.003677119501
0.02351111546
-0.0007665743469
-0.03010140732
-0.02689220384
-0.02856248245
-0.00108117098
0.003154437058
0.06822708994
-0.03078291193
0.03404467925
-0.03778371215
-0.003083887976
0.004568255506
0.01310417894
-0.01716138236
0.01708978787
-0.01787770912
0.03657654673
-0.0549948588
-0.01279384643
-0.04159216955
0.01594998874
-0.001468337374
-0.01751917414
-0.05380859971
-0.01932685263
-0.03601515293
0.05490794778
0.04278417304
-0.0009565954679
-0.02351714671
0.03510137647
0.009749966674
0.01129840035
-0.0233482495
0.04926657304
-0.07855768502
-0.006183984689
-0.001704330556
0.007875707932
-0.02924167924
0.01060608216
-0.01072710101
-0.00545533048
0.01866957359
-0.04542788118
0.04459777847
0.02143591829
0.005063456018
0.008835013956
0.03830625117
-0.02427779511
0.01464667916
-0.003147607436
-0.005603215657
0.03445008025
0.01575853676
-0.01679761149
-0.01211251132
0.03695346043
0.03053220175
0.001877535484
-0.007130892016
0.002560285153
0.005835879594
-0.02281369828
-0.04235576838
-0.008696381003
-0.00834839046
-0.00329786865
-0.005572868977
-0.01405365206
0.004836993758
-0.01746726036
-0.003526911372
0.01833053119
0.01589669101
-0.02569653466
-0.02785241976
0.01124392636
-0.001566244522
-0.01374692656
0.03068357334
0.001355847926
0.04112749547
-0.0001091835875
-0.01737011597
-0.0266062133
0.01883605681
-0.0110600153
0.005174329039
-0.01559242792
-0.003228337737
-0.008742462844
-0.006096852478
0.009193612263
0.01956337504
-0.01344868448
0.01165959984
0.005474027712
0.008774633519
0.02258253284
0.001493838616
-0.002504840959
0.005998145789
-0.00594897056
0.001358096488
-0.02129504457
0.00806715712
-0.008828598075
-0.0005625646445
0.005132483784
-0.005616752431
-0.02258433402
0.003220919752
0.001486315159
0.01455504913
0.002244599396
0.02396916412
-0.009016745724
-0.01470032614
-0.01487724204
-0.01130290143
-0.007463926449
-0.009758792818
0.01904063299
-0.001760327374
-0.001884805853
0.0007573823095
-0.005298357457
0.001327632926
0.001084137359
0.001917076064
-6.917383143e-05
0.0003793622018
0.007830377668
0.003137165913
0.001741835033
-0.007944313809
-0.004412235226
-0.003349099541
-0.00457904255
-0.0002857797663
0.002055271296
0.005014195573
0.000975310686
-0.001342910458
-0.003620200558
-0.001537321834
-0.005730049219
0.001757829799
0.004605825059
-0.00696061831
-0.00408536708
-0.0006311556208
0.004821036942
-0.0002883598791
0.0008418820798
-0.003922814038
-0.001737877261
-0.003265252104
-0.0002792838495
0.001491680159
-0.003653926775
0.002456710907
-0.003031573491
-0.004813664593
0.005682548974
0.002063080203
0.002460015938
-0.003274999559
-0.0006642986555
-0.002715805313
0.0001696590043
0.007986182347
0.002256652107
0.007674104534
-0.001089212252
-0.01023840532
-0.007089220453
-0.001957273111
-0.001354199136
-0.001975739375
-0.003757797182
-0.0002773852611
-0.0008065741276
0.001779948012
-0.003033637535
0.002774149878
0.001449623494
0.003370985156
-7.029795961e-05
-0.00120695855
-0.002119177254
-0.002635548124
-0.002067035763
-0.0001299482537
-0.003077079775
0.0004703123705
0.0007297188276
-0.003963520285
-0.002996031661
-0.001456589787
-0.002411104972
-0.00222720392
-0.008049387485
-0.001732607023
0.000830765639
-0.003124252427
-0.0005420478992
0.007304407191
-0.0007337349816
0.005365626886
-0.003769012168
0.0005707414239
-0.001264626742
-0.0006553565036
-0.006629084703
-0.0004028077528
-0.0007655494846
-0.001383044524
-0.002153207548
-0.003863731399
0.000588905823
0.001290452201
-0.002317436971
0.0002845548443
0.001326409285
0.00341475755
0.0002363476087
-0.002951364266
-0.0005723286886
0.001154162223
0.003167008748
-0.002005230403
-0.002178119728
0.002385269152
8.335301391e-05
0.0007963497774
-0.001222905004
-0.001892403001
-0.000318544131
-0.0005928653409
-0.000211706516
0.0004744028556
0.001483004075
0.001714607468
-0.002538023051
-0.005483369343
-0.00193256652
-0.0007643395802
-0.002635741374
-0.002674187766
-0.0001096460546
0.0100813387
-0.02720928751
0.01923849247
-0.02520592511
-0.02250072546
-0.02870495245
-0.01446887106
-0.000663998595
-0.02130502835
0.06802440435
-0.02987186424
0.01175511908
-0.03234698623
0.009397038259
-0.004661840852
-0.01943062805
-0.01878555492
0.01350048743
0.003375749569
-0.009120703675
-0.03871257231
-0.001182958018
-0.01684493944
-0.03096684813
-0.006420411635
-0.0149230808
-0.03571566567
-0.04196290672
-0.001086715376
0.05468497798
0.02621202171
0.005510296673
-0.02063972689
0.01687643304
-0.003147950629
0.005836587865
-0.01289526932
0.01182720251
-0.04010280594
-0.0107262535
-0.02552914992
-0.03179202229
-0.004805387463
0.015425005
-0.001691714628
-0.009256138466
0.01504996885
-0.03530601785
0.04009531438
0.0171344988
0.01812343672
0.008491355926
0.01300083753
-0.01287583075
-0.003661442548
-0.01624777727
-0.01118703559
-0.004183161072
-0.007920448668
-0.002989099827
-0.007837811485
0.01625735685
0.008495806716
-0.03002125025
0.002870383672
0.003130262252
0.005147884134
-0.01939960197
-0.03080197051
-0.005595141556
0.00700783683
-0.01494583394
0.004157624207
-0.01935285516
-0.009083095007
-0.02841917239
-0.001388226752
0.01225367934
-0.01319271792
-0.04220410436
-0.01910338365
0.006036158185
-0.01289518178
-0.005915240385
0.0426629968
0.001327516045
0.04476382211
-0.01025765017
-0.007059524301
-0.02626091056
0.01781077683
-0.03264243156
-0.00471838098
-0.02106063254
-0.008859899826
-0.004913069773
-0.01850949042
0.004579335917
0.02264866792
-0.02608310431
0.01101957355
0.004181608092
0.01359968167
0.01295209303
-0.008541204035
-0.006051117554
0.0219731722
0.006646308117
-0.0001397374435
-0.009926925413
0.01466863789
-0.001453242498
0.003685511183
0.0004784457851
-0.0166665744
-0.01151703577
0.00607352471
-0.0004781152238
0.004535853397
0.001676216372
0.01436025836
-0.007647879887
-0.03136181086
-0.02355342731
-0.005759504158
-0.009146202356
-0.0190790277
0.02248603106
-0.04647883028
-0.02061614953
-0.01329991873
0.01866406389
-0.04540002719
-0.06129426882
-0.03759979084
0.008080565371
-0.01734687202
0.1480271369
-0.04802300036
0.06628268212
-0.07426419109
-0.0588828437
-0.02174671553
-0.003101645969
-0.01244706288
0.04078974575
-0.03070514277
-0.00341608189
-0.09720634669
-0.02560142055
-0.01103959978
0.02819827944
-0.01482675225
-0.0008522754069
-0.08406150341
-0.03100935929
-0.03568355367
0.07267967612
0.01085057016
-0.008633910678
-0.03769342974
0.02918520756
0.004756667651
-0.01532142051
-0.01762008294
-0.01477471739
-0.08773054183
-0.08582425117
-0.05114089325
-0.01927665807
-0.009267223068
0.005083084572
-0.02237233333
-0.0461396724
-0.01993273199
-0.04746861383
0.106044203
0.05794372782
0.0745222643
0.001232587616
-0.0001117715146
-0.06720800698
-0.00437377952
0.01243556291
-0.0007628871244
0.0156644918
-0.001650266931
-0.0382713452
-0.03984675184
0.02394791506
0.03910441697
0.002690135501
-0.004002842121
-0.003501172177
0.003247385146
-0.05836001411
-0.08470786363
-0.03410694003
-9.657458577e-05
-0.04781451821
0.002495360328
-0.02329249308
-0.00991587434
-0.02329669334
-0.003347466001
0.005464348942
0.02985802293
-0.05527898297
-0.06941045076
0.0230681356
0.01272158138
-0.01277654991
0.07050997764
0.01620197296
0.1083520055
0.01076772157
-0.02848166972
-0.02412678301
0.008334921673
-0.04824847728
0.007301347796
-0.02904312685
-0.02379363216
-0.00778614264
-0.006159350742
0.01944096014
0.04435261711
0.0009531628457
0.02842112072
0.01915821619
0.01878400892
0.0398250781
-0.02601292543
0.01225485187
-0.002314457903
0.003924923949
0.00840655528
-0.04000578821
0.0194537174
-0.02615026385
-0.01110938936
0.02471726388
-0.003232905408
-0.01317917369
0.007320669014
0.01683488861
0.005792692769
0.02356869914
0.05546240509
-0.03966780007
-0.05589697137
0.008993029594
-0.02709531225
-0.01212231442
-0.02586689964
0.03793852776
0.01490011159
-0.01010633446
-0.009077311493
-0.01177108753
-0.02066772245
0.008267618716
-0.0002843261173
-0.000367196335
0.004550845362
-0.01364375651
0.0142777469
-0.01864818111
0.01305937488
0.02299785055
-0.00571336085
-0.01260526665
0.003974074032
-0.003501147963
0.03534859046
-0.01499510463
-0.005456325598
0.02842708305
-0.0226489678
-0.03009459749
0.002577508334
7.279763668e-05
0.0288441889
-0.0114929527
0.01654510945
-0.01191054098
-0.01178902388
0.004077738617
0.02093617991
-0.02347669564
-0.01380297448
0.0008160860743
0.001922602649
-0.02110843547
-0.003621718846
0.01083167735
-0.01008924004
-0.002497441601
-0.01517781895
0.001723319059
0.008218189701
0.001916565467
0.00142398465
0.01813334972
-0.007459237706
-0.005923833698
0.006636409089
-0.004711595364
-0.03273134306
-0.0006818855763
-0.01175665297
-0.01047700178
0.002002188936
-0.02046259493
-0.011169184
0.01052017603
0.003686690237
0.003841852304
0.00859025307
0.02068284713
0.0015656834
0.003159950487
-0.0008322764188
-0.008812026121
-0.006367354188
-0.0003891488595
0.006875211839
-0.007353806868
0.004900236614
0.002088665729
-0.007289218716
-0.005643351935
0.001965998439
-0.007762378082
-0.01192175038
-0.001961448696
0.00862646848
-0.002064017812
0.004783199169
0.006862137467
0.002114705276
0.002070486313
-0.004195427056
-0.00747009879
0.007593117654
0.006026824936
-0.009470064193
-0.01343312208
-0.008530408144
0.003593978239
0.0004985903506
0.0006596783642
-0.00304250652
-0.002166591119
-0.0007161195972
-0.002119222889
-0.002409782726
0.0005139286513
-0.003930937499
-0.01061742753
-0.006369196344
0.0001822521299
0.004252181388
0.003572256537
-0.008471244946
0.003183890367
0.005251252558
0.005789363757
0.003826990025
-0.0025733863
-3.287882646e-05
0.00502716098
-0.006784782745
0.0005676890141
-0.002847929951
-0.001610251726
-0.007582000457
0.002728804713
-0.007834380493
0.001961291069
0.003907487728
0.005363608245
-0.0005975324893
-0.005765645299
0.002168988343
0.001562498044
-0.006384215318
0.00561184017
0.00674294075
7.323830505e-05
0.005154484417
0.001012206078
0.0001894344896
-0.003251918824
0.0007403351483
0.00121021911
0.003919007257
-0.003124494338
0.001298217801
-0.002818673616
-0.00222448376
0.0005227834918
-0.003518446116
0.0006519432645
0.01667420566
-0.005292305723
0.008057254367
0.002663514344
-0.001407557516
0.002487118123
-0.002734030364
-0.0003470410011
0.006269271486
-0.004046650603
-0.002061351901
-0.002886031289
-0.005834291689
-0.0006652215961
0.002115891082
-0.007122775074
0.004529720172
-0.003707720898
0.008731716312
-0.003512762254
-0.002294218866
0.001072401181
0.004375529941
-0.001795516699
0.0006546293152
-0.004140442703
0.002785992809
-0.0002225130884
0.003224934451
-0.0006311201141
0.003330856096
-0.0009563518688
0.004913016688
0.001767313806
0.0009881018195
0.001756981015
-0.0008341336506
0.0006935292622
-0.002090598689
-0.002980601974
0.0008934521466
-0.002181879943
-0.002557725413
-0.006365959067
-0.0008425313863
-0.0002827043645
-0.001062394585
0.002480831696
0.004628610332
-7.064267265e-05
0.001436377643
0.0005204546615
-0.003560699988
9.734198102e-05
0.001466503367
0.0007766605704
0.0004589447053
-0.0009170663543
0.003394263098
-0.0009286012501
0.0005268430104
0.0002173940302
0.002263057278
-0.001253329916
0.003081398318
-0.0004098220961
0.0004729373904
-0.001593775116
0.0009385554004
0.002757569775
0.0002373810275
2.798935748e-05
-9.727228462e-05
0.0008508334286
-0.001673080144
0.001342101372
-0.0003070000093
0.0004179206444
-0.001686747419
0.00249766279
0.002017195569
0.0004954472533
0.0006995053845
0.001332409563
0.00190445804
0.0001957818167
0.0006133997813
-0.0005458018277
-0.002023146022
-0.000297666149
0.0001892615401
0.0008143983432
-0.0003642527736
0.0006806467427
0.0001932055166
0.001511859242
-0.001004537102
0.001333205146
9.292663162e-05
-0.001341032912
0.001194247045
-0.001376830507
0.002582884626
0.002520249924
0.0006812093197
-0.002014706144
-0.001053468906
-0.003708452452
0.05226571485
-0.02904689126
-0.08723544329
0.02063292451
0.0145581197
0.02647960745
-0.02189239673
0.003830354894
-0.01477338001
-0.04084599763
0.0019635309
-0.01302103233
-0.09331618249
-0.02889889106
-0.04395649582
-0.03571360558
0.06372104585
-0.01836858317
-0.07960389555
-0.09960053116
-0.1254944503
0.03687023371
0.1084972322
0.07195415348
0.003417778527
0.05774557963
0.1422429532
0.04895086586
0.07509155571
-0.1190438345
-0.09097391367
-0.0250043422
0.03628275171
-0.06015966088
-0.0201741308
-0.08823820949
0.01128642447
-0.1685866416
0.1167983785
-0.01698427834
-0.03907809407
0.06669216603
-0.005308610387
-0.07053415477
-0.02953374013
-0.02307389304
-0.1202517375
0.09353345633
0.02795512043
0.01246007439
0.0606084317
-0.06980861723
-0.0787204951
0.03394855559
-0.05155570433
0.03069550544
0.03113059513
-0.06859546155
-0.02396893688
-0.04301147535
0.02940100618
-0.03406992555
-0.03060304932
0.01054255851
0.001980305649
-0.00302180252
-0.02975705825
0.02205358632
0.067329593
-0.02525322698
-0.02357620187
0.02057094127
0.03228407353
0.02112731524
0.01040412486
-0.02975485288
-0.02260954678
-0.01052012295
-0.006039006636
0.08561992645
0.002323716879
0.002509474056
-0.005275481381
-0.006337139755
-0.003827324137
0.009363587014
-0.005756770726
0.02035347931
0.004477688111
0.005463602953
-0.03266974539
-0.05633180588
0.01939471252
0.01947190799
-0.0002981892903
0.02878017351
0.02753887884
0.007052813191
-0.01007006317
0.02491154708
-0.03135215119
0.01415546704
-0.01220027357
-0.01956572011
0.004631863907
0.008477380499
-0.01084152143
0.01168171782
0.03893847391
0.008723375387
-0.02255476825
0.003513413947
0.004060992505
0.02517396957
0.03146882728
0.01696885005
-0.01018507499
-0.01829360239
0.008404772729
0.02281085774
-0.02137672156
-0.00152405072
0.04811726511
0.1110932752
-0.002556086984
-0.01165459026
0.01305524353
0.006099985447
-0.03844814375
0.01288059913
-0.0022092578
2.425895946e-05
-0.05326780677
0.05172378197
-0.01830379665
0.01494193356
-0.01168610808
0.007114414591
0.03006499633
0.002011534292
-0.03233012185
-0.09770485014
-0.01965125278
0.01481793914
0.01254987717
0.01585268602
0.1160020307
0.001456884784
0.125139758
-0.05662498251
-0.1712859571
-0.02909626998
0.02710308321
-0.01613537222
-0.1353326738
-0.0143652074
0.03561574966
-0.01043204963
-0.02791013569
0.02852825634
0.04485634714
-0.01121012308
0.03257778287
0.02970407903
0.07974861562
0.08560673892
-0.220341146
-0.003442458808
0.02791625448
0.03857644275
-0.1362211555
0.02955985442
0.01957363635
0.02463920042
0.06503973156
0.02748368122
0.01393517945
0.006990069058
-0.01234059781
0.08471141011
-0.1338702738
0.0714571476
0.04438632354
-0.03365425766
0.02036287822
0.06080205366
0.02449975535
0.06841333956
0.04831168428
-0.01425594836
-0.02429970354
-0.1091279984
-9.964281344e-05
-0.002345822984
0.01011619531
-0.004143536091
0.01145900972
0.03269375116
0.02180972137
-0.005420541391
-0.01826057583
-0.003780672327
-0.01135103311
0.0151210269
-0.0003207406553
-0.007334294729
-0.008327128366
0.04692803323
0.02588220686
-0.01114501711
0.014948925
0.02819816954
0.01798992418
0.005335851572
-0.05002902821
-0.01652911119
0.01898366772
0.003763019573
-0.03516163304
0.0110285338
0.008404813707
-0.005114051979
-0.00128396519
-0.0004516329791
0.006301829126
-0.01570081897
-0.003945114091
0.01952983625
0.01575501449
-0.006792553701
-0.03695129976
-0.03380037844
-0.000865628419
0.008578320965
0.001580401557
-0.01243776176
0.004699665122
0.008503433317
0.05918961391
0.01215064805
0.02806942165
-0.0166750215
-0.02950162999
0.02011769265
-0.001754270401
0.0222188253
0.004626417067
-0.03071564622
-0.004785825964
0.03111307323
0.03486457467
-0.007907901891
0.02709805407
0.01125174295
0.004420221783
-0.01040501427
0.04555250332
0.04022537172
0.02880688198
0.0471473299
0.001659977483
0.01627144963
-0.01628067158
-0.005602768157
0.03029666469
-0.04288052768
-0.002566564595
0.02694002911
0.02163298801
0.02031583339
0.03966423869
0.05846400559
-0.006800864358
-0.01081703417
-0.03123987652
0.07674753666
0.03106650524
-0.01445259899
-0.04545178264
0.04703195393
0.01466516592
-0.02047226019
-0.004543135408
0.02979624271
0.02170756273
-0.005145452917
0.04656662792
-0.006257358473
0.003771071322
0.04679891095
0.03278114274
0.02495629527
-0.02690494992
0.1198411137
-0.04713384435
0.05500354618
0.05995389074
0.03672390059
-0.01823128387
0.007454077248
-0.007856254466
0.02056559734
0.05930053815
-0.0237698406
-0.03944644332
-0.02258785628
-0.07760624588
0.03898108378
0.1252100468
0.04910743237
0.03608573601
0.01470054127
-0.004906665068
0.06518498808
0.03743873164
0.01054945588
-0.001912674401
0.03498431295
0.005636299495
0.06246256828
-0.01422322448
0.0007217063685
0.003152609104
0.02309460379
0.003896179842
0.01913711987
-0.01459683385
0.04199713841
-0.02096330747
0.01044570748
0.02402839996
0.008645517752
0.0008118106634
0.03151713684
0.03507769108
0.0370831117
0.01544662099
-8.914469799e-05
0.004577188287
0.001882777899
-0.03923593089
-0.016677659
-0.03396160901
0.01573755592
-0.009291431867
0.01195247378
0.01514051668
0.03477149084
0.01574273966
0.01231657248
0.01891397312
-0.01862653904
0.009192776866
-0.004645976704
-0.01515601575
-0.004800592549
-0.009376940317
-0.0102820443
-0.005766827147
0.003728605574
0.02989148349
0.001369292848
-0.0005817949423
-0.02840737253
0.001327157021
-0.003751280718
-0.01057545096
-0.0044324724
-0.00290461001
-0.004242201336
0.01238174271
-0.02030765079
0.01271959208
0.006391219795
0.03377754241
-0.01357622538
0.00102267554
0.01688992977
0.04299876094
0.00150550995
0.003943972755
0.009444513358
0.01308107655
-0.002138410928
0.01764572971
-0.004802800715
0.03475982696
-0.01123423129
-0.05723488703
-0.02900094911
-0.03158139065
0.0002087036846
0.008169146255
0.09093957394
-0.03882910684
0.03223259002
-0.05138594285
0.003370141843
-0.002548047574
-0.002407885157
-0.03597114235
0.02559703961
0.01714313775
0.06612367928
-0.03544660285
-0.01676862873
-0.08671459556
0.01176257338
0.001331612933
-0.0316500254
-0.06256510317
-0.04142501578
-0.009980156086
0.07736686617
0.0552697219
-0.002631881973
-0.03010028601
0.04583000392
0.01200709771
0.01388708688
-0.01424691547
0.07135538012
-0.1240585521
0.01220202446
-0.002982549835
0.01786719821
-0.05665739998
0.01720292121
-0.02340990677
-0.009961651638
0.03718073666
-0.06410182267
0.06142340973
0.01972041093
0.0003059422015
0.01677655056
0.03441132978
-0.02333843708
0.02897147089
-0.01504682843
0.003440664615
0.05858430266
0.02913070656
-0.02219043486
-0.0097034676
0.04148455337
0.04956243932
-0.005981771275
-0.01018834859
0.003302928992
0.02063263208
-0.0441544205
-0.06118604168
-0.007559561171
-0.001961672911
-0.006499755196
-0.003073548665
-0.02321657725
-0.0003064018383
-0.0220797006
-0.008400293067
0.02402512915
0.01765291765
-0.02989752218
-0.03255907819
0.01207470056
-0.0008275939035
-0.006185980979
0.05229976028
-0.001414483762
0.0482063666
0.001064422075
-0.01415698882
-0.02850574628
0.01971101016
-0.01771444641
0.007932263426
-0.01986834221
-0.01002882794
-0.01617443748
-0.02067916282
0.009042709135
0.02754973434
-0.01550091058
0.02517182939
0.006630737334
0.004647782538
0.03046013787
0.0008803379023
0.007212447934
0.01801669039
-0.008185802028
-0.004637990147
-0.02478068508
0.0236957483
-0.006615367252
0.002434424357
0.003643422388
-0.009073404595
-0.02686093934
0.00110147323
0.01029137243
0.02723091841
-0.002644593827
0.03842416406
-0.008757724427
-0.009729188867
-0.02422512323
-0.009852236137
-0.01035817619
-0.01658412442
0.01795155928
-0.01271181926
0.00321621215
-0.01859795861
-0.007122534793
-0.03162695467
0.005861030426
-0.01096223388
-0.001046254067
0.008903996088
-0.04197327793
0.0196093414
-0.02123115398
0.02216473781
-0.005883357022
-0.006722266786
-0.005136901978
0.01136526931
-0.008135556243
0.02981746942
-0.008354168385
-0.0436648652
0.05856399238
-0.02259918861
-0.01683201641
0.004314171616
0.006017729174
-0.02144822665
0.005517540965
0.007477916311
-0.03622069582
-0.02491260506
0.0006174975424
0.02808082663
-0.03308209777
-0.01699137129
-0.009620082565
0.0009691130836
-0.03474633023
0.01210186724
0.01404153556
-0.002858388238
0.005348774604
-0.02669821493
-0.008657350205
0.0764484033
-0.002035692101
0.003145575989
0.03234455362
-0.01896579564
-0.008488762192
0.002157425508
-0.02098092437
0.0484813191
-0.02237607539
-0.01073000301
-0.004571538419
-0.01172140334
-0.0218106173
-0.01112984773
0.002278362168
0.003897854127
0.01130508073
0.0113567207
0.04446218535
0.0006756563089
0.001729635638
-0.006786089856
0.003603642341
0.005436243489
-6.962635962e-05
-0.0003951410472
-9.710182348e-05
0.006903703324
0.01119346824
0.0004770263913
-0.002512353007
0.0003317912924
-0.01208648272
-0.008379987441
0.01251425873
0.01321431343
-0.005087055732
0.008710714988
0.006727395114
-0.01297532581
0.003576584393
-0.0177868437
-0.006246782374
0.005538987461
0.009652525187
-0.01540445723
-0.01403504424
-0.003674446139
0.01208142098
0.00635498669
0.009459177963
0.006846367382
-0.003520479193
-0.009795265272
0.005627646577
-0.008595992811
0.0003854479291
-0.0100441156
-0.01740253717
-0.003073425032
-0.002365930006
-0.01088663284
0.003171501681
-0.007021236233
0.006924528163
0.001024071709
0.006847115234
0.003924000543
0.002581509063
0.006907131989
0.007375394925
-0.01323381532
0.003957342356
-0.007422078401
-0.002285595518
-0.02055024728
0.005761711858
-0.009561765939
0.006403667387
0.002708611544
0.01053460967
0.01052557956
-0.01235694252
-0.0166375488
-0.01720644906
0.001243569655
-0.006502222735
-0.02306916378
-0.04177210853
-0.02786107548
0.001260126708
-0.02180840448
0.09142594784
-0.03512565792
0.04456758872
-0.0573490113
-0.05440429598
-0.01065738872
-0.01333727688
-0.006175678223
0.01852120832
-0.02818208374
0.0001597646624
-0.06467992812
-0.007472012192
0.001498719444
0.009342525154
-0.00380394375
-0.003231858369
-0.04929153994
-0.02377810888
-0.05097822472
0.02456941456
0.0156069342
0.003078816691
-0.02615926042
0.01195940934
-0.01222866122
-0.006889919285
-0.01318881754
0.0008977722609
-0.04687805474
-0.05549160019
-0.03827216104
-0.02341791987
0.01488435455
0.007567919325
0.006150200032
-0.02468933165
-0.004496308509
-0.02441077493
0.101949349
0.04530842975
0.04668701813
-0.01692502759
-0.03998152167
-0.05903834105
0.0009859014535
0.0003321218828
0.002258323599
0.0093934834
-0.007795397192
-0.02398731932
-0.0295619797
0.01614851505
0.01576199196
0.02423312329
0.0004702446749
-0.001203243737
0.001558385673
-0.03419188783
-0.04729571939
-0.01958963834
0.002388329944
-0.02781644091
0.01248189714
-0.01913573593
-0.00939055346
-0.002314803191
-0.002319107996
-0.003370421473
0.005844423082
-0.04982519895
-0.04428721219
0.0127770137
-0.0008982439758
-0.01236677915
0.06235451996
0.01039766055
0.07459887117
0.01038409211
-0.01488192752
-0.02908766642
0.007695057895
-0.02179972827
-0.001783996122
-0.02651412226
-0.02054926939
0.0008707298548
0.0008628658834
0.01088557858
0.02973596938
-0.0007827555528
0.02426726557
0.01044799481
0.01447470579
0.02474965155
-0.01688013785
0.003564327257
0.006263516378
0.008111941628
0.01160097867
-0.02006438933
0.01410636492
-0.01064357348
-0.002388799097
0.01185978763
-0.01366027631
-0.01108931471
-0.001773701049
0.006026837043
0.005255647004
0.01627981104
0.04053270072
-0.0236179065
-0.05216728523
-0.00163215457
-0.01775792614
-0.01598129421
-0.02487277053
0.0217855759
-0.002418889897
0.03397089615
0.01657848619
0.04450381547
-0.009303871542
-0.01281505544
-0.04285586998
-0.0002576086554
0.02143827453
0.03178852051
-0.02112718485
0.04773378
-0.02512188815
-0.05365058035
0.02151950821
0.04950892553
0.008415479213
0.006588203367
-0.07694653422
0.04220433533
-0.04445826635
-0.02202548087
-0.008910776116
0.08693344146
0.00711673405
-0.0001027592589
-0.06550903618
0.03056934476
-0.07574278861
0.01575958356
0.03772537038
-0.007071067579
-0.01431919634
0.04134720564
0.01859562844
0.01080058888
-0.03121622652
0.02821518295
-0.06987503171
-0.02239964902
0.01968382858
0.03220837936
-0.01107128244
-0.003754871665
-0.007104292512
0.001180105028
-0.008526117541
-0.02865634859
0.02961380407
0.02104076929
-0.0009242680389
0.001865890576
0.0552268289
-0.02176769637
0.02916095406
0.03149906546
0.01491152309
0.0362556763
0.02514707856
-0.01921913587
-0.02638600767
0.05039878935
0.007552677765
0.01167466119
-0.01510905288
0.0006874622777
0.001661229413
0.003111603204
-0.01328029949
-0.007804971188
-0.03481556475
0.02073423192
-0.009742136113
0.01099378336
0.01939861476
0.01741042733
-0.003923508804
0.008627415635
0.03727554902
0.004320741165
-0.0271243453
0.01307889353
0.005296111107
-0.01483555976
-0.007978395559
-0.0007642124547
0.01376872417
0.01361083146
-0.02099950612
-0.01806855202
0.008118492551
0.01751805097
0.007942906581
-0.005601407029
0.004300315399
-0.001926115132
0.01626455039
0.00947116781
0.005516271573
0.01136053354
-0.0006907886127
0.003278445452
0.001254040166
0.02012165263
0.008656603284
0.005252746399
-0.02876023389
-0.01609033905
0.008011461236
-0.01775568724
-0.01992767863
-0.01249181293
-0.01306483522
0.01135790627
0.01301732566
-0.02301367186
-0.004550761543
-0.008246728219
0.02141784132
0.01070361771
0.02633948252
-0.01373375766
0.006625528447
0.007079517469
-0.01680798456
-0.008212490939
0.0007937842747
-0.001043852069
-0.002665860113
-0.0009620249039
0.001591055188
-0.002826221986
-0.001694743987
0.0007477537147
-0.0003825273889
-0.0002969051711
0.0004946929985
0.003237988334
0.001231361646
-0.0002535824897
-0.002651109593
-7.018745964e-05
-0.001315989997
-0.0002520701964
0.0007329711807
0.0008292992134
0.002083606785
-0.0003703417897
-0.001486518653
0.0005258155288
-0.003071393818
-0.00179334206
0.0009376140661
0.0007217943785
-0.0001197447054
-0.0008169716457
-0.003690171288
0.00225934363
0.0007452908321
0.0006654263707
0.0006726238644
-0.0007556264754
-0.001493416145
0.001594151254
-0.0007362093311
0.0001015489543
-0.006437490229
-0.0005674734712
-0.0002087790053
0.002759053139
-0.001627047663
0.0009538017912
-0.001307151048
0.0008951310883
-0.001505874912
0.0003446031769
0.001235919888
0.0005199130974
0.001354111359
-0.0006161027122
-0.00456475094
-0.003365978133
-0.001062695752
-0.0008287868113
-0.0002874175261
-0.0001817107259
0.0004195385263
-2.451812907e-05
0.000321106374
0.0004543702235
0.002411316847
-0.001254976261
0.001515885349
-2.94520396e-06
0.0003657018533
-0.001334769418
-0.001841275604
-0.0005701032933
-7.452354475e-05
-0.001105319709
0.0009294251795
0.0001325955236
-0.001764118788
-0.0002392322203
-0.0008634030237
-0.0002973210358
-0.001834767638
-0.001132520149
-0.0007366164937
9.851590585e-05
-0.001733703539
0.0002071198396
-9.724887059e-05
-0.000512766419
0.0007257836405
-0.0001570262102
-0.0002300339547
-0.0009419574053
-0.0004355010751
-0.0008046462899
0.0005864527775
-0.000129562075
0.0001969933219
-0.001800870174
-0.0009321574471
0.0001370106329
0.001361391973
-0.001372072962
-0.0005770780845
0.0001503436943
0.0006741344696
-0.0005631788517
-0.00144241075
-0.0001737736893
-0.0004013681319
0.0009743205155
0.000117632655
-0.0007424450596
0.0006424642052
-0.0003448822536
0.001189082977
-0.0004685542663
-0.0005078315735
-0.0004918363993
0.0004541339295
-8.522334247e-05
-2.610057891e-05
0.0008127373876
0.0004989929148
0.0004665496235
-0.00129199482
-0.001462579588
-0.0005717459717
5.489570685e-05
0.0001733651588
0.001233104849
0.02117697336
-0.0125351008
0.005044382066
-0.02132591046
-0.03417909145
0.007609085646
-0.02287946455
-0.006288002245
0.007248996291
0.001767819282
0.006959452759
-0.007562031504
0.009482889436
0.02820573375
-0.002433439018
0.0007781643071
0.004385223147
-0.008334852755
0.02767855674
-0.005557092838
-0.03733289614
0.0402813293
-0.04393834993
-0.03074293584
0.004804698285
-0.009781720117
0.03564374894
-0.01072422042
0.005232905503
0.002626918722
0.003996484913
0.01072196756
0.03075666912
-0.01238535251
-0.01874123141
0.02252421156
-0.013693952
-0.003281462472
-0.01900511235
0.01854604855
-0.005000637379
-0.0002944194421
-0.02785863541
0.004424047656
0.02044138499
0.01295368187
-0.0002011521428
0.01346851978
-0.01353416499
-0.002673706273
-0.009174123406
-0.001541461446
-0.03832080588
0.0005127078039
-0.01315464731
-0.01133157685
0.004607495386
-0.01653078012
-0.007404947653
0.01547969133
0.0008791291621
0.02316139638
0.02713821083
0.03266588226
0.003085931297
0.00313446275
-0.001689009718
-0.00979198236
-0.01713817008
0.0003685133124
-0.0009434401873
-0.003813160351
0.01008695085
0.00348808663
-0.003874148009
-0.007578093559
0.00283170538
-0.00392656913
-0.01525264513
0.0004811169347
0.00429731328
-0.001851931447
-0.001915144618
0.006486480124
-0.005639177281
0.004474483896
-0.001341744792
-0.006360789761
-0.0004989447771
-0.007522085216
-0.004867055919
-0.01179136429
-0.006787789054
-0.00212851679
0.003277699929
0.0006099004531
-0.001214393182
-0.002125187777
0.003390230006
-0.008226867765
-0.008092672564
0.0003936023859
-0.004750144202
-0.01254672278
-0.005152402911
-0.00436097756
-0.0003313327907
0.003382474184
-0.003915691283
0.002711001318
0.004301703069
0.004167073872
0.003335816786
-0.0007392936386
-0.002491819672
-0.001920157229
-0.005709207151
-0.0002980056743
-0.0009479575092
0.001718691783
-0.008581412956
0.005016257055
-0.01413725968
-0.00630333228
0.0002076622186
0.006864731666
0.0006487992941
0.003909018356
0.0326849483
-0.00103798206
0.07185599953
0.01211385801
-0.101743035
-0.024405431
-0.07548605651
-0.02099682391
0.04752282053
0.08513301611
-0.04458302632
0.1010422856
-0.05506548285
-0.009142004885
0.01848689653
0.05265368521
-0.0349515304
0.01708736829
0.02206301875
0.1399798095
-0.0522326529
-0.01733481884
-0.161149025
0.08217181265
0.02468273044
-0.05954383314
-0.1033269465
-0.03952369839
-0.008739363402
0.08492541313
0.1060536057
-0.001417348511
-0.02494775131
0.0957948789
0.03004338406
0.03640442714
-0.03658821061
0.1442955434
-0.2138866931
0.04648499563
0.03327998146
0.06342763454
-0.1255420297
0.02118976973
-0.007580754813
-0.002589516342
0.0562937595
-0.07344484329
0.04232329503
-0.001424103975
-0.07459082454
0.05153938383
0.07403560728
-0.009934872389
0.06703720987
0.005485211965
0.02341698669
0.1126178801
0.06278496236
-0.02193339355
-0.01312610786
0.1001480371
0.1118323132
0.002163558267
-0.02328510396
0.0007324295584
0.05016117916
-0.06182456017
-0.1007353589
-0.01029862557
-0.0361713171
0.022968743
0.01046816818
-0.01596381888
0.01144542545
0.003417710541
-0.005417602137
0.02924172767
0.04722824693
-0.004402784165
-0.03977466747
0.01330117136
0.007590861525
0.008052597754
0.01674791239
7.522049418e-05
0.02027988061
0.02229557186
-0.02764821425
-0.03015770763
0.01878964156
0.00494056521
0.01901197806
-0.02195868269
-0.001611122978
-0.0320193246
-0.02697845362
0.006909741554
0.03020605445
-0.008160190657
0.01608582772
0.002292101737
-0.0149295507
0.0334954299
0.008236169815
0.01713708043
-0.008645429276
-0.02868926898
0.004042738583
-0.03065442666
0.01478034351
-0.009810132906
-0.007280772552
0.01476588566
0.002533310791
-0.05065061152
-0.01352453977
0.02454086393
0.06291680038
0.009455110878
0.06409753114
-0.009357918054
0.01028911769
-0.02297551185
-0.02654247917
-0.005245598964
-0.008598187007
0.01156742964
-0.1262477487
-0.01442181226
0.0457421802
-0.04413932934
-0.01524370536
-0.02322139777
0.02528386377
0.01567055285
0.001666481374
-0.03495780006
-0.05027281865
-0.07922524959
0.1121252477
0.1171111688
0.07357115299
-0.03304056451
-0.05987284705
0.01083886158
0.07205685973
-0.01416445524
-0.06592623144
0.02520193346
-0.054174494
-0.07364135236
-0.02736830339
-0.003863563994
-0.08662138134
-0.07806710154
0.003992320504
0.05264227092
0.01228501648
0.005167320836
-0.02017218992
0.00871484261
-0.0001875892776
0.04619449005
0.009579832666
-0.007018492557
-0.008778220974
0.0624095276
-0.0001576827199
-0.04468855262
0.02918723598
0.02178642713
-0.07396689057
-0.005912057124
-0.03899242356
-0.06805381924
-0.1027331054
-0.009508698247
-0.02156753838
-0.03944635764
0.0542133078
0.002802995499
-0.007208595518
-0.02460220642
-0.1085808948
-0.04119763151
-0.01133052818
0.04268761352
-0.0005941652926
-0.03313700855
-0.01281672064
0.02921045758
0.007703760639
0.005191419274
0.08563751727
0.001144770067
0.002599521773
0.009461600333
0.03752628714
-0.02426341549
-0.01919949241
-0.02648327686
-0.01369975973
-0.006831778213
0.0302537512
0.01894696057
-0.0257877633
-0.07690417022
0.02536759339
-0.01115193218
-0.002508425619
0.02587673627
-0.01538661495
-0.003462906461
-0.02870424651
-0.004694481846
0.02633826621
0.0214658659
0.0210195519
-0.0002990267822
-0.01333681401
0.01799880899
0.01110843942
-0.02058962546
-0.005259349477
-0.00808443781
0.008272368461
0.01451318804
0.00820860453
-0.008746507578
0.006973689422
0.005232970696
-0.006317543797
0.002709598048
0.03828870505
0.003864673898
-0.03853333741
-0.01048747823
-0.009870531037
-0.0008078115643
-0.003721365239
-0.03343760967
-0.001908288337
-0.01881772652
-0.005486206617
-0.01085653063
0.04189394787
-0.01095465291
-0.04289824516
0.004581246525
-0.005209794734
0.02004901879
0.008959108964
0.01131096855
0.004886185285
-0.001445241272
-0.01978837326
0.004540939815
-0.005431518424
0.01281560864
0.03926276416
-0.002897333819
0.02803804167
0.008401749656
-0.008047888055
0.01394169964
-0.01095216442
0.006755508017
-0.004525670782
-0.02101217769
-0.002237294801
-0.01184656005
-0.008625227027
0.01034307387
-0.02578921989
6.150410627e-05
0.05061389133
-0.03474696353
0.06545437127
0.01214001235
-0.006589509081
0.01124190353
-0.01860258542
0.001741657848
0.005910045933
0.004272834398
-0.006650121883
-0.008227574639
-0.02992097475
0.004193134606
0.01204771642
-0.01709932648
0.01339851506
-0.006014476065
0.01632610895
-0.02994319238
-0.003892279929
-0.001781228348
0.04123657942
-0.0009532328695
-0.01962948218
-0.01058011129
-0.01205994934
-0.01794770546
0.02159561403
0.005603046622
0.02201546729
0.003277738579
0.01062711794
0.002062113723
0.008561612107
0.005057020113
-6.388090696e-05
0.01712558232
0.005746324081
-0.01098043937
-0.001991501078
-0.02715632506
-0.03186075389
-0.02325847931
-0.002866456518
-0.00213625608
0.003422643756
0.008373435587
0.02113369107
-0.001419802429
0.005953178741
0.0004352511314
-0.01019265037
-0.00463051768
-0.0002506793244
0.0007377471775
-0.001355348155
0.002370035043
0.01239141729
-0.009117821231
-0.005921716336
0.002863025991
0.003767005168
-0.004856202751
0.01528291497
-0.003160577733
0.008373265155
0.003153971862
0.003675139975
0.008133673109
0.004338291939
0.01413473673
0.0005378009519
-0.0008049799362
-0.005950965453
0.0008485681028
0.001694271457
0.002360825194
0.000583128829
0.01315626316
0.01187956892
-0.0006852089427
0.006597509142
0.01489675883
0.0005476265214
0.005757724401
0.007120327093
0.0002230217069
0.003069445491
-0.001064358279
-0.001900847303
-0.002646391978
-0.005671425257
-0.002547333483
-0.002010731259
0.005628446583
0.005983600859
-0.005532347597
0.001374445506
-0.001259717625
0.01373215951
-0.009800878353
0.01683493331
0.008369565941
0.001477359678
-0.009622350335
-0.005541487597
-0.005251625087
0.01712963916
0.1073507741
-0.01311116759
0.08695719391
0.05056858435
0.02177690528
-0.02290196531
-0.01856753416
0.04274940118
-0.1065349951
0.07056334615
0.09864738584
0.1540730745
-0.07868335396
0.01884411275
0.06041737646
0.04299219325
-0.03430177271
-0.1411076039
-0.1527207047
0.07183068246
-0.0420056656
-0.1013672873
0.111432232
0.01984345354
0.06567333639
0.1623747498
0.1060681418
0.03169583529
-0.06863611192
-0.05579760298
-0.02245623246
0.07416932285
-0.08802750707
-0.1795887798
-0.01824013144
0.01340094861
-0.1970355511
0.05637639016
-0.07261685282
0.0545706749
0.1541475803
0.06904388219
-0.08450523764
0.1475810558
0.01353085879
-0.02566865832
0.1102759913
0.02350689471
-0.01535358094
-0.02731644735
0.01441753842
0.03170268238
0.1475268006
0.03788286075
0.07252853364
0.0498123616
-0.0669522211
0.05958821625
-0.1004832014
-0.03008078597
0.1248068213
-0.02114570141
0.1534447372
-0.02146522701
0.006299068686
-0.02604009397
0.0328485854
0.04510744661
-0.005388326012
-0.05678706616
0.03539087996
0.001790069859
0.07041280717
0.03705582768
0.004175839946
-0.03607123345
-0.05780215561
0.0311787948
-0.06296303868
-0.006322238594
-0.0008395410841
-0.02949997596
0.006693040021
-0.01398292184
-0.02094610594
-0.03161092103
0.05623920262
-0.01010516938
-0.004331072327
-0.05019390583
0.160806492
0.001771448995
0.04098932818
0.01090717409
0.03921477124
0.06440098584
0.01120972447
-0.01274479739
0.04677379131
-0.006882731337
0.01563396864
-0.04311784729
-0.01265957206
0.05028251186
-0.0122862421
-0.04272156954
-0.001887252904
-0.03329648077
0.0289953053
-0.0409547165
-0.003242249601
-0.0126331728
0.06243734062
0.04051620513
-0.01494850125
-0.01805198938
-0.02041717246
-0.05051915348
0.02088271081
-0.01937736571
-0.01137049776
0.0601576753
0.02189240605
-0.02680951171
-0.0063786963
0.006067529786
-0.02612714097
-0.009597290307
0.001582082827
-0.01703579351
0.03700126335
-0.07194104046
0.02269698307
-0.08353257179
-0.02711449377
0.04054624215
-0.04588167369
0.02223420702
0.04019618779
-0.03997170925
-0.002273475984
0.04157169536
0.04374975339
0.04449480027
-0.02593001537
-0.06501561403
0.005259871017
-0.1626633555
0.05723356456
-0.001161585329
0.05070525408
0.01734862663
0.01452659257
0.07467117161
0.05743796006
0.002517062705
-0.04413569719
0.03332258388
0.0003199160565
0.04858771339
0.01426743809
-0.03678572178
-0.01750413515
-0.0341713205
-0.005346891005
-0.08978646249
0.008485899307
0.009763789363
0.041287072
-0.0687282607
-0.02807983011
0.05005285144
0.005255196709
0.02987150289
0.06322732568
-0.0400798209
0.01016723178
-0.04349603504
-0.02535087243
0.1960704774
-0.06110365689
-0.0006002263399
0.04340060428
-0.0175774321
0.005767812952
-0.007815695368
0.002323106164
-0.002506709425
0.0905264169
0.02927619033
0.08454203606
-0.006339312531
0.004037539009
-0.02003886178
0.01237951126
-0.00998396147
-0.007682036608
-0.0521065481
0.03686224297
0.008011469617
0.04618265107
0.02221677452
0.00271538971
-0.01840020344
-0.01455669664
-0.006423313171
0.01662438735
0.003251652466
0.01020857319
-0.01429413538
-0.01406988502
-0.05549395457
0.00726070581
-0.03819951415
0.007168704178
-0.01911721192
-0.0200507734
-0.02776944637
-0.01462379191
0.009697368369
0.01788025536
0.0294183176
0.02418521233
0.03258063644
0.01071963925
-0.02707008831
-0.02351631038
-0.0294849202
0.01129973307
-0.02888830006
-0.03540363163
0.01663625985
-0.0001155814971
-0.04658269137
-0.001821385347
-0.02009823546
0.006679489277
-0.02747705579
0.004800961819
-0.001609107945
0.03404476866
0.01716043055
-0.02065903507
-0.02507885359
-0.0005605198094
-0.02571539208
0.01018448174
-0.03355040029
0.008351077326
0.0005130424397
0.004844718147
-0.02037282847
0.01075259689
0.02590348758
-0.002712562447
0.02301480062
-0.0006786627346
0.00819391571
-0.0120194843
-0.03462611139
0.003985710442
-0.03033572808
-0.006843586918
0.003675809596
-0.01475320011
0.003506383393
-0.008125728928
0.02108295821
0.03998077288
0.008428024128
0.01565316878
0.006218637805
-0.01135392487
0.01257960498
-0.007029128727
-0.04984327778
0.04950453714
-0.03646872193
-0.02358975634
0.005205316003
-0.0130001884
0.0294366125
0.0007472606376
0.01360572502
-0.005987160839
0.007444114424
0.009922217578
0.03839779645
-0.003415433923
-0.01347975433
0.02451085113
-0.02061459608
0.01392483804
-0.02571625076
0.02268478274
0.006988783833
0.001796506811
-0.02979679406
0.002841564128
0.01699687727
0.0136294188
0.006950381678
0.01051330008
-0.03062633984
-0.00500770146
-0.02272688411
0.003685716074
-0.009449421428
0.00659940578
-0.009544202127
-0.007723744493
-0.0004355978162
-0.01622453891
-0.005299278069
0.02237892523
-0.00115848612
0.03255218267
0.01926691085
0.02023454197
0.0005953311338
0.001831706613
-0.005794950295
-0.004243267234
-0.01302966196
0.004290736746
-0.002790029394
0.002164915437
0.003974244464
0.006247339305
0.002299321583
-0.01104785968
0.00424753502
0.0001847602834
-0.008949863724
0.00643193908
0.008456730284
-0.003433553036
-0.0005026050494
0.005807308014
-0.0186991673
0.004950133152
-0.01069702953
-0.002025716472
-0.004798113368
-0.006360244937
-0.004003411159
-0.002911957912
-0.002153685549
0.0009114035638
0.00740374811
-0.0003028058272
0.007441838738
-0.003902038792
-0.002973184688
-0.006607621443
-0.01200572867
-0.001993096899
-0.007916258648
-0.01544187125
0.002917352831
-0.005729941186
-0.003154586535
-0.002991711255
-0.002610047581
0.00269470294
0.0003921087482
0.001653408515
0.00267392816
0.001389579498
0.001296816859
-0.005432249978
-0.003370225895
0.003812257433
-0.002063945634
-0.0003473341931
-0.01541709621
0.0103419153
-0.006269168109
-0.003790430957
0.001124828006
0.01110442914
0.005973299965
0.00569351716
0.002056151396
0.002140170196
-0.001468997798
0.00340011064
0.002274752595
-0.001963894349
0.001305075595
0.0005673673004
0.0001855713199
-0.002841866575
-0.0007884971565
0.0009210198768
0.002169140149
-0.001594269648
0.0009839897975
-2.894453792e-05
-0.002073642099
-0.001134482096
-0.003107732162
-0.001017925213
0.008351272903
-0.002417007461
0.004596138373
0.002626424422
-0.0009059194708
-0.001197363483
-0.002432950307
0.0009234603494
0.003910307772
-0.002226911252
-0.001017820789
-0.001017133938
-0.001930174767
0.002077430952
0.002142985817
-0.001560731791
0.0001384769712
0.001380157541
0.003469012678
8.670872921e-05
0.001183497836
-0.003159102052
0.000751129759
-0.0007941431832
0.001090660691
-0.001354732201
0.004454112612
-0.0007230720366
0.001144860522
-8.619153232e-05
-0.001485766028
0.001556855161
0.004572619684
0.003620444564
0.0009404773591
0.0006875634426
0.0006067252252
0.00204716064
-0.0006652844604
-0.0003885800252
-0.0008823294775
-0.0002012496698
-0.00260276231
-0.0007187139126
-0.001237102551
-6.247390411e-05
0.0005974344676
0.002353472868
0.002305865055
0.0005130271893
-0.0006149131805
0.002661951818
-0.0004073665477
0.0008448378649
0.002372606425
0.001682539703
0.0008178128628
0.0003582429781
0.002756759757
0.0001335232373
-0.0002558257256
-0.0006196143804
0.002160963137
-0.0001904618985
0.0002485807054
-9.988695092e-05
-0.0005867014406
0.0001866371604
-0.0004373670963
0.0001643040159
0.0003303973936
0.0006212093867
-0.000133693422
-0.0001460072235
-0.0007053396548
0.001438751468
0.001264689374
-1.772581163e-05
-0.001122979331
0.002202759963
0.0004077504564
-5.80018459e-05
-0.001096606604
0.0008933325298
0.002781119896
-1.82507265e-05
-6.007994671e-05
-0.0005888501764
1.003154466e-07
0.001107572345
-0.0001385866926
-0.0002419845987
-0.001116017695
0.001452330616
0.0008237720467
0.0008339144988
-2.78302723e-05
0.0002836551575
0.001159289386
-0.0009141077753
0.0003777279053
-0.0003988165699
0.001819774043
0.001442683395
-7.374341658e-05
-0.0006111153634
-5.233608681e-05
-0.001146820723
0.07311950624
-0.02740724385
-0.06094458327
-0.04733212292
-0.08424308896
-0.01089272462
-0.001261360594
-0.004180322401
-0.01358987018
0.01358962525
0.02946806327
-0.05853589997
-0.01199956238
0.04080776498
-0.05742075294
-0.07029268891
0.01459748484
-0.02191982418
0.06835673749
-0.01175285876
-0.02900297195
0.07431719452
-0.0614775978
-0.1022090316
0.01326262578
-0.006568502635
0.07026336342
-0.02107241005
0.1276326627
-0.02710612677
-0.04167470336
0.008083483204
-0.007673327345
-0.0777143836
-0.02650013193
-0.05667290837
0.004600142594
-0.1045404375
-0.008010260761
-0.01790709049
-0.04677383974
-0.02811143361
-0.05433097109
-0.005741602741
0.008512650616
-0.03478723019
0.03763986006
0.08576316386
0.07908424735
0.02213630266
0.05270785093
-0.03152996674
-0.09129799902
-0.08223633468
-0.05698731169
-0.05132232979
0.00261180941
-0.03065650165
-0.05932939425
-0.02445362508
0.0007147662691
-0.02449495532
0.02816381119
0.09020698071
0.01482018456
0.0004645640729
-0.01425099093
-0.01250719372
0.02086754143
-0.00618444616
0.02825124748
-0.0276182238
0.02583081461
0.002371234354
-0.005301132798
-0.0184854269
-0.003742363304
-0.02785570547
-0.03476628661
-0.01234047581
0.01023195218
-0.01085754577
0.01161373034
-0.002889999421
0.06707252562
0.01051485445
0.02215986326
0.007484841626
0.01382171735
0.002930700546
-0.02112171054
-0.03951159492
-0.01767513715
0.01147545967
-0.007538116537
0.02569923922
0.02524089999
-0.006294826977
0.002709423658
0.005425813608
0.01025569998
0.005837743171
-0.01520020794
-0.02504222654
-0.01631268114
-0.007236969192
0.01020345371
0.02751272172
0.02317725122
0.02098321915
0.03495303914
0.01217786968
0.03219306469
0.009955253452
-0.01507445797
0.01927118935
0.001192142838
0.01495060045
-0.01957142539
-0.01040999033
-0.01467293408
0.01612102054
-0.02948877774
0.0006624454982
0.003558762372
0.00547751179
-0.007804535329
-0.008359136991
-0.00366000575
-0.008138043806
-0.002065748908
-0.009469503537
0.002072866308
-0.004576709587
0.00650686305
-0.002565564122
-0.003681822447
0.01467941049
7.513861055e-05
0.004576085601
-0.00692377286
-0.00581787806
-0.005444448441
-0.01245363336
-0.001979054883
0.002400038997
0.006882654503
-0.003451298457
0.01066388283
-0.006433344446
0.005022122525
-0.005182366353
0.001003072597
0.006670861971
-0.002084424021
-0.01300280355
0.002188613173
0.007491866592
-0.0002284539805
0.0007830176619
-0.007462944835
-0.001966211945
-0.003745722817
-0.006740317214
0.004661473446
-0.01282163057
0.007861196063
-0.005591174122
-0.01322493982
-0.001893305453
0.005655890331
0.002940652426
0.0005432774196
-0.006065033842
-0.002670814516
-0.001034145709
0.01752950437
0.001916906214
0.01397761144
-0.004332019482
-0.01415416319
-0.01106102671
-0.003367107362
-0.002647363581
0.00349880103
-0.007713804487
-0.004393301439
-0.004995451309
0.001887990511
-0.002094453201
0.004638252314
-0.005172517616
0.003480651882
0.001027373946
-0.001209446578
-0.005528993439
-0.002807140583
-0.005325229373
0.001881242264
-0.006720936392
0.002568438649
0.0002997757983
-0.006825118326
-0.002454932313
-0.0009887204506
-0.002984774765
-0.003095962573
-0.01518914569
-0.004013388418
0.001821695245
-0.002205595141
-0.001820694655
0.0169169642
0.001896124333
0.01221751142
-0.005118041299
0.003587010084
-0.002250441583
0.000574968406
-0.01323832665
-0.002547016134
-0.002908600494
-0.003300531767
-0.0001773574913
-0.006056964397
0.001371918945
0.002942646388
-0.001225911896
0.003783729859
0.002786658006
0.005282169674
0.00183331396
-0.005150618963
-0.0003114574065
0.00434134528
0.005824638996
-0.001843816484
-0.003559379838
0.005793937948
0.001690165023
0.0009764291462
-0.00253435038
-0.003934666514
0.0002802553063
0.0003412943333
-0.001700725174
0.0008056399529
0.001911683707
0.007163238246
-0.006037091371
-0.009335741401
-0.0006622389192
-0.001439884771
-0.00562332524
-0.005335751921
0.001463058172
0.05112850294
0.0008624487673
0.06143022701
0.0009799029212
-0.04714215919
0.001259884913
-0.05511464179
-0.01569841802
0.0172830224
0.02124941722
-0.02239494585
0.03841145337
-0.02214802802
0.032087937
0.03119061142
0.03425561264
-0.02852075174
-0.004729787353
0.008386468515
0.07270083576
-0.07183917612
-0.002445155755
-0.1134115681
0.01369665749
0.008849852718
-0.04283358902
-0.0513792932
-0.02889867686
0.04546588659
0.04363737628
0.06865872443
0.006089628208
0.008252384141
0.07659085095
0.0343010053
0.04370554164
-0.03050787374
0.129872635
-0.1203212813
0.05526318401
0.03162385151
0.02944102325
-0.05373166874
0.02092299238
0.004184087738
0.02230671607
0.07254432887
-0.0588131696
-0.03203333914
-0.01620113291
-0.07909177989
0.07213089615
0.05574512854
0.02808892541
0.03647470847
-0.003675830085
-0.006552960258
0.01531344745
0.03765590489
0.02659245767
0.005222543608
0.06274601072
0.04163016006
-0.03918553516
-0.007727642544
0.002322260756
0.02741166763
-0.02655288763
-0.05076914281
0.005320451222
-0.01455464493
0.01347234938
-0.005859764293
-0.01407702453
0.005926690996
-0.02012857422
-0.003060064511
0.02798645198
0.01909183525
-0.01862428151
-0.002412982285
0.002204994205
0.00118885783
0.01331498753
-0.01909845136
-0.007736339234
-0.01166844089
-0.001177779515
-0.01275394484
-0.01473767404
0.02052999102
-0.009384216741
0.0125945108
-0.00929854624
0.008790154941
-0.02789589949
-0.02622783184
-0.001029704814
0.0060449671
-0.02522956952
-0.002937072655
-0.002816946711
-0.005518441554
0.01087236125
0.01043021679
0.006514139939
0.006345594302
-0.02151475474
-0.00937629398
-0.01813830994
0.00565474527
-0.003431928344
-0.0011522735
-0.006678525358
-0.001151639502
-0.03361102566
0.0001818383753
0.01229389012
0.03328184783
-0.003287469037
0.02262731828
0.008847721852
0.001516752527
-0.01612715237
-0.00300833839
0.008810940199
-0.002055525081
0.01348589454
0.007923225872
0.00519905379
-0.04846204817
-0.008488142863
-0.09011744708
0.004041698761
-0.08187454194
-0.01200691424
0.01671694033
-0.05175860599
0.03024099208
-0.03026621602
0.0338787213
0.04988861457
-0.009300992824
-0.003244933905
0.02414618433
-0.02507928945
0.001983798807
-0.02880097181
-0.06265414506
0.09126656502
0.1092293113
-0.005782503169
0.001177447382
0.01028585341
0.01306798961
0.01000486314
-0.09599045664
-0.04048927128
-0.01948647015
0.002197966911
0.05958380178
-0.03775949031
-0.01236746088
-0.0173017215
-0.0002497407841
-0.04041017592
-0.07721652091
-0.005000797566
-0.004540163558
0.03067086823
-0.1097056195
-0.02537094988
0.1676184386
-0.007826378569
-0.04631155729
0.07029096037
-0.02354651131
-0.01042922214
-0.0006631998112
-0.03648326918
0.0587859489
-0.02791708335
-0.03119729646
-0.0002613480028
-0.03344247863
-0.03178605065
-0.03145252168
0.001037929556
0.006300714798
0.05156267434
0.03362414241
0.0312788859
0.006387727801
0.004537297878
-0.03417108953
0.0101863835
-0.01047164015
-0.002969446825
-0.01819644496
0.004367970861
0.007932858542
0.04196681827
0.005215668585
-0.02469564416
-0.003228880931
-0.02051251754
-0.009830021299
0.002384150634
0.01308404375
-0.001177622238
0.003108782927
-0.0003133657156
-0.03056640364
0.01649067923
-0.03731143475
-0.00641355291
-0.002663105493
-0.007362570614
-0.0286558494
0.04007954895
-0.00569297513
0.0164324604
0.01643732935
0.02760658227
0.007022080012
0.001638483605
-0.02331930213
0.003498475533
-0.02496609464
0.008446751162
-0.02973908931
-0.03326439857
0.006174824666
-0.00758699514
-0.03055601381
0.00932845939
-0.003581430065
0.004006588366
-0.003097065026
0.01001815964
0.007358785719
0.01671071351
0.00461359648
0.001690568402
-0.02289678156
-0.005499674939
-0.0143135637
-0.002934665186
-0.04037201777
0.01046533603
-0.01070288289
0.005089951213
-0.002108112909
0.01267740689
0.01965441182
-0.01117305178
-0.007719994523
0.01783187501
-0.001010327018
0.02435697615
0.02643723227
-0.00132374838
0.006475276314
0.005323778372
-0.005236984231
-0.01671815105
-0.009711888619
0.004249475896
0.01300028339
-0.009102259763
0.007175618783
0.008104915731
-0.002173478482
-0.004319555592
-0.02599853277
9.347131709e-05
0.04556370899
-0.01982741803
0.03452991694
0.02378811128
-0.002976949792
0.006598538253
0.01469893381
0.02518078499
0.0127514312
-0.009956226684
-0.001194980461
-0.008513389155
-0.01193367504
0.01113736164
0.01189589221
-0.007969999686
0.005413298495
0.009356989525
0.03167223185
-0.01036195364
0.01331466809
-0.002791092033
0.02019045129
-0.007891095243
-0.002660089638
-0.005534203257
0.002624530578
-0.003752652323
-0.01481017377
-0.006890469696
-0.004957709461
0.006196149625
0.02380767092
0.01940475032
0.01039751805
0.01133088302
-0.006281791721
0.007389064413
0.01153587271
-0.003516241442
-0.006409734022
-0.01269627083
-0.02453773841
-0.05349926651
-0.005572911352
-0.002665435662
0.003262829734
0.0124115264
0.02315954864
0.004647275433
-0.0005354384193
0.009013591334
-0.00991331134
0.003752341727
0.009258760139
0.01401264872
-0.003018886782
0.002546339529
0.01328841224
0.01273081545
0.004782015458
-0.0005499988329
0.003713390557
0.0001364961354
-0.01660704613
-0.003540660022
-0.01746877842
0.006762830075
-0.0001808201923
0.01394015457
-0.001239051577
0.02069877088
0.005870508961
0.008468830027
0.002349216025
0.003346580314
0.007147973403
-0.0003377892426
-0.008262683637
0.01249728538
-0.000473440683
-0.003057721769
-0.003444893751
0.004267616663
0.007849872112
0.003819082165
-0.004623129033
-0.006394038908
0.0007634265348
0.003959675785
-0.01051984634
-0.001417603577
-0.004772444721
0.001919296687
0.007233299781
0.002557131695
0.001886636135
0.000729907304
-0.001384522417
-0.003517695935
-0.001204907079
0.001789217
0.0245084092
0.008611556143
0.00139352656
0.001689836034
0.007089447696
-0.01135490555
0.04834313318
-0.03661638126
-0.001820418984
-0.03831245378
-0.03323607519
-0.01517871581
0.02037023567
0.0008258337621
-0.04052328691
0.03394306824
-0.004434724804
-0.05868909135
-0.00179340539
0.02253684774
-0.02338162623
-0.04360931367
-0.01272315253
0.001486655325
0.08096156269
-0.06779129803
0.01392616797
0.0138554005
-0.03415185586
-0.07816912234
0.004074578173
-0.01290386263
-0.05756967515
-0.04169424623
0.05202094465
0.03265880048
-0.007575219963
0.01566780917
0.001962963259
-0.03405108303
-0.009240448475
0.003040860873
0.003199545201
0.02009668387
-0.00161930779
0.007167348173
-0.02773032337
-0.06038007885
-0.002043662127
0.0203171242
0.02064972743
-0.01587863266
0.02743827924
0.01890400797
0.01096418221
-0.01155320276
0.01769254729
0.01203618385
-0.06489872187
0.01627152041
-0.02512423508
-0.040543437
-0.01470966637
-0.004896745086
-0.03005169518
0.02100231126
0.00315089291
-0.05996390805
0.01089897845
0.1144922674
0.007709827274
0.002719982993
0.01095210295
-0.01188801229
-0.007065444719
0.0007594748167
0.03073857352
-0.01800177619
0.01022974961
-0.02044237778
-0.01397198625
-0.03917692229
0.01315551437
-0.004657158162
-0.02479394153
-0.03037219681
0.005915549118
-0.006899117026
0.003564152867
0.005024503917
0.04026942328
-0.0005533008953
0.02168384008
-0.00446786033
0.009392543696
0.0009871106595
-0.0002611284726
-0.03445289657
-0.01867015474
-0.007272725459
-0.007827277295
-0.003495939309
-0.01975084469
-0.005862624384
0.01461252104
-0.01452262886
0.01019602735
-0.002071272815
0.001152522396
-0.01348785218
-0.009152834304
-0.008363239467
0.02559037134
0.0127495667
-0.006087147165
0.003572666785
0.02340832539
0.005468496587
0.01609640941
-0.004545255098
-0.0190346688
0.004007313401
0.007738153916
0.009880667552
0.005653553642
-0.005001324229
-0.001957105007
0.01206678525
-0.02913882956
-0.006577484775
0.004863542039
0.003173144301
-0.01598649658
0.009430130944
0.001921794028
0.01346414816
0.0002699610486
0.02166224644
0.05578002706
-0.001993246842
0.02657984756
0.01201825868
-0.00646032067
0.01111936383
-0.01459036022
0.008123170584
-0.01343679521
-0.04256719351
0.003068550257
-0.002125978703
-0.01198048797
0.01178775169
-0.03238933906
0.00214436627
0.03144524246
-0.03967148438
0.03309522569
0.01267843507
-0.008261756971
0.008631192148
0.0200545229
0.00885789562
-0.04705885053
0.005690786056
-0.004307766445
-0.009597293101
-0.02793597057
0.01032566652
0.01742995158
-0.01157009695
0.006514965557
0.0115678357
0.0521992892
-0.0256949123
0.005245116539
-0.004674467258
0.0441538766
0.0009735093336
-0.0195559077
-0.006806336343
0.0003305051359
-0.02640576661
0.0202200301
0.006890712306
0.01551619824
0.01002599113
0.04212186858
0.01531151589
0.01247534994
0.00786858052
0.0004008994729
0.03020786121
0.01098513883
-0.008345382288
-0.0045539001
-0.02981060743
-0.04027556255
-0.04849435762
-0.005920143798
-0.002336603357
0.004736948293
0.0123341633
0.02238978632
0.002719891723
0.004684299231
0.005764915142
-0.0144991437
-0.007840586826
0.003242466832
0.00280927564
-0.0007061320357
0.00751803536
0.01784408279
-0.004515779205
-0.005567586049
0.002696629614
0.005584985483
-0.006036170758
0.006985143758
-0.004527046345
0.005510604475
0.003209592775
0.0006232865853
0.00870561786
0.00812776573
0.0111773489
0.0005497643724
-0.0007756865816
-0.004688599613
-0.001230004942
0.005428598728
0.002027740702
-0.001884662546
0.01349642873
0.00882597547
-0.00276275794
0.006344965659
0.01664302312
0.005598599091
0.005336423405
0.00792491436
-0.004178379662
0.001326240133
-0.001194990356
-0.006294443272
-0.004488709848
-0.00850918889
-0.002424776321
-0.0008536909008
0.003922082018
0.01009320468
-0.004263912328
0.002114785369
-0.002523142612
0.01225278154
-0.007938649505
0.01781961508
0.008267042227
0.002608277369
-0.007785268128
-0.004020940978
-0.00338008441
0.04863614216
-0.01690830663
-0.00277288002
-0.02182327583
0.0005031777546
-0.00277602626
0.03260240704
0.009800388478
-0.009656832553
0.0121578332
-0.01467774715
-0.02821541578
-0.01258686557
0.02025013603
-0.01161280461
-0.03500267491
-0.01850630902
0.0177308321
0.05387043953
-0.02526786178
0.05265567824
-0.01097445283
-0.02409004793
-0.05572227389
-0.002167122904
-0.009454699233
0.0342290327
-0.03812298551
0.06503231823
0.0127468165
-0.006407095119
0.003058132483
-0.01678910665
-0.01850821078
-0.002533395775
-0.006203754805
0.02149932459
0.008728601038
-0.008686872199
0.02084006555
-0.01407879218
-0.03948531672
0.006239349954
0.01568088681
-0.03684818372
-0.01185338106
0.0398721844
-0.01841628738
0.0226840619
0.006643148605
0.01269517187
0.004699679557
0.004426103551
0.01205420587
0.001958396286
-0.03046446107
-0.01569028758
0.01779828966
-0.01015998609
0.01070677117
0.006948787253
-0.03297530115
-0.007986561395
0.04312856495
0.0006632769946
0.002315099118
0.01227868069
-0.00935907755
0.004409718793
0.008903621696
0.03313456103
-0.01351660304
-0.005939225201
-0.026964169
-0.009716879576
-0.02989596687
0.007783657871
0.006900104228
-0.006159936078
-0.01444431953
0.009580614045
-0.002557391534
0.00864843931
0.01001991425
0.03791784495
-0.008028104901
0.01458103955
-0.008222878911
0.01269164309
0.01121245325
0.004791895859
-0.01631243527
-0.009085358121
-0.002387413522
-0.007996002212
-0.008490459062
-0.01558467001
-0.003617464565
0.01063111331
-0.003566020401
0.02172895893
-0.003010265529
0.004536365159
0.004450637382
-0.005153601523
0.005406799261
0.03210290149
0.003434387967
-0.006667455658
-3.406283213e-06
0.02084879018
0.005036599468
0.009727863595
-0.009914319031
-0.01092035603
0.004205858801
0.008594878949
0.005436433479
0.001102657523
-0.01173743792
0.004992961884
0.00711600529
-0.004669766873
-0.009660871699
0.01379894465
-0.001523427898
-0.01351737697
0.002488169819
0.001231540693
-0.0006730768946
-0.001051719184
0.001080224174
0.001602627337
-0.0001399328612
-0.0004352782562
-0.0001795720018
-0.0006475322298
-0.000844611146
-0.001349396654
0.000813037972
-0.0008142081788
0.0009033901151
0.0008964858134
0.0001641327399
-0.0002593907411
-0.0004973764881
-0.0008630959201
-0.0003181235516
-0.001273977105
-0.001188012189
0.002339679748
0.0006032304373
-0.001034562592
-0.0001375097927
-0.003986991476
-0.000166478043
0.003243659856
-0.0008676582947
-0.0001601448457
-0.0001912802545
-0.0004972732277
0.0001937418274
0.0003584404767
-0.0007889306871
0.0002054228971
-0.0007573468029
0.008389054798
0.002260371577
-0.0006887378986
-0.002800477901
0.005028808024
-0.0002660875907
0.001117805252
-0.0002452365006
0.001176451333
-0.0005412451574
-0.001193099539
-0.0006754674832
-0.000979415141
0.001202488318
0.003949683625
0.00240295846
-5.323940786e-05
0.000279836444
-0.0009590856498
-0.0008772108122
-0.000671189453
0.0005217675935
-0.0002526490716
-0.0001410485856
-0.0005168655771
-0.001560546807
-0.0007012783317
-4.572581747e-05
-0.0005329921842
0.001169411233
0.0005337477196
0.0006256441702
-8.414500917e-05
7.367155922e-05
-0.0002916592348
-0.0003937038127
0.0006766218576
3.895460395e-06
0.0009206761024
0.0002328159462
0.0003569372348
6.004520401e-05
0.0004175675567
-4.669255213e-05
0.0006203115918
-0.0001473305892
9.118142771e-06
0.001037250157
1.980991692e-05
-1.298847201e-05
-1.286160114e-05
0.0001975353807
0.0007579643861
6.020829096e-05
-0.0005683742929
-0.0003444242466
-0.0002102467552
0.001785828965
0.0004446876992
-0.0001583163976
-0.0005493600038
0.0004837105807
-8.969962801e-05
-3.089923484e-05
4.145637649e-05
5.404921831e-05
0.000256070256
-0.0003316136135
0.0003438382118
-0.0005668872618
0.0002101981372
0.0006777425297
-0.0004535230983
0.0004381713516
-0.0009035354014
0.0002673003764
-0.0003430357319
0.0003022329765
-0.0002139299177
-4.920814536e-05
-0.0004656033416
-0.000378562574
-0.0009475404513
-0.0004838843306
-1.315420377e-05
8.718233585e-05
0.0002954895608
-0.0001016261449
-0.0005196641432
-0.0003765328147
-0.009261481464
0.02048673294
0.02069331892
0.03532145917
-0.01730533317
-0.01926426589
-0.06376969814
-0.005203312729
0.008425872773
0.05373851955
-0.03429562971
0.05811486021
-0.0441701524
-0.04863891751
0.01385923754
0.04493312538
0.003055579262
0.007050801534
-0.07858549803
0.07036367059
-0.0470771566
-0.01488811709
-0.0231151823
0.07996822894
0.0009640821372
0.000365823973
-0.08368428797
0.01288743597
-0.05345710739
0.02352620475
0.03855073825
-0.004523280542
-0.01317223348
0.05659104511
0.01672151312
0.009751340374
-0.02723679878
0.04206771404
-0.09344562888
-0.02988710627
0.01066053938
0.02781269513
-0.02136132121
-0.002860629
-0.00820715446
-0.0005356596666
-0.008774082176
-0.04478660226
0.01892203093
0.02581934072
0.00148668047
0.02342047356
0.04939255118
-0.02547650784
0.02962312289
0.03134975582
0.01706648432
0.03890613094
0.03201305121
-0.01409618743
-0.02697391808
0.03855833039
0.01706475019
-0.05396058783
-0.01170137245
0.0006879067514
0.002117571188
-0.004190686624
-0.02482582815
-0.01095885225
-0.03473495692
0.007360850461
-0.007745859679
0.006836265326
0.01504389476
0.004712568596
-0.004763165023
0.01112194173
0.02750440687
-0.006462540012
-0.03435891867
0.01451267954
-0.001850817353
-0.01443711761
0.0003852056689
0.005170220044
0.02337839827
0.004271617625
-0.02223475277
-0.02366795205
0.01004447788
0.00303343893
0.009534773417
-0.0126132248
-0.001012592809
-0.00102019927
0.01375170704
0.0125379255
0.007788783405
0.0008062725537
-0.0002047617745
0.004990254994
0.003968499601
0.02010966651
0.001344143762
0.006790460087
-0.02532411367
-0.01354799513
0.009001987055
-0.02016593143
-0.01412257925
-0.01283004601
-0.01519212686
0.01128481142
0.007853168994
-0.02053929493
-0.002607114147
-0.009877981618
0.009725710377
0.01134220604
0.02254081704
-0.01889343932
-0.00458980212
0.0006454150425
-0.01793439314
-0.01165011805
-0.003786010435
0.004190841224
