0.07165744901
0.0004789079831
-0.03072843701
0.01393192448
0.01675247587
0.02399575152
-0.002985474886
-0.007742140442
-0.02554027177
-0.01413931139
0.009804673493
0.0008802529774
-0.002200410469
0.008589674719
0.01654075086
0.03570758551
0.02568534203
-0.0008243019111
-0.01957563311
-0.08111563325
0.01596586406
0.01105639059
0.01513354667
-0.01996247098
-0.002407924039
0.0617922768
-0.001584428595
0.0345213376
0.01980100013
-0.01820285246
-0.08788537979
-0.0003534697462
-0.01378549635
-0.05073516071
-0.0002953856019
-0.01756005734
0.0312160179
-0.03520318121
0.0434884131
-0.03565237671
-0.0004416020529
-0.006162001751
0.004070676398
0.007205693517
0.01661550626
-0.003760718508
0.006802984979
0.06904729456
0.005306635518
0.008100898936
0.008676320314
0.01871786639
0.03709582239
0.02939765342
-0.01459281985
-0.002016554354
0.007780784275
-0.004448730964
-0.002040820196
0.0421461612
-0.009902250953
-0.02589639649
-0.04431113228
0.04273930565
0.009588937275
-0.01316918433
-0.002086398192
0.02380816452
0.02973996848
0.005525590852
-0.01700993441
-0.001751314499
-0.001352466643
-0.01363597531
-0.009127302095
0.007638332434
-0.0004235219385
-0.004152266309
-0.02184057422
0.04091747478
-0.003457698738
-0.005994031671
-0.02020876482
-0.002883407287
-0.01801710017
-0.001284089522
0.01004832424
-0.009962456301
-0.004604694434
0.03117984347
-0.0008437221986
0.01037441473
0.005821329076
-3.182860382e-05
-0.00506362319
0.001654258231
-0.003299367148
-0.004577756859
-0.00553065259
-0.02692400478
-0.01458745357
-0.002549458062
0.005638912786
-0.009301303886
-0.005126341246
-0.01027380396
0.01138798986
0.005330714863
0.009992044419
0.006655456498
-0.006069587544
-0.0002449779131
0.00790342968
-0.00566606177
0.00277253869
0.004129389301
0.02054127678
0.005550465547
-0.008657216094
0.009728305973
-0.0273067262
0.008627798408
-0.008593678474
2.197566937e-05
0.0002323032677
-0.005148941651
0.006728355307
0.003245849628
-0.05102851987
-0.03109824099
0.01237864792
-0.03301898018
0.007818761282
-0.04300074652
0.07183454931
0.02358967066
0.007311060093
0.007615471724
-0.06422230601
0.02588571422
-0.00542833982
0.01617476344
-0.02908106521
-0.03494781256
-0.08741234988
0.002737188246
0.08556904644
0.09128427505
0.05782167241
-0.04399470612
0.004874799866
0.01092509646
-0.004016914405
-0.08673384041
-0.01930375397
-0.05367245525
0.02106540278
-0.03007227182
-0.0008410518058
-0.02552143298
0.01433255803
0.02474429272
0.02300626971
-0.001885349164
-0.01479756739
0.042298913
-0.1020104736
0.005322027951
-0.01064281724
-0.002189605497
0.03228499368
-0.03631229326
0.03903245181
-0.008230313659
0.10520944
-0.1373644024
-0.02072544955
-0.02838872001
-0.0382861197
-0.004319972824
0.06026087701
-0.002651573624
0.005177402403
-0.0387387909
-0.009381288663
-0.02810842358
-0.005740520544
-0.01319665648
0.0394141227
0.07660063356
0.04554203525
0.1214751601
-0.02020075917
0.005635664333
0.02841209993
-0.0369300954
-0.03699010238
0.01421216968
0.002716931747
0.007284358609
0.04232119396
-0.01891548
0.01769090071
0.004488433246
0.003959298134
0.0005147067714
0.02093689889
-0.03868127614
-0.004472151864
-0.01143879071
0.05242642388
0.007952676155
0.04269352928
0.00891132094
-0.0004159715027
0.008223826997
0.006026928779
-0.0105645312
0.01633149199
0.02035689168
-0.003341146512
-0.02641710266
-0.02847149409
0.002376004355
-0.004139255267
0.003630596679
0.007888891734
0.03339572251
0.03215001523
0.002741155913
-0.001132041565
0.01105155796
-0.005027845036
0.04199881107
0.003515956923
-0.007339257747
-0.002586695133
-0.01548584737
0.01676142588
-0.001408476848
-0.007230511401
-0.006264270749
-0.02005710267
0.01727536134
-0.005765453912
-0.0007400625618
0.0007755681872
0.006109876558
0.03681269661
-0.004077932797
-0.004664738197
0.01529267896
0.028751757
0.002106491942
0.02393021993
0.001334041124
-0.006436865311
-0.07690150291
0.04972389713
0.00370308687
-0.01255224645
-0.08990324289
0.09543870389
0.05198957399
0.05967937037
0.01173410192
-0.1337088794
0.1275577694
0.05487351492
-0.02861444838
0.08304845542
-0.08412329108
-0.1540861428
0.03624070436
0.07243776321
-0.05894915387
-0.04795571044
-0.07514217496
0.08701056242
-0.1320946366
0.0124481637
-0.0951468125
0.05026162416
-0.129081443
0.1212983578
-0.09155320376
0.110106796
-0.0381969586
0.01294591743
0.1087403148
0.01419232506
0.06713555008
-0.01193165779
-0.1466890424
-0.01098663174
0.01241057087
0.04315515608
-0.1126602814
-0.03932872787
-0.003269000677
0.01454857271
0.02464103885
0.06810495257
-0.2025363296
-0.02775204182
-0.06174834073
-0.0847870782
0.02001343109
0.1582938284
0.1149585843
-0.0429061614
0.01637151465
-0.1519913524
-0.08994469792
0.009910789318
0.005819561891
0.06283822656
-0.1605626196
-0.005667693447
-0.1109673306
-0.002973382361
0.02531928569
0.001147929928
0.03991061822
0.005345022772
0.002009755233
0.07194313407
0.008728657849
0.005955866072
-0.01887024939
0.01552874502
-0.06329930574
0.05856795982
-0.00399790192
-0.02203625441
-0.0878078714
0.0192083735
-0.02766374499
0.01697601378
0.04874438792
0.01666455157
0.02036322653
-0.04661804065
0.009680017829
0.07768529654
0.008178656921
0.04859029874
0.01145797595
-0.01563839056
0.0329230167
0.000564969494
-0.001070920145
-0.02579995617
0.004007108975
0.03212448582
-0.01352175698
0.05365547538
0.009272254072
-0.01279959735
0.009815012105
0.02262863703
0.05117657781
0.0144705195
0.009876383469
-0.05095453188
-0.009638434276
0.02738157474
0.02064923756
-0.02007621899
-0.04045678675
-0.03366287798
-0.008865767159
0.01123105269
0.01927395351
-0.009374194779
-0.01820977032
-0.03241832182
0.01449650805
0.05610268936
0.02650460601
0.04481335729
-0.03419752419
0.02943693474
-0.01955031604
0.004208107479
0.001095277956
-0.004488009028
0.004112706054
0.002938173246
0.0004231985949
-0.01064907946
0.003956140019
-0.009319774806
0.001931896782
-0.006688917056
-0.001259206212
-0.003109083744
0.005410538055
-0.005911947228
2.321175998e-07
0.003592420137
0.003598161973
-0.01158603746
0.004014908336
-0.009378673509
0.002812085208
0.006675431505
-0.00415436551
0.0001164966379
0.006028409116
0.003568022279
0.001322866068
0.001380948117
0.006438574288
-0.01202834398
-0.001101582311
-0.006360027473
-0.004228887148
0.001051769592
-0.008342485875
0.001862544101
-0.008642337285
0.006789311767
-0.01092130877
0.002091246191
-0.01081595197
0.007467448246
0.003373979358
-0.003696193453
-5.759904889e-05
-0.009235140868
-0.002233286155
-0.001498176833
0.004653831944
0.004815439228
0.007186635863
-0.002527303761
-0.0001601082622
-0.0005898530362
-0.0001312828826
-0.007866067812
0.0001285386097
-0.004367394838
0.003107143566
-0.002592870733
-0.002816840308
-0.0001552616595
-0.007927460596
-0.002905389294
-0.0004683098523
-0.002499754308
0.005927111022
-0.002331357216
0.007581314072
-0.004169847351
0.003411952173
-0.003683199408
-0.008941101842
0.001087777782
-0.009002017789
-0.001910845982
-0.006266850512
-0.004322267603
0.001028436352
0.006601906382
0.002021911088
-0.002698119963
-0.003423555521
-0.004867619835
-0.00335119362
-0.005712728016
-0.004508253653
0.001817213371
0.004135927651
0.000829551951
0.007864768617
-0.0015254803
0.0006958171143
0.00139075669
0.0009409278282
-0.005449329969
0.002923807828
0.003813181072
-0.00497352425
0.002769239945
0.0008821305237
0.0005227511865
-0.005494445562
0.002360360697
-0.001726471237
-0.009474234655
0.001066915924
-0.002387551125
0.002375255805
-0.008452543989
0.002164006466
-0.006359675899
0.001326168189
0.0002185301128
0.009268089198
-0.008304917254
-0.002064833185
-0.001341648865
0.00225888635
-0.008521506563
-0.006153714377
-0.003551217495
0.0003258609213
0.005350860301
0.000750748266
0.007822213694
-0.01135173813
-0.03813031688
-0.05899903551
-0.0007515309844
-0.06371990591
0.01230170578
-0.05773740634
0.08056713641
0.006206669845
-0.04890403152
-0.003059596056
-0.04429549351
0.005213396624
-0.01846371032
-0.003962183837
-0.08395517617
-0.02707975917
-0.07188982517
-0.007193044759
0.07909762859
-0.02301666141
0.1241574883
-0.05567444861
0.006583500188
-0.04090308398
-0.01873288676
-0.04632981122
0.02495711297
-0.06989400089
0.0635690093
-0.04070918635
-0.07362916321
-0.01633711345
0.01589681581
0.03045506962
0.03180065006
-0.02652564272
0.01327661145
0.06691579521
-0.06088451669
-0.01674224623
-0.0366121307
-0.02808146924
0.009742111899
-0.02600708045
0.04412448034
-0.003168185707
0.1395124793
-0.07826204598
0.02663423121
-0.03638456389
-0.04937758297
0.07806831598
0.09062092006
0.07461458445
-0.02640870959
-0.07718680054
-0.002639221959
0.0009730681195
-0.03830834106
0.02348491922
0.02068955638
-0.002967828186
0.01135534421
0.09771012515
-0.003663707059
-0.008145650849
0.0167358052
-0.01107707433
-0.009616036899
0.008271409199
0.01500780601
-0.008998748846
0.04388286173
-0.01498498116
0.00414969027
0.03230518103
0.01926114596
0.01461457275
-0.0111802211
0.0155613441
0.006969221868
-0.02406760491
0.02851542644
0.002501269802
0.03780827671
0.02040123381
-0.01751424372
0.0341007635
0.0004851032572
-0.00358640193
0.01644678414
0.03074928373
0.00134311826
-0.03310098872
-0.03180266172
0.001395167783
0.002286834409
-0.005442413501
0.002897210885
0.01547351945
0.02274012566
-0.0062426636
-0.0002497108071
-0.01928664558
-0.001813076902
0.01801255904
0.02037249878
-0.01048713829
0.02981072105
-0.02184199169
0.04206198454
-0.005301215686
0.00891286321
-0.02164904959
-0.03709033132
0.003998098429
0.03432546929
-0.001516872202
-0.008100582287
0.001784083317
0.02295896038
0.02049773745
0.003706353018
0.01930123195
0.02129814588
-0.0001435592421
0.01375177223
0.02567977831
0.06733193249
0.0330703482
-0.08906009793
0.01527940575
-9.659625357e-05
0.05636390671
0.00794173032
0.01251775958
-0.01756888442
0.06040531769
0.01209639199
0.04838413373
0.02663913555
0.03726163879
-0.009834790602
0.05477591231
0.03910229355
0.002034064848
-0.002552655293
-0.01505431067
-0.07937448472
-0.03376131505
0.06258637458
0.06265879422
0.01321428269
0.02746178582
-0.05181957781
0.13655366
-0.000203279109
0.1102515832
0.003959324211
-0.02301361226
-0.05328355357
-0.04339538142
-0.06589698792
0.05405176431
0.02020930126
-0.1045707986
0.1237798706
-0.03013736941
0.02853260189
0.05316879228
-0.01638873667
0.0166522488
0.0307772588
0.06021013483
-0.05579082295
0.1352234632
0.1626211107
0.06532931328
0.04012080282
-0.04291488603
0.04508143663
-0.09599181265
-0.038048435
-0.008054471575
0.0321839042
0.05314556137
0.06011075899
-0.06123704836
-0.07142987847
0.04345581681
0.003359120106
0.01821120828
-0.01599843055
-0.01106728893
0.01141930372
0.009322741069
0.008618654683
0.03002658859
-0.06616621464
0.009255674668
-0.02135076001
-0.03096350282
0.01233299077
-0.009242483415
-0.03190888464
0.008822605945
0.009144531563
0.0500439629
-0.03000561707
0.002866743365
-0.03939424828
-0.04941380396
-0.0466780588
-0.03474385291
0.05435617641
-0.003757538507
-0.0685948953
0.03340457007
-0.02280014567
0.04052181169
0.003694322659
-0.04088324681
-0.04336961359
-0.005994457752
0.02826560847
0.01527135819
-0.01919100434
-0.004008578137
-0.03885585442
-0.005529230461
0.03075961396
-0.02346628346
0.0009358706302
-0.03340154514
-0.005445125978
-0.01181117259
0.005034011323
0.02330460213
-0.05776602775
0.008281457238
-0.01720688678
0.01419208851
0.03091488406
0.0295229964
0.01389663015
-0.03066776693
-0.01828235574
0.02173360996
-0.03232388571
-0.006915605161
-0.01380973868
-0.01301664952
-0.001118128188
0.003791314317
0.032440193
-0.02623191848
0.06687062979
0.0003512391995
-0.02512173913
-0.008439760655
-0.02006361261
-0.003716418054
-0.04139744118
0.0005229390808
-0.03066944331
0.004872944206
0.01897493936
-0.0183000192
0.04047968239
0.06052274629
-4.88659789e-05
0.002926070476
0.01340392698
0.02288854867
-0.03965677321
-0.04968810454
-0.1279914379
0.06325340271
-0.02751225792
-0.01556794997
-0.01662137173
0.02446366102
0.04064412415
0.005987391807
0.007590600289
0.001993507147
-0.02080399357
-0.003373386106
-0.03276062012
-0.0223757606
-0.01695796475
-0.03388081864
0.01512773614
-0.04198130593
0.08207765967
0.00425399188
-0.01266593393
-0.007462576497
-0.01853909902
0.002132173628
-0.0102388924
-0.007065407
-0.08311659843
0.02339104563
0.02289513312
0.01916010864
0.01894849353
-0.02883419581
-0.05028798431
-0.02685636468
-0.01654466242
-0.0002547094482
-0.04660915211
-0.0381135121
-0.009290196933
-0.01841799356
-0.02456805483
-0.02771198936
-0.007137922104
0.004996340256
0.0162475165
0.0004258257686
-0.02118596993
0.01431257091
0.01806139201
-0.006597612519
0.01396587025
-0.01341253426
-0.02737591043
0.005886833649
-0.006942774635
-0.02782220207
0.001939677517
0.002818634966
-0.01159247756
-0.01289553382
-0.005021966994
0.002160588745
-0.04693790898
0.004032636993
-0.003844562918
0.00218951446
0.01364122611
0.002954781754
-0.0062948782
0.003677973291
-0.009044531733
-0.009204661474
-0.0001009883999
0.01708787866
0.01303837448
-0.00531952735
0.009845674969
-0.001028767438
0.002883145818
-0.01853435114
-0.001430966193
0.006256452296
-0.002566681709
-0.006160753779
-0.003204465844
-0.004530410748
0.005065562204
8.650567906e-05
-0.0002640689781
0.004695087671
-0.004354633391
-0.0003534794087
0.007474758662
0.002339434577
0.008087677881
-0.006981450599
0.01408345625
0.004150978755
-0.007013152353
-0.002860431094
-0.03805940598
0.01028981339
-0.01598883048
-0.01174690761
-0.006316433195
-0.00840830151
-0.005937944632
0.002835566178
-0.1015664265
0.02289808728
0.05888703093
0.05531648546
0.01454478782
0.03376295045
-0.04357871786
0.06290473789
0.04262197763
-0.017104825
0.005074258428
0.006715940312
-0.07073514163
-0.164016068
0.05275366083
-0.03241926059
0.05328847468
-0.01351944357
0.0287423525
-0.03277087212
0.07612324506
-0.09146887809
-0.03288444132
-0.04082913324
0.05744578317
-0.06253897399
-0.0592183359
0.0847119689
-0.08901838958
0.03264949098
-0.03649958223
0.06053285301
0.04686903581
0.02107590064
-0.02920520119
0.1078643054
0.009614845738
0.00141948089
-0.09524016827
-0.04397261143
0.05427176878
-0.008558569476
-0.1127057001
-0.002192423912
-0.02847301215
0.03988965973
-0.07091137767
0.08803081512
-0.09005782753
-0.04223009199
0.07416632771
0.02769741602
-0.1850390285
-0.004117142875
-0.0219190754
0.08547187597
-0.0106791975
-0.0258145649
0.03773418814
0.1047207415
0.04830684885
-0.06722185016
-0.02593615092
-0.2601853311
-0.03230332211
0.0182500314
0.03435545042
0.03054514527
0.02642614394
0.04275786877
0.007199278567
0.06094148755
0.04651980102
0.0504572019
0.01819106005
0.06871322542
0.02304850519
-0.06309727579
0.04112304002
0.01821934804
0.06407628208
-0.01163983624
0.104414694
0.0334985368
-0.01334889326
0.02686331049
-0.1016796455
0.01873174123
0.08040694147
-0.007610389497
0.02767823637
0.08669124544
-0.04115404189
0.01354815252
0.02222652547
0.02953113988
0.01234553475
-0.006073081866
0.01370781288
0.07664884627
0.01218805276
-0.00769384671
-0.04636555538
0.03099347837
0.0264030993
0.03151268885
-0.04899775609
0.01838252693
0.01882173866
0.05644915625
-0.03082143329
0.02243406884
-0.06169240549
-0.006146618631
-0.04737998173
0.02776069567
-0.06820451468
-0.007683561649
0.008820232935
-0.003536521923
0.04956258833
-0.01550677884
0.0904251188
0.05710816383
0.02232737467
-0.004962285515
-0.03450415656
-0.04775708914
-0.004656696692
-0.03718597442
-0.003325799014
-0.02042040974
-0.001417757361
-0.0127157364
-0.002290574368
0.005704781041
-0.04904907197
0.003128321376
-0.006774964277
-0.03910156339
0.02847303264
0.03348994255
-0.008787286468
-0.005567220971
-0.01811596379
0.0124110179
-0.004427238833
-0.005702796858
0.01413874049
0.01747557335
-0.03078485094
-0.05334712565
-0.01794081181
0.01158295199
0.03371494263
-0.03007043153
0.02322579734
-0.003178060288
-0.02509281971
0.0004991557216
-0.006456461735
-0.0009142998024
0.007990373299
-0.01421939116
0.0285746865
0.01197540108
-0.002544330666
-0.02004849538
-0.008352173492
-0.03511833027
0.005058667157
0.01454908215
-0.02248521708
-0.0167152714
0.03383501619
-0.0245322939
-0.03674497828
-0.01832908578
-0.02542803809
0.004944673274
-0.001438836451
0.02669977769
-0.02293575369
-0.01974647865
-0.0408851169
-0.072900787
-0.008468142711
0.03569605947
-0.001193039701
-0.03437793627
0.001555138733
0.00526503101
0.01950448938
-0.00192960212
-0.01182966121
0.01335161831
0.01300268807
0.0009768015007
0.01902277023
-0.02171931043
-0.02589990944
-0.001148617477
-0.01166481804
-0.04014024138
0.02415713482
-0.0005019026576
-0.02448138595
0.01154411584
0.02256589942
-0.008380521089
-0.01487767324
0.01839781553
-0.006713828538
0.004518000409
-0.02556282282
0.02881265618
0.01375396363
0.02447646298
-0.01254710834
-0.006925249472
-0.00178142346
0.02056974918
0.005521185696
-0.009186035953
0.003953289706
0.000267063675
-0.003288671141
-0.01678801514
0.009185199626
-0.0023186279
-0.007150399964
-0.02855771407
0.003567567095
-0.0007038082695
0.01122868434
0.008675406687
-0.00076277263
-0.01605792902
0.01186377928
-0.001844829763
0.008256948553
-0.01849010773
-0.002740649972
-0.01468989905
0.02029929496
0.001266773441
-0.001228698064
-0.008916442282
-0.02852707542
0.01525398996
0.01330691017
0.01930498518
0.01159247104
-0.0006441955338
0.004147990141
0.003737216815
0.01691875793
-0.05578577891
-0.008699366823
-0.06103764102
0.01665753685
-0.0751690641
0.1034442708
-0.0002419375669
-0.06277506799
0.004218680784
-0.09167182446
-0.005902337842
0.03098005243
0.02505817451
-0.1205519885
0.004015926272
-0.09089349955
0.03405957296
0.0937911272
0.06240138412
0.07808962464
-0.09658188373
0.02978080139
-0.06983923912
-0.02363250591
0.007614206988
0.06447842717
-0.08280066401
0.09278731048
-0.09789732844
-0.1233931631
-0.05918335542
-0.02946122549
0.0144136548
0.01844646223
-0.05858543515
-0.02493112162
0.005174875725
-0.04439074546
-0.01220250037
-0.02796036378
-0.00274505117
-0.02232211083
-0.005036682356
-0.006198941264
0.01544234436
0.1072760075
-0.1748939753
-0.03605780378
-0.0003103630443
-0.04926446825
0.06348254532
-0.04863807932
0.04470069706
-0.04224590212
-0.1137745827
-0.04059742391
-0.1383058876
0.02576050162
0.06719022244
0.02549923584
-0.03405620158
0.05088047683
0.04126599059
-0.004864476621
-0.01718176156
0.03943370283
-0.01954868622
-0.03161703423
0.005348622799
-0.007363315672
-0.009911222383
0.03711869195
-0.06990224123
-0.000910596631
-0.0199098587
0.003422624897
0.011426921
-0.03009052947
-0.03443547711
0.02773399279
-0.02706606686
0.02589806356
0.01675941981
-0.01215815451
-0.002791542327
-0.03606152162
0.0231581144
0.01086517703
0.05478747934
0.03466487676
0.06161757186
0.01002845354
-0.01622749306
-0.0361950174
-0.02428411134
-0.06342509389
0.0121977767
0.02086317353
-0.03680667654
0.02779149637
-0.004922130145
0.01191694476
0.003660846269
-0.02364685573
0.01657110266
-0.00403450802
-0.004459981807
-0.009497477673
-0.02818359993
0.002874310827
-0.02422241494
-0.04382696375
-0.03241687641
-0.01405535638
0.03164226934
0.006343460642
-0.008311594836
-0.006614197977
0.01082370337
-0.01024919283
-0.04382187873
0.01314251777
0.03524732217
0.03814287484
0.01071229391
0.06038909778
0.002556737978
-0.01518666837
0.01696771756
-0.03464256972
-0.03495884314
0.005286629777
-0.04941666871
0.0598830767
-0.02158737369
-0.01677124389
-0.03178758174
0.009581866674
0.01488854084
-0.0005319909542
0.03565168381
-0.02476099506
0.009024542756
-0.02052531578
0.01003819145
0.007721150294
0.01094223093
0.03992653266
0.01348859351
0.01610703394
0.02290998586
-0.02553474158
-0.02462417074
-0.003624296049
-0.06559717655
0.02004066296
-0.008986029774
-0.03577985242
-0.0195565857
-0.007970807143
0.01053586695
0.01703588292
-0.06251660734
-0.01135706902
0.003255121876
-0.01903874241
0.01999064535
-0.03184780106
0.05768748745
-0.02574911155
-0.03048514761
0.09848228097
-0.04177563637
0.09422802925
-0.03071946464
0.05061766505
0.02924821898
0.004727917723
-0.04326409474
0.1625156105
0.007968666032
0.006894043647
-0.0821692422
0.02638523467
0.07717223465
-0.02778266557
-0.06510093063
-0.002714982722
0.07525444031
-0.03970270231
0.1769121587
0.002375306329
-0.01919150166
-0.002275577514
-0.02269503661
0.02270874567
-0.02431165613
0.004618263803
-0.05294396728
-0.003959891852
-0.01122857071
-0.007715206593
0.01015024073
-0.009215478785
0.04040871188
-0.006417104509
-0.004842916504
-0.0450374186
-0.002137570642
-0.01226785406
-0.01080287341
0.05068227276
0.01507100463
0.06297049671
-0.02340679057
-0.01949979551
-0.01448729355
-0.007159637753
-0.05426844582
0.006120634265
-0.01514673047
-0.01614302769
0.01027906686
0.01953766122
-0.01023221854
0.001086410484
-0.01434804313
0.01502564829
0.001265970175
0.02069460042
0.01512071956
-0.03932909667
0.01217534114
0.04708594084
-0.007423419971
0.00641657738
-0.02447642758
0.03627947345
-0.02193008363
0.02664889209
0.00530615449
-0.007866780274
-0.01454027928
0.06164368987
0.01334175747
-0.01923605427
-0.00274754595
0.01252969168
-0.003941089846
-0.04053365812
-0.01436373312
-0.003035908565
-0.001679005567
-0.0144847054
0.03382558376
-0.006712513044
0.0502194874
0.021750696
0.06023316458
0.02013261989
0.0148836188
-0.06981817633
-0.005031983834
0.03973030671
-0.005605725106
0.01162638608
0.07930932939
-0.05324664339
-0.03558527306
0.07025014609
-0.008877016604
0.04970356822
-0.004215975758
-0.03628957644
0.03873378038
-0.02785501815
0.01340366807
0.005728974473
0.081795156
0.0475740917
-0.04973197356
-0.01127687749
0.03836678714
-0.06287939101
-0.08554822952
0.0446911566
0.01415693946
0.03218039498
0.01650823466
-0.02351863869
0.007130180486
-0.05248016492
0.008521714248
-0.04931339994
0.01675220765
-0.01001583133
0.02190994658
0.02718744427
-0.01554239076
0.053137362
0.03532114998
-0.02214600705
0.04308191314
0.05470582098
0.01768060774
0.02387662418
-0.01192626078
-0.03366957605
-0.07124421746
0.03733288869
0.02335033193
0.02377176844
0.02035670541
-0.007245856337
-0.01641118713
0.003139012028
0.07837612182
-0.03234566748
0.04596843943
-0.01947446354
0.009266836569
0.02116234601
0.003960394301
-0.006678016391
0.004098663572
-0.02115022577
0.02853160538
0.03782967851
0.03050091676
0.01634382084
0.07987578213
-0.02895572968
-0.004005742259
0.03902826831
-0.02584750764
-0.01727114059
0.01582787558
0.02970008925
-0.005519389175
-0.002621371765
-0.006192944944
0.01048000902
-0.02140629664
-0.01013620663
-0.06232423708
0.01451820508
0.0141309239
-0.004408508074
-0.03013324924
0.007343902718
0.006425732281
0.00110458571
-0.006077409722
0.003503575921
0.02485201322
0.005724824965
-0.004601872992
-0.002699588425
0.05481981859
-0.02124818042
0.01850041561
-0.03177408129
-0.01066123508
0.009476355277
0.02790335938
-0.02341670543
-0.001729616662
-0.02905579284
0.02446161583
-0.002903565066
0.02213273197
-0.05243652314
-0.02158753946
0.02136143111
0.003013355425
0.07135581225
-0.03445445001
-0.0002849358134
-0.007064587437
-0.006147560198
0.007456873078
-0.04093088955
-0.00145914522
-0.00533344876
0.002612167969
0.002526577096
-0.00480285706
0.0003474478144
0.002032205462
0.01226458885
-0.004074020311
0.01237454358
-0.004328389652
0.006287534721
-0.002990881447
0.003698038636
-0.003627396887
0.004968972877
0.0006469414802
-0.003952996805
-0.004043888766
0.00750286784
0.01001456846
0.0135343438
-0.003304020967
-0.005953124259
0.005568472203
0.001020340133
-0.009338756092
-0.004622635432
-0.002787273843
-0.00454743905
-0.002972234506
0.003291827161
0.001784672728
0.007742225658
0.004763192032
0.0004678260884
0.009618408047
-0.003212938551
0.01121208258
-0.01122926734
0.009862763807
0.002770719118
0.01909234002
-0.004223867785
-0.003627064405
0.002366146306
0.002093989635
0.0105521502
-0.003149320837
0.001746331109
-0.002768465783
-0.005795916542
-0.007528219838
0.007763761096
0.002482777927
0.0021179053
0.000292698096
0.009238519706
0.0002605877817
0.005387709476
-0.004578400403
0.003197235754
0.003559153993
-0.001460988424
0.01325752027
0.001851362642
0.000554654689
0.001405177638
-0.005951420404
0.00203137123
-0.007024263963
0.004451898858
-0.003304037033
0.001258837408
0.01217902917
0.0009000810678
0.007688745856
0.001387774944
0.006125456188
0.005639749579
-0.002535051899
-0.007003054023
-0.002257853514
0.003737332067
0.00154170976
0.006937224418
0.004192648921
0.005076248199
0.004790963139
-0.002729707863
-0.004928074777
-0.0003822016588
-0.006697540637
0.002088356996
0.0001113046746
-0.0014054887
-0.0001907568076
0.008435506374
-0.002347646514
-0.005153677892
0.00737402495
-0.002392264316
-0.001171546406
-0.001785008935
0.006611479446
-0.000664847088
0.002332339296
0.007225962821
-0.002373345895
0.0006013679667
-0.003488213057
0.009201165289
-0.00293388823
0.006078897975
-0.0002638199076
0.0007344110054
-0.007708255667
0.008489590138
0.002693238202
-0.00107314717
-0.003975049127
0.008478762582
0.00557562476
0.003235637443
0.001151486184
-0.004959503654
-0.0008629577933
-0.005550462287
0.01085430011
0.003051733598
-0.009431549348
0.0004995567142
-0.01081418991
0.004735060502
0.0004394497955
0.007775613572
0.005377454218
-0.01931735501
-0.003139242297
-0.001642947085
-0.01436047722
0.01997033134
0.01608577184
0.001419368084
0.01049368735
-0.01625462063
0.002051497344
0.0003781320411
-0.004292154685
-0.003033339279
0.0007470122073
-0.009839933366
-0.009897000156
-0.008419699967
0.00658240309
-0.003590066219
-0.008359959349
0.0144005781
0.0162666142
-0.01496334001
-0.0005889012245
-0.009574669413
0.002859276254
0.007733067963
-0.006742131431
0.007812176831
0.007777937688
0.007599137258
-0.002157790586
0.006979261991
0.00129495631
-0.007554692216
0.002894952893
-0.006819654722
-0.01210420113
0.008191551082
-0.01925966889
-0.0001238907716
-0.003262036247
-0.01656035893
-0.00653618807
0.02196922153
0.004973514006
-0.0001473765296
-0.005893619731
-0.008906979114
-0.01503627747
0.001167815062
-0.006255899556
-0.002448945306
-0.01100908499
-0.002459888812
-0.006227700505
3.81364589e-06
-0.002605559072
-0.0007925961399
-0.002123742132
0.009152180515
-9.575654985e-05
0.003455155995
-0.005589125678
-0.01068101544
-0.003290848341
-0.002826485317
-0.01636516675
0.007851351053
0.003680671798
-0.002399045043
0.01038502157
-0.001302289311
-0.005463410169
-0.004792259075
0.002937072655
0.001858858974
0.00365980179
0.006370967254
0.008069453761
0.001991984202
0.009355073795
-0.005697779823
-0.002647195477
-0.001244818443
0.001779801096
-0.003720664186
-0.0007311840309
0.007972469553
0.0001574362395
0.0002804829564
0.002993510338
0.005082498305
-0.0001034300949
-0.0004003198701
-0.007574428804
0.003907530103
0.002415108494
0.01399198174
-0.001293949084
0.001661753864
-0.008602918126
0.005581678357
-0.003433563979
0.008388740011
-0.001354706939
-5.431900354e-05
-0.008093744516
0.01672113873
0.007011165377
-0.0003940953175
0.0008380759391
-0.004883571062
0.005277338438
0.002343578031
0.004951945972
0.004465896636
-0.004658967257
0.001798742334
0.004390208982
0.05015220493
-0.06909617782
-0.017293185
0.004846835043
0.06004337221
0.00824195426
-0.0002422167454
-0.02245688438
-0.01796990447
-0.09169927239
0.01565807126
-0.02799412608
-0.1132054776
-0.1398117244
-0.0838348493
-0.004724840634
0.08843822777
-0.001836413634
-0.06536002457
-0.1424821615
0.1355827898
-0.1042388231
-0.04155964777
-0.06727923453
-0.0771876201
-0.09134013206
-0.003399248235
0.0184194427
-0.06732390076
-0.1072056368
-0.1156433597
0.04054603353
0.05753250048
-0.02537625469
-0.007208366413
-0.02885616943
0.02328360081
-0.00145609153
-0.05064398795
-0.07218232006
-0.05028543994
-0.06345387548
0.00457743695
-0.01665643975
0.09738641232
0.0952860415
0.09822305292
0.04754303023
0.1158830673
-0.03376932815
-0.08851200342
0.004373848438
-0.169440493
0.1342131346
-0.007336021867
-0.03418448195
0.03236247972
0.01943934709
-0.09924533963
0.09174310416
-0.006589306984
-0.08131476492
-0.1013486683
0.005789960735
0.005517286714
-0.01499783248
-0.03910908476
0.03416328877
0.04009875655
0.02884108014
0.00581206847
0.01745088957
0.03948348016
0.01788139902
0.01034115627
0.02072413824
0.008003350347
-0.02503341064
-0.06141361222
0.03749877959
0.0647469759
-0.009659746662
-0.02060457692
0.007929479703
-0.03705228865
0.02514466457
-0.1004098952
0.00171930599
0.01758935861
-0.03892546892
0.03166021779
0.02251224779
-0.0161878299
-0.03336720541
0.01415650267
0.01519140694
-0.02009329386
-0.01051818766
-0.006666669156
-0.05207806826
-0.00702816667
-0.01613016799
-0.02532835864
-0.06251538545
0.009570787661
-0.002124882536
-0.02233071998
-0.02213011496
0.02444620803
0.03546270356
0.02063664049
0.006345856469
-0.005234306678
-0.00951658003
-0.06094413623
-0.004141177516
0.00124682032
-0.008173323236
-0.03452659771
-0.007887369953
-0.02253913879
0.02690427564
-0.008109861054
-0.01275859494
0.01316396985
0.006686921697
-0.007423297502
0.01540121157
0.06036595255
0.007858840749
-0.05940032005
0.05779296905
-0.01437217183
0.05033204332
-0.02358609065
-0.01097381487
0.03229456022
-0.08371093124
0.09580498189
-0.02982021868
0.01278722472
0.04429597035
0.03286454454
0.02528741769
0.07370038331
0.01997945271
-0.04424853623
-0.09657844156
-0.06787708402
0.04767461866
-0.02036833018
-0.002993588801
0.009130296297
0.07365585119
0.007743126713
0.04297487438
0.002489142353
-0.0371350646
0.06381927431
0.0106572751
-0.01790484972
-0.08133567125
-0.001191587071
-0.06120477244
0.03393316641
-0.04033292085
0.05975820124
0.003924924415
-0.0003290861205
0.05916770548
-0.03193288296
0.01528326329
0.006763843354
-0.0003387423931
-0.08386573195
0.1334197074
0.07200866193
0.02174040489
0.01662245207
-0.06901434809
0.04685880244
-0.02634924836
-0.004372257274
0.03231627122
-0.02615256794
0.07982329279
-0.01390067209
-0.01985409483
0.0008374271565
-0.03733811527
-0.08139765263
-0.03941108659
0.01365853474
-0.003441208042
-0.04212401062
0.02090379782
0.02443223074
-0.007245101035
-0.003161391709
-0.001665805001
-0.03536587581
-0.002426621737
-0.008315285668
-0.0133037651
-0.013185733
-0.02019361965
-0.01459795795
0.01679362357
0.004309864249
0.0122775957
-0.04386307672
-0.007906555198
-0.03028193675
-0.01455607079
0.004603183828
-0.02361607365
-0.01071734261
0.02275147848
-0.01932802983
-0.02617184073
0.008183962665
0.02735300921
0.02746637724
0.003064556047
0.001151776174
0.0009301780374
-0.006625211798
-0.04423481598
-0.03115960024
0.009652134031
-0.004506471101
-0.01179904491
-0.005825476721
-0.02901965752
-0.01798959635
0.006624011323
0.003851349
0.01407496911
-0.01504526474
0.001087092096
0.009191144258
0.01727719419
0.02513365075
-0.0004957042984
-0.002852204954
0.01073342562
-0.006229335442
-0.002104776446
-0.0536718145
-0.001666932483
-0.02102081664
-0.02046675608
-0.01230066549
0.009682565928
-0.001298507792
-0.007607801352
-0.2193709612
-0.004665422719
0.0646186918
-0.07435858995
0.01743405685
-0.0658364892
0.004887057468
0.01924609579
0.09375996143
-0.004872167949
-0.0704183206
-0.09974232316
0.1034457982
0.114070721
0.2119016945
-0.02958368696
-0.07769889385
0.02315612696
-0.03701630607
-0.05089684576
-0.05353891477
0.06824707985
0.001227696659
-0.02808245271
-0.0364604108
0.01544952765
-0.009652873501
-0.08467560261
-0.05051485077
0.05285202712
-0.003395209089
-0.009887448512
0.01482665725
0.04729900882
-0.01502847765
0.06511351466
-0.00573287718
-0.06922485679
0.01006659586
0.04298874736
0.003170813434
-0.03807299212
0.09283388406
-0.02287818864
-0.09276335686
0.01981045119
-0.05961902067
-0.1321224719
-0.107868053
0.008046324365
-0.0272193905
-0.09455095232
0.1142848879
0.03633824736
-0.01238587312
-0.0145797655
-0.08412334323
-0.05864180252
-0.007766977884
0.00635171216
-0.01604469307
-0.08151108027
-0.02466191351
0.03938621283
0.02303471975
0.0231884215
0.01969424635
-0.001146092662
0.00691212574
-0.0171254836
0.05048073456
-0.01565869898
-0.0007847849629
0.00802297052
-0.01378980093
-0.05770130828
0.03825441748
0.03361490741
-0.007862051949
-0.08937376738
-0.01150770485
-0.01900948025
-0.02394578233
0.01799355447
-0.009101156145
0.01109795459
-0.03271625936
-0.002411168069
0.06010370702
-0.005367918871
0.05258078501
-0.01030306611
-0.02470727265
0.02220006101
-0.003141909605
-0.02032254636
-0.01948528178
-0.006988083478
0.009220356122
0.01763374172
0.0341822207
-0.0008021785179
-0.002130761277
0.02697912976
0.02171476744
0.02333027124
0.04770026729
0.008750188164
-0.04905615002
-0.02337954007
0.0007626357256
-0.001488190726
-0.01977394335
-0.02652224712
0.0008098203689
-0.06535325944
0.029908292
-0.004249391146
0.0060426048
-0.02274189889
-0.01868152805
-0.003250845708
0.01342633273
0.01782379858
-0.003569029272
-0.05378032848
-0.03476012126
0.005411603022
-0.001905940822
-0.001457359758
-0.007349763997
-0.01770017482
0.02354926243
-0.01008601673
0.01659330912
0.02238658629
-0.04164195433
0.00907966122
-0.02899152786
-0.02211451717
0.05082064867
0.07104220986
-0.002785722958
0.007228881586
-0.04490604624
0.02533271536
-0.02823601849
0.01841583103
-0.06053240225
0.01547680702
0.02785309032
-0.03079220839
-0.0195378568
0.008331009187
0.02320567146
-0.01837179996
0.03453770652
0.01852204092
-0.01458646916
-0.02963751554
-0.05238655582
-0.002215221524
0.01548977196
-0.04233239591
-0.001336475252
0.003513902659
0.0560407415
-0.008009706624
0.01970589906
-0.009605248459
0.0263116248
0.002174938796
-0.02183519863
-0.006358396262
-0.03907958791
-0.06463505328
-0.01300528739
0.0073256623
-0.01227543131
0.007223896682
0.03383840248
-0.02085711248
-0.001760749146
-0.01470511965
-0.07086915523
-0.04628472775
-0.01192415878
-0.02143182047
-0.02115239017
0.001113516977
0.008134563453
0.01216445025
-0.008733500727
-0.000973298098
-0.002308468102
-0.003432167927
0.004888832569
0.005468599498
-0.001184697729
-0.004287526011
-0.01304163132
-0.02284097299
0.002641403815
-0.03957405686
-0.0003671126324
0.01194294449
-0.009034695104
-0.01839362457
-0.00657665031
-0.006608407944
-0.02738411166
-0.01188032329
-0.01378318947
-0.007881115191
0.009646868333
0.002097107936
-0.00336486334
0.01497062575
0.005805383436
0.01236893795
0.0006312535843
0.003411296988
-0.006443782244
-0.006820834707
-0.008318072185
0.00888383016
0.00965183787
-0.01792941056
0.01653502136
0.002112605609
0.009711157531
-0.003290660912
0.009453024715
0.002634006552
0.01529675256
-0.0003396462125
-0.00839806255
-0.01505093463
-0.00874549523
-0.005501696374
-0.004569428973
-0.00473703444
0.004694300238
0.003338278737
0.01809185185
0.0003201226355
-0.008481702767
0.002102460014
-0.02260117047
-0.01268125791
-0.01161601581
0.001279543038
0.01303892676
-0.01056250464
0.0191714894
-0.001325536636
0.08712503314
0.1320097744
-0.04095569253
0.04490238056
0.06240493804
-0.08564803749
0.05241115391
-0.03368858993
-0.05867723003
-0.06990038604
0.04122549295
0.09533676505
0.08542595804
0.04709338397
0.003597366391
0.02091922425
-0.07301706821
0.01198509242
-0.05514800549
-0.1114814654
0.02958746813
-0.02045064047
-0.0797598958
0.04744518176
0.01468200516
0.09409937263
0.06149588153
0.01903858595
0.07390296459
0.07841727883
-0.06969702244
-0.04368559644
-0.03187794238
-0.1014391407
-0.06970468909
-0.07560173422
0.003425899195
-0.1159953848
0.10190887
-0.02459163778
0.04240284115
0.1451183707
0.06784696132
-0.06955335289
0.1059401184
-0.07974283397
-0.003311611246
0.08159956336
0.08700693399
0.02957274392
-0.03618259355
0.02907257341
0.07891904563
0.05826250091
0.06208478287
-0.06128736585
0.001910118968
-0.03710697219
0.0811503008
-0.1348800957
-0.05048880354
0.1504330635
-0.06337453425
0.2048282325
0.001059957081
-0.01906052046
-0.01103365235
-0.03437467664
-0.002244632225
-0.05766506493
0.0169742126
-0.07703273743
-0.06432628632
-0.0181818828
-0.03228354454
-0.005068632308
-0.03158132732
0.04962225258
-0.0006683091633
-0.06831935048
-0.07364916056
0.02235148475
-0.05627262592
-0.01594682783
0.07012313604
-0.02692024224
0.1160428226
-0.01526439935
-0.03513987362
0.02247757651
-0.04537344351
-0.01483642124
0.03056948073
0.0332965441
0.02642758563
0.0005969571648
0.02299442329
0.001269325963
8.871872706e-05
-0.01418404095
0.01317870338
0.0162594337
0.02980388701
0.02763041481
-0.0387936756
-0.009725547396
0.05456479639
0.003445614362
-0.01828295551
-0.05715345219
0.03948894888
-0.04928499088
0.03436178714
0.01931742579
0.05674353242
-0.03244175762
0.06434565783
0.02158498392
-0.008098830469
-0.0189184472
-0.00950652454
-0.03190980107
-0.005354554858
-0.01899606548
-0.02849456482
0.004152134061
-0.01208215114
0.02305693738
0.02167331986
0.06844658405
-0.07907246798
0.03980951011
-0.01600491814
0.06775296479
-0.05305037647
-0.03401740268
0.03774929419
-0.1426249295
0.1680812091
0.02597460151
-0.02902458981
0.003542182501
0.1585650295
-0.001294439076
0.1647611409
0.04349321127
-0.1073147282
-0.04063398391
-0.1016194597
0.06338030845
-0.005221017171
0.01961931586
0.0383348614
0.1319216937
-0.00133320957
0.1073521376
-0.01550326403
-0.1420124918
0.1704524904
0.04573218897
-0.00265378016
-0.0164783299
0.01059911121
-0.1362489164
0.03783936799
-0.0104636373
0.02136370167
0.05164007097
0.002400885802
0.04542472959
-0.02983925864
-0.01736381836
0.03367241099
-0.05723979324
-0.07008751482
0.2320321053
0.007288972382
0.08504634351
-0.002152130939
-0.08670851588
0.2103310972
-0.07088520378
0.07309048623
0.08052227646
-0.007430819329
0.1062258333
-0.003600869793
-0.0400284715
0.01034568623
0.06700646877
-0.09428399056
0.06529122591
0.006249302533
-0.007756923791
-0.08799182624
0.01275234856
0.03717727959
-0.020149488
0.0004961035447
-0.03226485103
-0.07543587685
0.02161856554
-0.01846738905
-0.01065224595
-0.02304250002
-0.01438101847
-0.01105677243
0.01254042424
-0.01905132271
0.0388061516
-0.05205177888
-0.02903248742
-0.000430250715
-0.009349284694
0.03648513556
-0.04968619347
-0.02014460601
-0.01559031196
-0.06517826021
-0.1152514219
0.00926414039
0.04616166651
0.05460096151
0.0243673604
0.03871737793
-0.004517070018
-0.02671512403
-0.04382201657
-0.01908891276
0.01544521563
0.003234959906
-0.02348452061
-0.0155040985
-0.03196156397
0.009895118885
0.0001316432608
0.01930035464
-0.004158800468
-0.002697091317
-0.007610185537
0.04526243731
0.03609030694
0.04268449917
-0.02917332202
0.006720412057
0.0004872491118
-0.02216356434
-0.007289620582
-0.03016974032
-0.006824052427
-0.06826272607
-0.03189733624
-0.01626298763
0.01584448665
-0.04248633236
0.004578325432
-0.004618610721
0.001086815493
0.004050339106
-0.005536813755
0.0001731557568
0.002518237568
0.01330452785
-0.004968168214
0.0121160401
-0.00491828518
0.007018974051
-0.001600138145
0.004640561529
-0.004976079799
0.006592467893
0.0009887861088
-0.0041781771
-0.005203842185
0.008892686106
0.006121359766
0.01356519852
-0.003636443289
-0.005985212512
0.005684308708
0.0003293878981
-0.009541581385
-0.005597565323
-0.00358632626
-0.005076804198
-0.002343841828
0.004150689114
0.001902536256
0.008467796259
0.00528637087
0.0004102220992
0.01044716779
-0.003433117177
0.01244497765
-0.01031166781
0.0114310598
0.001761986176
0.01785255596
-0.005059631541
-0.004016253166
0.003968930803
0.001897823764
0.01202376001
-0.001514062518
0.001214637188
-0.004089640919
-0.008053200319
-0.007256789133
0.007857936434
0.002719386015
0.002273089485
-5.497919483e-05
0.01074620895
-0.001785684377
0.004640524276
-0.005162573885
0.003388573648
0.004485453013
-0.001464581001
0.01471249666
0.002334306017
0.00028618949
0.001617603586
-0.006261206232
0.003577053547
-0.008093075827
0.004828806035
-0.004027700052
0.002122295089
0.01238539536
-0.0001529444853
0.008861534297
0.002056529513
0.007323339581
0.005325137638
-0.001434773556
-0.007467546035
-0.002629678929
0.002859700704
0.002252442529
0.00687459996
0.004454386886
0.006071428303
0.004973193165
-0.002510944614
-0.005374229047
-0.0007687153993
-0.008628218435
0.001399239176
-0.0006217249902
-0.001636649948
-0.0004535914632
0.008446125314
-0.00301313377
-0.004941004328
0.00670186244
-0.002413414419
-0.001207795925
-0.00154011359
0.006276953034
-0.001567873522
0.002085392829
0.009163454175
-0.002110449364
0.001962738112
-0.0041876873
0.009498412721
-0.003290217835
0.006838814355
-0.001026907237
-0.0001368913217
-0.009484104812
0.01021649037
0.002369222697
-0.0007021554047
-0.003907738719
0.009528592229
0.00641046837
0.001479742699
0.0001226937165
-0.005214106757
-0.001063351869
-0.007008563261
0.01297081169
0.0004817664158
0.003074711887
-0.006238067988
-0.002783256117
-0.003365289886
-0.0001704645983
0.01092166919
-0.0009511767421
0.008895871229
0.000613426615
0.007484044414
-0.003720905399
0.01131926198
-0.01186884567
0.01063546818
0.007663709112
0.002290907316
0.002436697716
0.004110625479
0.004488448147
-0.004308187868
-0.001474243356
-0.003024662146
-0.01038096193
0.002113960451
0.002248475328
0.004425299354
-0.002820062917
-0.008090756834
-0.00552211795
0.00599809736
0.003007464809
0.007580588572
-0.00824010279
-0.009104035795
0.005006439984
-0.002651408315
-0.004949196242
-0.001021004864
-0.004875597544
-0.002521246439
0.01436897926
-0.0008366748807
0.002792698797
-0.007358090486
0.007677330635
-0.0001768024522
0.006690385751
0.001613028464
0.002226090524
0.006379216444
-0.008243486285
0.005114346277
-0.002605553716
-0.002968265442
-0.0006681741797
-0.001753790653
0.008786673658
0.006235962268
0.008903051727
0.004316050094
0.002522943076
-0.005606461782
0.007858669385
0.001479882514
0.00265950663
-0.000958730292
-0.001454363344
-0.006809125654
-0.002041168744
-0.002041914966
-0.003008057131
0.0002555678075
0.004106240813
0.0007038619951
0.001891480526
5.534917727e-05
0.0004888083204
0.004584468901
0.0004152735055
-0.002134755487
0.002498875372
0.005276474636
-0.002163605066
-0.0007721557631
0.0007646073936
0.003629688639
-0.005755226128
0.0001348101505
0.0005052767228
0.001889514388
-0.0007311177324
0.0001731904922
0.001546981395
0.001120837172
-0.001437511644
0.003284819424
0.0004544121621
-0.005395336077
-5.362796219e-05
-0.005792009644
0.0002375113399
0.00199823454
0.001832864014
0.0003463558678
-0.001059118658
-0.0009327094303
0.001218702411
-0.00413088873
-0.0007616815274
-0.00143654726
0.001475678175
-0.0009754912462
-0.0004534096806
0.002161679091
-6.233862223e-05
-0.003371847561
-0.003501199186
-0.001526010921
-0.002683311468
-0.004418347962
-0.0002703476057
0.001873399597
0.001397122513
-0.003196772886
0.001115390449
-0.002797902329
-0.001543458551
-0.02176548913
-0.02156223916
0.02169567905
-0.09836161137
0.06306017935
-0.07215865701
0.1426658481
0.03196067363
-0.05149237067
-0.04087417945
-0.1029353663
-0.09980354458
-0.05096268281
-0.006343474612
-0.1132990494
0.006358526181
-0.04958047345
0.02543962747
0.1022687107
0.08551330119
0.1483728886
-0.1297600716
0.1113891453
-0.02345458604
0.02491901815
-0.02995061502
-0.02991228364
0.01983062923
0.1022285447
-0.1505782157
-0.1483815908
-0.06062806025
-0.04716808721
-0.06968504936
0.06303860247
-0.05680689961
-0.02889174037
-0.07154846191
-0.0152938962
-0.003187596565
-0.01344905514
0.04507274181
0.04059769586
-0.007407204714
0.0143662449
0.03514271602
0.1030332893
-0.09008147568
0.02121989056
0.0317867808
0.02262323163
0.0007002006751
0.02627204917
-0.006942450069
0.06358975172
-0.1032015681
0.01519914437
0.008316459134
0.05096363276
-0.008670244366
0.009031341411
-0.0317267552
-0.1433555633
0.06894023716
-0.03962974623
-0.009219341911
0.1197293252
-0.05910808221
-0.03850531578
0.01490104198
-0.03533988819
0.03864944354
0.07750789821
-0.03576526046
0.02645482682
0.06919584423
-0.03639400378
0.01757920161
0.04389758781
-0.0225212276
-0.03377864882
-0.02249662951
0.05210234597
-0.008724085987
-0.007856775075
-0.00770024024
0.03231165558
-0.03468088061
-0.0234728083
0.01061938144
0.03562536463
0.07944260538
-0.01400483679
-0.05874305964
-0.07679064572
-0.01828240231
0.006519371178
-0.007016608492
0.005926379934
0.05494309217
0.01729622297
-0.0132315224
0.02966315672
0.06574017555
-0.03396593407
0.03802974522
-0.003626085352
-0.02249605581
-0.02155990712
-0.002909770468
-0.009656152688
-0.01493477169
-0.07021632791
-0.01788578182
-0.01077399496
0.02330038883
0.01370769553
-0.01205621567
0.01831613667
0.03064283356
0.06836673617
-0.04393300414
0.02822555415
0.04182773456
0.02783421054
-0.02128742449
0.02911703847
-0.008118689992
-0.08401259035
0.03616214544
0.05946972221
0.02995998599
0.05347571895
0.06471721083
-0.02628122084
0.05687583983
0.01961651631
0.01831385866
-0.02007082663
0.01872230135
-0.05761501566
-0.1131576523
-0.007454637904
-0.03011599556
0.06426812708
0.01080923155
-0.0147860609
0.04979873076
0.03247318044
-0.07965173572
0.07956456393
0.01776170544
0.1066035703
-0.04142654687
0.0088214688
0.1080023572
-0.1184692904
-0.02792731859
0.005979120731
0.03774610907
0.02522863634
-0.0290309079
-0.05407851562
0.04663262889
-0.04324581847
-0.03342347592
0.04750578478
-0.02428358421
0.04811511561
-0.02773263678
0.04794227704
0.020754572
-0.04701959342
0.09421483427
-0.1315113157
0.0422986038
-0.03111520223
0.002163507044
0.05613577366
0.01550152432
-0.1173293963
-0.04469444975
0.01364823617
0.05221864954
-0.01290085632
0.02113717236
0.01136408094
0.03197539598
0.03533116728
-0.04663139954
-0.06845801324
-0.246217683
-0.04350296408
0.008136935532
0.04062226042
0.025096884
0.01101177651
0.04752724618
-0.01305504888
0.0851155296
0.08178176731
0.01652521826
0.03489824757
0.08217377961
-0.002668077126
-0.0383150056
0.04520126805
-0.0106010437
0.03077852167
-0.01062349882
0.07887678593
0.01158186328
-0.03577654436
0.008270964958
-0.05979662016
0.0179247465
0.04191490635
-0.03550355509
0.04925080761
0.1047250479
-0.03572003543
-0.0338961482
-0.01258861739
0.01335823443
-0.0001571637113
-0.007583154831
0.01296854578
0.06944448501
0.01328940224
-0.01981437951
-0.01734007709
0.05029167607
0.01418306027
0.03452660888
-0.03896286339
-0.006048271898
0.02163064852
0.06559652835
-0.04800758883
0.02376255952
-0.08537186682
0.01534849126
-0.03565468639
0.03815666959
-0.07075700909
-0.02314905263
0.02169837803
0.01782177575
0.07193116844
-0.03221349791
0.06967965513
0.02298579924
0.02669612691
-0.01673744991
-0.02957862057
-0.03772263229
-0.01654248871
0.02689002827
0.02538364381
0.02781095356
0.02060547657
-0.001191950636
-0.06073836237
0.06011945009
0.01673761569
-0.01147227921
0.03398263082
-0.125292778
-0.01365373656
-0.02792232856
-0.02246327512
0.006563819479
0.03907876462
0.06613518298
-0.1383950561
-0.09559036046
-0.03352475539
-0.02320173942
0.04127885774
-0.00950667914
0.006249051541
-0.06325265765
0.01823489182
-0.01375448424
-0.077063106
0.1089252308
-0.03605684265
0.02374531887
0.08041290194
-0.03859913722
0.02529216744
-0.04311307892
0.01010107715
0.003125859657
0.02498103119
-0.0372887738
0.009255521931
-0.04916666448
0.1224018782
0.03726055473
0.001642500167
0.06376033276
-0.001251646318
0.05845577642
-0.02791895531
0.04837590456
0.03060499765
-0.008723490871
-0.07129526138
0.05545908213
0.01805510558
0.0053334767
0.005640994292
-0.1150139794
-0.07876682281
0.01584008522
-0.002500482835
-0.07892617583
-0.1183123291
-0.1279991865
0.01172896847
-8.315722516e-05
-0.06584177166
0.03137301654
0.005470412318
0.02407648414
0.01410732884
-0.01599197835
0.01111096516
0.002952250885
0.00918035116
-0.04725639522
0.02167871967
-0.03433800489
-0.05387371778
-0.00618940033
0.07384924591
0.01905401051
-0.05010261387
0.02987743542
-0.003149837954
0.01308719348
-0.09115814418
0.04498122633
0.04565085471
-0.02166122943
0.01941219717
-0.03059168532
-0.01391587406
0.0200354699
0.03627714515
0.003394178813
-0.02938213013
0.01210799161
0.02041512541
-0.07038658857
0.009196793661
0.002324316651
-0.02349461056
-0.03560637683
0.003425039351
0.02040028758
-0.03769502416
-0.002135776216
0.0165152736
0.01866928674
-0.008780420758
0.007243178785
-0.02331514098
0.01445521042
-0.01420614868
-0.006579953246
-0.04380828515
-0.0003003424499
-0.01611736789
-0.02552310191
-0.04456263408
-0.004588172771
-0.02086998895
-0.04308243468
0.00607477827
-0.01240027603
-0.01785934158
-0.01449753344
0.03590986878
0.03417666629
-0.03293582425
0.003533800133
0.006337342784
-0.004901180975
0.01649351604
-0.03035817854
-0.01582433842
-0.06929305941
0.05058984458
-0.04614458606
0.005110976752
0.0208738707
0.0067097391
0.02364054695
0.03179493546
0.004998055752
-0.01568539999
-0.05250034854
0.02905469574
0.02421266772
0.03338992596
0.02496759966
-0.01638703607
0.01061595511
-0.007382802665
-0.02800903097
-0.03378834203
-0.007562290411
-0.05676309392
0.00945524592
0.006646591704
0.003033475485
0.02185898833
-0.03853508085
0.004092938732
0.02110806853
0.002444487764
0.03078678809
-0.003645194927
0.07140197605
-0.04552393779
-0.009099714458
0.0930210948
-0.03349092603
0.03916976973
0.0556967482
0.003955782391
0.02518722601
-0.00430267211
-0.03443778679
0.1188465133
0.02049638145
0.01352874655
-0.03274125978
0.02816853113
0.06074716896
-0.006567553151
-0.03389323875
-0.001331114792
0.02135465853
-0.0643254593
0.1044491753
0.007657405455
-0.01124591846
-0.02030611783
-0.01165819261
0.02757503092
-0.03333381191
0.01239612978
-0.0411099121
-0.03243556246
0.005820757244
-0.01533165295
0.0002837669454
0.001178213861
0.02991081029
-0.0005323780351
-0.002901328728
-0.03343990073
0.004288369324
-0.01854084246
-0.008547628298
0.04131773487
0.01362511236
0.05162644386
-0.02329171821
-0.01734836027
-0.01170087326
-0.0214229729
-0.06165117025
0.003526785877
0.00794438459
0.008691346273
0.006078224164
0.02646418661
-0.01178912167
-0.003177990206
-0.01038877107
0.004328611307
0.003344013356
0.01446560118
0.00855530519
-0.02304585278
-0.007874109782
0.03771098331
-0.009137514047
0.01234909054
-0.02159396932
0.03285620362
-0.01870129071
0.03418961912
-9.032435628e-05
-0.0005304957158
-0.03707635775
0.05184952915
0.01568307169
-0.00592058152
-0.001796547323
0.003562597558
0.005866556894
-0.0323603414
-0.0130856093
-0.0180309955
0.003038042225
-0.02645942569
0.03229624406
0.006939411629
-0.0007683141157
-0.0001612063206
-0.02425644547
0.00624850858
-0.03395195305
0.03928146139
0.03705935553
-0.03203179687
-0.01938083023
-0.02922208607
-0.02921873331
0.08399474621
0.05841106176
-0.009266416542
-0.02197727375
-0.08054270595
0.04334862158
-0.03505812958
0.03226203471
-0.0386550352
0.04469874501
-0.03379611298
-0.05452158675
-0.02211161703
-0.01111262944
0.1020765081
-0.05381565914
0.07130090892
0.03620046377
-0.01861781813
-0.02773272619
-0.02306917682
0.02390095964
0.03542944416
-0.03713490069
-0.001013147063
0.01834787056
0.03927468508
-0.008515662514
0.01253328472
-0.004418975674
0.02248581499
0.006758922711
-0.01895096339
-0.009208220989
-0.01532857399
-0.1154618114
-0.02910659462
-0.00410724571
-0.03328896686
-0.01841267943
0.1595560908
0.02749581635
-0.01141977683
-0.01963519678
-0.1111769006
-0.1003474146
-0.0241925288
-0.01815210097
0.005063391756
-0.08379971981
0.006024881266
-0.1081747487
0.007892085239
0.007126935758
-0.0196724683
-0.001307303784
-0.005671056453
-0.002461264608
0.03851503134
-0.02556970343
-0.03416439891
-0.0137623651
-0.003305306891
-0.08387558907
0.02122472785
0.01478820387
-0.01498823799
-0.04745076597
0.01886750385
-0.004800034221
-0.02580534667
0.02261535637
0.0003295593197
0.002798489295
-0.02264549769
0.02354816347
0.02729127184
0.03049169481
0.00114352454
-0.01401351206
-0.0005090659834
0.04261606187
0.01255218871
-0.01508730929
0.003565657418
0.01214282867
0.0133719109
-0.002120103221
0.04570153356
0.006560526788
-0.005790764
-0.008936647326
0.01446509268
0.02129811235
0.01734172367
0.008519785479
-0.02436463162
-0.03136103973
0.01234005578
-0.008584992029
-0.006974060088
-0.01615352184
0.005219768733
-0.01375541743
0.0196068231
0.01201714296
-0.006534937769
-0.01593079604
-0.04240164533
-0.01028725598
0.005227146205
0.01839340851
0.02396237478
-0.009123857133
0.01916335151
-0.00223738607
-0.006247404963
-0.04231238738
0.04378764704
-0.05195166543
0.01202174742
-0.04728401452
0.07322970033
0.02840202861
-0.02584605105
0.0245411694
-0.08257510513
-0.06326307356
-0.02696341276
-0.04949116707
-0.01115036756
-0.06880103052
-0.1115599647
-0.0375886783
0.1446527243
-0.02949117869
0.1251583695
-0.04275734723
-0.002630789066
0.01579306088
-0.02384411171
-0.02552879043
-0.0833845064
-0.04432318732
0.07946014404
0.02594355121
-0.01011633407
-0.01684555411
0.06432992965
-0.003889471758
0.02194427885
0.04817856103
-0.01287775394
0.09186174721
-0.1674903035
0.004895648919
-0.03518453613
-0.008822402917
0.03949524462
-0.03936853632
0.07805918902
-0.002002923982
0.154318437
-0.08685189486
-0.05112440512
-0.08091565967
0.003142090514
0.06209286675
-0.04129409418
0.06530770659
-0.01603864878
-0.06299081445
0.01176180318
0.01488988008
0.01779136248
0.02465340123
0.06345641613
-0.05422408879
0.06255546957
0.1339695752
-0.01225254592
0.00702412473
0.05550138652
-0.01587809809
-0.007009319961
0.02442132495
0.004972421099
0.034624286
0.07962147146
-0.0003819741833
0.02358160168
0.03589379787
0.008617145941
5.986195174e-05
0.02715444379
-0.01063680835
0.001575522823
-0.02984527126
0.07305197418
0.01332828123
0.03574899584
0.02129267342
-0.02990358882
0.0006789427716
0.01425347384
-0.02958543785
0.04062750936
0.05160424858
-0.007340686861
-0.04425760731
-0.04015641287
0.006273640785
0.004260971677
-0.008370302618
-0.0003249394649
0.06025416404
0.02265819348
-0.006981884595
-0.01438582875
0.01467032358
0.002759393537
0.04640702158
-9.84712824e-05
-0.01133275125
0.002821142087
0.005808733404
0.03114061616
0.002608498558
-0.016879417
-0.01173905842
-0.04138068855
0.02536852099
0.007118113805
0.005343837664
0.001683025504
-0.003159711603
0.05168365315
0.01188289281
0.02961902507
0.03276912123
0.03040224127
-0.004504289944
0.019500833
0.007704248652
0.1587080061
-0.06360903382
-0.01046516281
0.06115017459
0.07245898992
-0.02119263448
-0.04447009414
0.05143209547
0.07168695331
0.0245004613
-0.08195370436
-0.04924628139
0.08603154123
0.009087067097
0.2780866921
-0.08221832663
-0.06173810363
0.006044934504
0.0581134744
0.06009338796
-0.1900533736
0.1085940152
0.03240629286
-0.1088481471
0.01093536243
0.05257043242
0.1520258486
-0.007095481735
-0.1652350575
-0.1138260812
0.03381851315
-0.07137525082
0.01747655496
-0.07052333653
-0.03682780638
-0.02918446064
-0.001295539318
-0.1212028116
0.02005719207
-0.01333023142
-0.02439518087
-0.1161874533
0.08196941763
0.02356534265
-0.06375887245
0.03744025528
-0.04895086959
-0.2917902768
0.08898092806
-0.02305627801
0.007740835659
0.07700233161
0.06401447952
0.04203911126
-0.04021957517
-0.009099030867
-0.1108869463
0.03404640034
0.03681366891
0.07697159052
-0.03960052505
0.07594205439
0.02000184357
-0.08766838163
0.02154469676
0.03017960116
-0.04017773643
0.008308757097
-0.08355033398
-0.01875114068
0.04111131281
-0.01759103499
-0.02568199672
-0.0280806087
0.006661477033
-0.1341632754
0.05017758533
0.02424825169
-0.02295804583
-0.1204266995
0.03809658438
-0.02481553517
-0.02777569368
0.01264247485
-0.04650149867
0.02966417931
-0.02840923145
-0.03569158912
0.04763688147
0.03542151302
0.06379057467
-0.06641945243
-0.008595339954
0.05783229321
0.02301326022
-0.01620254666
-0.03192009404
0.01733046956
-0.02666717023
-0.05444304645
-0.01345105655
0.02456306666
-0.009613020346
-0.01954104565
0.001197936479
0.002591274446
-0.003575297305
0.005258121528
-0.08819326013
-0.04173247889
0.004947749432
0.03349445388
-0.01845294796
-0.03063283861
-0.0009555609431
-0.01040637773
-0.012435521
0.01503118314
-0.06848371029
-0.0238857083
-0.120637767
0.01390850637
-0.09371887147
-0.006736933719
0.02128176764
-0.001480477396
0.06074569747
-0.006434365176
-0.05976257846
0.01244717184
0.09741994739
0.05809542164
0.1046645343
0.07076315582
-0.002960843733
0.04486439377
0.04867741838
-0.01278824918
-0.05536674336
0.03372389451
-0.1071838439
-0.1941474676
-0.06120913103
-0.02871589921
0.09693561494
-0.04798080027
-0.01673961245
-0.09946507215
0.1657139659
-0.1193529293
0.06033474952
-0.03309699893
0.06311040372
-0.03198806196
-0.006439794321
0.1122261956
-0.05935096741
-0.06193939596
-0.04124144092
0.07648202777
0.02248474211
0.008627139032
-0.05449467897
0.1120118424
0.03469733894
0.0222019013
-0.02802676149
-0.0513631478
0.07724329829
-0.0344937779
0.05308052152
-0.02309652045
-0.08284538239
0.0767981261
-0.03363902122
0.1253049672
-0.01894938573
-0.03394588083
-0.006841538474
0.03253790736
-0.18580845
0.01489348989
0.005800170358
0.08048247546
0.01385447197
0.001003799844
-0.02828055061
0.1091199443
0.00838961266
-0.1561777443
-0.02610770613
-0.2041134983
-0.04563600197
0.004642543849
0.0447322093
0.03478934988
0.0506648533
0.05469026789
0.007172371261
0.09267267585
0.1014499962
0.0551889725
0.04279713705
0.09511264414
0.02954866365
-0.05232465267
0.02984945476
0.04173497856
0.06633621454
-0.01869707741
0.09044720232
0.03225398436
-0.01861525513
0.03688776866
-0.09790765494
0.06234693527
0.08024068922
-0.02247655764
0.06529510766
0.1159666553
-0.05568191409
-0.01962814108
-0.002240178408
0.03615129367
0.004095786717
-0.01613978855
0.01520219725
0.07571174204
0.01460244507
-0.02949451283
-0.02150340751
0.02873190492
0.05588970333
0.04938499257
-0.03387084231
0.004297314677
0.04865997285
0.07909096777
-0.03916289657
0.03486631811
-0.07597315311
-0.00921419356
-0.08021225035
0.01153793838
-0.06407029927
-0.02473623492
0.01345980912
0.01667373441
0.06825190783
-0.005911006592
0.1034034491
0.04200919345
0.02226379514
-0.02339278348
-0.0465911068
-0.04438444227
0.02604049258
-0.02957924455
0.01981092244
-0.0341129154
0.01513304934
-0.03092369623
-0.0290785823
0.007382068317
-0.0120718684
0.001781212515
-0.06011119857
-0.03698015586
0.03583532572
0.1159583703
-0.0114156343
-0.03143626079
-0.05305325612
0.01855692454
-0.02449724264
-0.0585019961
-0.02070293203
0.03848149627
0.05266008899
-0.06228910759
-0.02296078764
-0.04183902591
0.1010504887
-0.05879336223
-0.007381321397
0.01670130715
-0.04175852239
0.0003755629587
0.05036307871
0.0378558971
-0.01343707554
-0.01826426387
-0.0174752865
0.03414966911
0.009699437767
0.01442907285
0.001637965674
-0.05365048349
0.05135287717
0.01002489775
0.04349138588
0.05385435
0.0133579988
-0.08296070248
-0.115177922
-0.009124452248
-0.04027572274
0.03108005784
0.01883854717
0.01112376433
-0.02748736367
-0.02433524653
-0.04964156449
-0.1254968941
-0.01679291762
0.05677430704
-0.01105755474
-0.06847184896
-0.02901288122
-0.05154712871
0.02200113051
0.007259105332
-0.004736220464
-0.01038451958
-0.01102910005
-0.007717551664
0.04173114896
-0.0372123085
-0.02797305956
-0.01877519488
-0.005647820421
-0.08026552945
0.02541556768
0.02124417759
-0.02449713834
-0.06090551987
0.02872214094
-0.009468846954
-0.005388915539
0.02168895863
-0.01173292566
0.006866393611
-0.0393419899
0.004750790074
0.05206907913
0.02429529279
0.02384951897
-0.009158393368
-0.005450782366
0.02916707098
0.008465053514
-0.02198775113
-0.01606726274
0.006069456227
0.00561466394
-0.01431167684
0.02648137324
0.001928141341
0.0002146613551
0.005522538908
0.0105988821
0.01869663596
0.01771316119
0.007708770223
-0.03312687576
-0.02420907095
-0.002953352872
-0.002393545117
-0.02035543509
-0.03520413861
-0.00202715653
-0.0224370379
0.009212597273
-0.006541688927
-0.0129930228
-0.01847118698
-0.03221878782
-0.0134712914
0.003313784953
0.01648356579
0.01425021701
-0.01082350872
0.01294342149
-0.002145717619
0.06346318126
-0.001902320539
-0.02970430069
0.01339683589
-0.006937734783
0.02141792141
-0.01626218669
-0.01627206802
-0.03078706563
-0.05647474527
0.05819757655
-0.02949921042
-0.002223702613
0.03908113763
0.01215690747
0.03382181004
0.04795401916
0.01735325158
-0.02964797057
0.06603649259
-0.05504405499
0.0647418946
-0.0393672213
-0.007106469944
-0.0244245287
0.06355815381
-0.03840069473
0.01092843246
-0.01098194066
-0.02045471221
0.0002854044142
0.008898423985
-0.006774531677
-0.03355453163
0.01457624789
-0.0211185813
0.01923924498
-0.01999520883
0.03769027814
0.01825607941
0.005723703187
0.02062601224
-0.01870046929
0.01739079133
-0.00810778141
-0.02019924298
-0.0457665287
0.07247121632
-0.03915974125
0.02534987777
0.02430013381
-0.03900144622
0.08317301422
-0.008952921256
0.005019394215
0.01938416809
0.02024024539
0.0206844192
-0.005329929292
-0.01859187335
-0.003402126953
-0.0478797406
-0.05691220239
-0.04839201644
0.01565113291
-0.003652680432
-0.02759063616
0.01457810029
0.02161880024
-0.007718668785
0.006040285807
-0.01543622185
-0.03526744246
-0.004377584439
-0.01148276869
-0.0195123367
0.004250362515
-0.006953416392
-0.0121041555
0.01385807339
0.003196173813
0.008000116795
-0.03864127398
0.002069728449
-0.01119558979
-0.0004096914199
0.009400348179
-0.01382799167
-0.007964435965
0.01179075614
-0.0150404172
-0.03574642539
-0.000878565188
0.01902879216
0.01601185463
-0.0002828222932
0.008144972846
-0.001203585416
-0.009535053745
-0.03217560798
-0.01761404611
0.005764711648
-0.0005560442805
-0.01255501434
-0.005214194302
-0.01794647053
3.521319741e-05
0.002926113084
0.003952191211
0.001138776774
-0.003426413517
-0.002925371053
0.01300020982
0.002492144704
0.0105900038
-0.01619742811
0.006774585694
0.006052196492
-0.007520885672
-0.003953452222
-0.0459189266
0.008323551156
-0.03170936927
-0.01569206268
-0.007581927814
0.004978238605
-0.006652705371
0.002619455801
