-0.09552901983
0.1408738792
0.19443959
0.04425704852
-0.1806609035
0.09396252036
0.4085653722
0.2244285494
-0.2756763101
-0.2211453319
-0.1523103565
-0.1356960684
-0.08766822517
0.0487630181
-0.2600761354
-0.3785493076
-0.1665359437
-0.1972992271
-0.04562914371
-0.1210830584
0.06017913669
-0.07050554454
-0.4853253067
-0.09982691705
0.0539285019
-0.005278433207
-0.1195353642
0.07467116416
0.01900136657
0.1257923543
-0.1606925875
-0.1689627469
0.3379155397
-0.2753706276
0.00615192391
0.1205576584
0.04241483659
-0.4175947905
-0.3974529207
0.1917344779
-0.3714621663
-0.1849635541
-0.03594422713
-0.2237981856
0.1032771766
0.7457761765
-0.007955507375
-0.07947114855
0.223853752
0.5248833895
0.4358987212
-0.4109714031
0.2400075048
-0.1496126056
0.3193252385
0.05993117765
-0.2321200222
0.02373489179
-0.5313508511
-0.4674601555
-0.1359406263
0.02954174578
0.03572448716
0.3098867238
0.05487166345
-0.1104158163
-0.1122602746
-0.1432486773
-0.04501503333
6.519359158e-05
-0.2084196806
0.02928399481
-0.2025383115
-0.02511996031
0.0122259343
-0.0332675986
0.06913171709
-0.1982228607
0.09920886159
-0.1306912303
-0.2397647351
-0.08003143966
0.06873722374
-0.08017490804
-0.03183511645
0.06901923567
0.1701036692
-0.07609604299
-0.2892554998
-0.2312711775
0.03154233843
-0.006785438396
-0.002360529732
-0.06711318344
0.2312431484
0.01408072654
0.2587772012
0.03051156551
0.3284135461
0.2033739388
-0.1994922012
-0.2774206698
0.1838317215
0.05286210775
-0.07617906481
0.1745889783
-0.06251997501
-0.4312912226
0.004712479655
0.2727335095
0.3049645424
-0.322314024
-0.03546670079
-0.003116642125
-0.1672689319
0.1830377728
-0.2326891422
-0.2104170918
0.1557734609
0.02858599089
-0.225552991
0.2268801183
-0.1360548586
0.00452232454
-0.08979648352
-0.006463396829
-0.312622726
0.03687156737
-0.03491495177
-0.2446467131
0.4560661912
-0.005783881061
0.19011195
0.2332129776
0.0670363158
0.1249106228
-0.1529223621
-0.2063838542
-0.1923372298
-0.06516574323
-0.2550201714
-0.002999983262
-0.2662817836
0.1814718097
0.4122079611
0.02619127929
0.05969998613
0.0923075825
-0.2218450457
0.0953232199
-0.3562690914
-0.09433259815
-0.1716596037
-0.006880658679
0.1428358108
-0.4527276754
-0.1347938478
-0.3800042272
0.04375945404
-0.1749502867
-0.006171753164
0.141960308
0.06392019242
0.09759753942
-0.003017185489
0.001373995678
-0.2158751935
-0.1645286977
-0.048620563
0.06169258803
0.03745560721
-0.233627677
0.02101936191
-0.08607352525
-0.04849067703
0.02015140839
0.1505985856
-0.03551041335
0.07118602842
-0.21893695
-0.007717055269
-0.1200480759
-0.2137575597
0.003119075205
-0.08459980041
0.113607198
0.1724219322
0.1419755369
-0.1002702639
-0.07929588109
-0.1736527085
-0.2110450119
-0.1655670255
-0.2243806571
-0.3337442577
-0.03376644477
0.1388432831
0.2258254141
0.2442441881
-0.4482917488
-0.1332222521
-0.1005624458
-0.06618334353
-0.2650903165
-0.04831749201
0.26931113
-0.02161072567
0.2105251849
0.2285221368
-0.3602642119
0.1337658763
0.1549052447
0.2139498144
0.009234877303
-0.1567146629
0.2413461655
-0.469942838
0.2224301994
0.01798883453
0.06679064035
0.2261027843
0.05833518133
-0.3138014674
-0.09093286842
-0.03376829997
0.09367395192
-0.1472278982
0.01538001932
0.01093074307
0.116853416
0.01812182553
-0.3187701106
-0.0448766388
0.2256977558
-0.09252415597
0.3584240973
0.0537289381
0.005230261944
0.0740250051
-0.2539099455
-0.2490656525
0.1431206912
-0.1520683467
-0.1628336459
-0.116036877
-0.1400204152
0.04936454445
-0.1610784978
0.2652668059
0.1952033341
0.1213487834
0.1304441392
0.1761291027
0.07373354584
0.001964287367
0.1064827964
0.4005914032
-0.2609767616
-0.1635469943
-0.2335798591
0.2320857942
-0.02853874117
0.01760275289
0.3226655722
-0.1141373292
-0.1759477854
0.1892174333
-0.0379425101
0.459389329
-0.4289140701
-0.01454859693
-0.131521523
0.06589332223
0.1736021638
-0.3025721312
-0.05450256169
-0.2466627657
0.07837978005
0.2005856931
-0.1081943512
-0.03499118239
-0.05130663514
0.01016255748
-0.08949232846
-0.07222681493
0.1913084537
0.1061678007
0.3607976437
-0.2761173546
0.119963266
-0.2684756219
-0.185130775
-0.009278196841
-0.05382328853
0.06115810201
-0.1865404844
-0.09420745075
0.0859509334
-0.002257681917
0.1352918297
0.3223923743
-0.08396085352
-0.0316378735
-0.2371356338
-0.08192559332
-0.03129573539
-0.2112545818
0.06380785257
-0.08645864576
-0.4110833108
0.05268385634
-0.2051304132
-0.07925228029
0.7937034965
0.2296149135
-0.0273222737
0.2657881677
-0.04127012193
-0.1460695714
0.05078372359
0.1310516149
-0.228643477
0.1128892899
-0.1000750065
0.3637818098
0.1549478769
-0.0796912238
0.166552797
-0.03261235356
-0.2054823041
0.09517302364
0.01002166048
0.05205989629
-0.2101626694
0.389344871
-0.0024429732
-0.07857203484
-0.1040338948
-0.1429789364
-0.06870664656
-0.1432359666
0.336456418
0.02997451648
-0.05825748667
-0.0008800235228
-0.1986279041
-0.232140407
-0.1118993163
0.0945456028
0.04159067199
0.1486347765
0.1255338639
0.2418096811
0.1594538242
0.07213773578
0.2980300486
0.4198147953
-0.1598949134
-0.05989793688
0.04744913056
0.2050736696
-0.06470865756
-0.004132410511
-0.05512252077
-0.0149786137
-0.2125059664
-0.1986789256
0.5223885179
-0.2394146919
-0.2464886904
0.1481517255
0.2027487159
0.4740585983
-0.1227500215
0.05528402701
0.003200316569
0.006268133409
0.2295381278
0.05270821229
-0.3677526116
-0.1010246053
0.2305196375
0.3713522255
-0.001463511377
-0.03907652944
0.1885526031
0.03428157046
-0.2987246215
-0.34636572
0.3103540242
-0.1468130499
0.0005128567573
-0.1778016239
0.1087724566
-0.1308535784
0.1693699807
0.2007821947
0.008893678896
0.1355693191
0.04386427626
0.2936007679
0.006247491576
-0.3438890278
-0.3556559384
-0.06424158067
-0.2644776702
0.04242817312
-0.2168588787
0.09505683184
0.1956425607
0.1922748089
0.2047633529
0.0621759519
-0.236045137
-0.0128401611
-0.09094858915
-0.09890098125
0.002245712327
-0.01183565706
0.05530549958
-0.05580114946
-0.02094082907
0.0183254201
-0.02441358007
0.05058487877
0.06801217794
0.05284986645
-0.1832994819
0.007341635413
-0.1780126989
-0.02034464851
0.1474865526
-0.04131260514
-0.05448017269
0.03555233777
-0.08004906774
0.1057183966
-0.1100991145
0.1278090775
-0.03124649823
0.1421509683
0.3248206973
-0.111253202
0.04020785168
0.06522589177
0.1290252954
0.112698026
0.1019602865
0.3523124158
0.07675310224
0.04179782048
0.1079117507
0.02048959769
0.1144609824
0.6071221232
-0.2176617533
0.244703427
0.2285285294
-0.01546226721
0.3742485046
-0.1655567586
0.07601518184
0.2586232722
-0.278772831
0.1565306485
0.04760876298
-0.1613996625
-0.0442818217
0.07622282952
-0.3318165541
-0.6855950952
-0.03430824354
-0.2839174569
0.08365000784
-0.1268245131
-0.2922978997
0.04925906658
-0.06752753258
-0.4790965021
-0.3405585289
-0.1452994347
-0.2414812148
-0.08450224996
0.1073785126
-0.04548264667
-0.2595757842
0.2018782347
-0.06224597991
0.0001944785035
-0.07421812415
0.07641980797
-0.3351470232
-0.1481014341
0.1732683927
0.01071446761
-0.06751833856
0.02727903798
0.2285445929
-0.06476838887
-0.1285329908
-0.01527019683
0.3006794155
-0.1535273641
0.301320374
0.1501332819
0.07637576014
-0.01072673593
0.1954989582
-0.3381699026
0.1930135489
0.09359101951
-0.07746065408
