0.01350923534
0.09922806919
0.01043137722
0.0104758339
-0.01585706882
0.02149604075
-0.08818592131
0.05410880223
0.0460793823
0.0351398401
0.001107425662
0.04383017123
-0.09298300743
-0.03627640009
0.004911536351
-0.002890307456
0.05110069364
0.01680310816
0.005296715535
-0.03041273914
-0.07590486109
0.0230216682
0.02970969491
-0.04053742066
0.04216000438
0.01888617128
-0.09090968221
0.0874787271
-0.1041274071
-0.02396179549
0.07761967927
0.007308857515
0.0007625485305
-0.0003317455994
-0.06478051841
0.01520930137
-0.04944336414
-0.01111095119
-0.01306360401
-0.004249836318
0.03726775199
0.0606219545
-0.03503171355
-0.005383823998
-0.02975676209
0.03955698013
-0.09101468325
0.1281143278
0.01711355895
0.07415251434
0.1291887611
-0.005024950951
-0.2224598676
-0.06357190758
0.008926350623
0.01825094968
-0.01304876432
-0.06519190967
0.04253041372
0.04930552095
-0.06017271429
-0.0009415285313
-0.01907351613
-0.01144724339
0.01229250338
0.01476383023
0.01662697271
-0.03668431565
-0.01176752336
0.0323176235
0.009514878504
-0.02214665711
0.05669216067
-0.02737277932
-0.02184185944
0.06421940774
-0.02842581458
0.00350149232
-0.02895524539
0.1161090285
-0.01417540573
0.01781453006
0.02887485549
0.005760346074
0.01655361429
0.03939172253
0.02329403162
0.02631111816
0.03059962951
-0.02071982063
-0.01874362119
0.06859368086
-0.05610384792
0.01095716842
0.01676325314
-0.0331970267
-0.0008828447317
-0.01806368493
0.04191831872
0.07577041537
0.01627627574
-0.01241315529
-0.004251377191
0.01975873671
-0.01076610759
-0.002670828486
0.007704371586
0.004787363578
0.02831997164
0.01509315055
-0.00739506213
0.0005555236712
0.01468132716
0.01822435297
0.01949939691
0.004680812825
-0.006418931298
0.02674917877
0.04065136239
0.03492619097
0.04930450767
-0.01715209708
0.0461458303
0.04912836477
-0.02055628598
-0.01174466871
-0.08569892496
0.02446309663
0.1479876637
0.216603443
0.004401605576
0.2055085003
0.06955184788
0.1323785186
-0.02053418756
-0.104493916
0.01667202264
-0.04095708579
-0.1384743005
0.04300017655
0.0682143271
0.01865948737
0.04576162621
-0.1131236777
0.1717495471
-0.05220419541
-0.1152627021
-0.09478919953
0.03160911798
0.08018251508
-0.09069997817
-0.07134529203
0.1182777509
0.03272440657
-0.1161159202
0.0790220499
-0.2330579609
0.1515609026
0.3523820341
0.09575418383
0.08453414589
0.1103052497
-0.01859586313
-0.06363523006
-0.06523381919
0.009972674772
-0.02906602807
0.00110384787
-0.0403649509
0.2507845759
-0.238451466
0.02424778976
-0.0193909537
-0.073969841
-0.07014975697
0.2427837551
-0.08667303622
0.005800585262
0.1366949826
0.1734310687
-0.009353426285
-0.0564420633
0.1093407944
0.1214534342
-0.06912750751
0.06574420631
0.0780692324
-0.0573130399
-0.1019287184
0.200717032
-0.01164381485
0.08232299984
0.03846847266
0.08183027804
-0.04459991679
0.03757742047
-0.01028478704
-0.02573305927
-0.1289737076
0.08581666648
-0.04960017279
-0.06250918657
0.009846995585
-0.09344433993
0.02309634537
0.05613189563
-0.07511564344
0.02574130893
0.0227789171
0.09060683101
-0.02511573024
0.01369079389
0.004497518763
0.05433619395
0.1013388187
-0.03803690895
-0.0245686993
-0.02595542185
-0.02685589343
0.03957270086
-0.03407511115
-0.01423577033
0.02454381622
0.0518996343
-0.0194883775
0.03654667735
0.02215334028
-0.02688882127
-0.005308789201
0.04077906162
0.04020544887
-0.01762018539
-0.1287513971
-0.03247632086
-0.02099249326
0.02688166127
0.04795217142
0.01400118694
0.05816227198
0.06903594732
-0.02635859139
0.08238963783
-0.03457400575
-0.06446100026
-0.0692461282
0.02310356684
-0.1026615724
0.06535660475
-0.1273633838
-0.06625947356
-0.06913117319
-0.1179900765
0.004183329176
0.04453016818
-0.1233579069
0.07591248304
-0.02681436017
-0.03532938659
-0.02915629558
-0.006551833823
-0.0486366488
0.008325905539
0.03590430319
0.01283028349
-0.08412784338
0.04238181934
0.01288489718
0.01129589509
-0.02685537189
-0.007436741609
-0.08171138167
-0.01672793925
-0.02551805787
0.01148170512
0.08057025075
-0.01000775397
-0.003295497503
-0.06501633674
-0.07770394534
0.0529996641
-0.006001337431
-0.009427584708
-0.03853157535
-0.02388356626
0.08968545496
-0.04371177033
-0.07955915481
-0.002318990417
-0.02402491309
0.0060736835
0.03679143265
-0.03252341226
0.07896286994
-0.01662169583
-0.05547329411
-0.008287012577
0.0001266686886
-0.01838938147
-0.009015209973
0.01174850855
0.1209041104
-0.002839719411
0.02492082305
-0.01031004637
-0.04146990553
-0.04206932336
-0.02554119937
0.08909522742
-0.1984709501
0.03683475032
-0.008357887156
-0.04276994616
-0.006197016221
0.01784499548
0.01779995672
0.03978377208
0.03097409755
-0.01494077221
0.03195525333
-0.008841400966
-0.008113579825
-0.003039981937
-0.009971193969
0.01305405051
0.01072461903
0.02717193589
0.01281951275
-0.007325950544
-0.04330809042
0.01787590235
-0.0004514456668
-0.02169249207
-0.006244780496
0.001428367221
0.0002894511563
-0.0309479665
0.02664187178
-0.006575823762
0.01043928973
-0.0109018553
-0.009623693302
-0.03704904765
-0.01487504877
-0.03259414062
0.008245396428
0.03450439125
0.001165302703
-0.02330109291
0.02179204114
0.006452249363
0.01547779515
0.003654833417
-0.02927511558
0.01480190177
-0.02194372378
-0.01636816934
0.01840745099
-0.00089508784
0.001575960778
0.003151738318
0.02709521912
-0.003994646017
-0.0001961753733
0.01334573887
-0.03641084954
-0.0208483208
0.007461344358
-0.001928704558
-0.01393611263
-0.01140936371
-0.02408477105
0.02531370893
0.01304839086
-0.00244049821
0.002080948092
-0.03054672293
0.005426574033
-0.0003301098186
0.01509503927
0.01441598032
0.02836193331
0.003250686452
0.04585612938
0.01052981801
0.07396374643
-0.03158271685
-0.03699696064
-0.03634531051
-0.04974411055
0.01465809811
0.01013625972
-0.00609722035
-0.02701560035
0.08391675353
0.0002853295882
0.04597616196
-0.01086994261
0.03788739815
-0.01947412081
-0.04804574698
0.01338456292
0.02550963499
0.1277286708
-0.0594112277
0.006424397696
-0.05223943666
-0.07244378328
-0.05582103133
-0.004555653315
0.02322714962
-0.007755253464
-0.03670141101
0.01875625923
0.007315868512
-0.02594122849
0.00473085884
-0.04776554555
-0.02693649195
0.02862734161
0.03246452287
0.04217422009
-0.03776257485
-0.05247982219
0.03252622858
-0.02144144848
0.0008823731914
-0.02506072819
-0.003517352743
-0.01437945943
-0.01687130146
-0.009177464992
0.04797701165
0.009839755483
-0.03371778876
0.01814536192
0.002254363848
-0.03287865222
0.009736786596
-0.005310745444
-0.04444992542
-0.02967125364
-0.01408289466
0.009613563307
0.03429357708
0.01144844946
-0.00968815852
0.02849690802
-0.00676635839
-0.009115315974
0.004296088126
-0.01319403853
-0.02156967856
-0.01707372814
-0.01265683491
0.01412935741
0.01305401884
-0.006481007673
0.002441940363
-0.02064477094
-0.009716205299
-0.01341437921
0.01767342538
0.007648008876
-0.04573240131
-0.007069035899
0.02398060635
0.02981438674
-0.01104523893
0.03824951872
-0.01789635234
0.03012368083
0.007551583927
0.005149392411
0.003498450853
0.01770721748
-0.05283982679
0.01812450215
-0.004746690858
0.003108453006
-0.01318074856
-0.03034666181
0.0126483757
0.03340376914
0.0001081598602
0.03211748973
0.008808931336
0.01208939869
0.009387531318
-0.003563560545
-0.01258179173
0.002976911841
0.006170982029
-0.001802721876
-0.02032316104
0.04510912299
0.00580605492
-0.00450538611
-0.0163784083
-0.03604180366
0.006880280096
0.02428474091
0.02038062736
0.01171071827
-0.01731349714
-0.0002701423946
-0.01502179541
-0.005190498661
-0.02322396636
0.01296016667
-0.01691790856
0.003965419251
0.02373511717
-0.04488731176
0.05315198004
0.03386193886
-0.01969986968
-0.01916868985
-0.04028814659
-0.02246310376
0.03688037768
-0.0007585071144
0.008837429807
0.007797064725
-0.06376890093
-0.05838328227
0.006345865317
-0.03219626099
0.0331043601
0.03215673193
0.01446611062
-0.01902456954
-0.01874099113
-0.04877731577
-0.01880821586
-0.02370815165
-0.04717916623
0.05530110374
0.01691663824
-0.02728099376
0.06254997104
-0.06288722903
0.01757368073
0.0002789736027
-0.006662758533
-0.01893158071
-0.00994967483
-0.01292043366
-0.01251606271
-0.0454338342
-0.05406989157
-0.006582546048
0.04043523595
-0.00496067619
0.01504834183
-0.04590732232
0.004880232736
-0.04623303935
0.02053475752
-0.01611136086
0.089793697
0.01583454013
0.05822714046
0.09807956964
-0.05694492534
-0.1155521274
-0.04474333301
0.04248296842
-0.006552992854
-0.01243150234
0.08070022613
0.0134140756
-0.002173929941
-0.02436388656
-0.05883765966
-0.06349314749
-0.03968460113
-0.01006143354
0.008226287551
0.02089205757
0.01401541289
0.03381510079
0.02134180255
0.00592922233
-0.007864949293
0.03312201798
-0.01918746904
0.008770938031
0.002896700054
0.002735603834
0.0001699076383
-0.02317657322
0.06204967201
-0.007314105518
-0.004417019431
0.006960345898
-0.01944101974
-0.006697020959
0.01360512245
0.0003512532276
-0.0198798161
0.03015213832
0.00225712033
-0.001075101783
0.05582081527
-0.03890926391
0.001187957358
0.02643399686
-0.0106400121
0.006170061417
-0.0213621743
-0.01515778899
0.01419817377
0.01753484085
-0.01859586686
-0.0008660116
0.0242784638
0.0171552673
0.001734560472
0.01838051341
0.007256662939
-0.00753215747
0.01764591224
-0.02601898089
0.005083285272
0.009030323476
0.02801442333
0.003181382548
-0.02134371363
0.0201530084
0.01780827902
-0.004780081101
-0.0004478827177
0.005591011606
-0.005283601116
0.0430230163
0.06159484386
-0.00827197358
-0.019755641
-0.02702304162
0.01483280491
0.03473608941
0.009013291448
-0.02551837638
0.03294067085
-0.0003609290579
0.01652524434
-0.02064983919
0.01142162271
-0.02114658244
0.01643666625
0.006873353384
0.004433634691
0.004178938922
0.0007186684525
-0.003451550845
0.01380701363
0.01352293883
0.003368704813
-0.01579181477
-0.02181021683
-0.008240058087
-0.006401446648
-0.02059944533
-0.007138364483
0.00203913427
0.01370368246
-0.01889256015
0.006489007268
0.0176162757
-0.01248149294
-0.01205796562
0.01354378648
0.0007967278943
-0.006157871336
-0.01053093746
-0.02363973483
0.02654003166
0.007886896841
0.008280209266
-0.01284282189
-0.001531907124
-0.01108360756
-0.01248110831
0.004130515736
0.005434087943
0.01174465287
0.005313342437
0.03451219946
0.0184207093
0.01105145365
0.01644568332
0.04890708998
-0.01997406967
0.02318590507
-0.008655745536
0.001797139412
-0.02847374789
0.02321583033
-0.01378047373
0.02248547226
0.02322501875
-0.007620279212
-0.02680388838
-0.0005415926571
-0.01837083325
-0.001916441484
-0.03560919687
0.02311663888
0.03136187792
0.01435532607
-0.009531123564
0.01225986704
-0.01435988955
0.01024094131
0.01710130833
-0.0186805483
0.009402203374
-0.005282515194
0.001475714729
0.002893976402
0.009616062976
0.00514146965
-0.005487999413
-0.01322615985
-0.01713268645
-0.006971878931
0.01051228121
-0.02330539003
-0.004251253791
-0.005014078692
0.008169260807
-0.01500107069
-0.0008119575796
0.001724339207
0.01575027406
0.02385152318
0.002898470266
0.005864545703
-0.01300654467
-0.01366373245
-0.003765951609
0.002018473111
0.009496305138
-0.005430987105
0.01827031001
-0.01128284261
-0.0150215514
0.003787171561
-0.005152078811
-0.001873677247
-0.01001815312
0.00842377916
-0.008695838042
0.01464574877
-0.02227095328
0.007230156101
-0.004334134515
-0.005931500345
-0.006331149489
-0.009405980818
-0.02543744817
-0.004675670527
-0.006771648303
-0.01630360074
0.01156643406
0.001258839504
0.01847100258
-0.006106730085
-0.0448329486
-0.08124061674
-0.0493757464
0.005295075011
-0.01728225499
0.006833368912
0.0075406041
-0.04118803889
0.01008951664
0.05658627674
-0.07542596012
0.004610382486
0.01431002095
-0.01309658214
-0.05529912561
-0.05133157223
-0.01037919987
-0.01832712442
0.05528194457
0.01537607424
0.01641740277
0.006469628774
0.02368802764
-0.07039579004
-0.03323939815
0.0001479833008
0.05844208598
-0.08926743269
0.06019147113
0.02661951073
-0.01580804028
0.0152009381
0.0004906454124
-0.01099350862
-0.02096343599
0.02829361334
0.0185620226
0.004390442278
0.01245922968
-0.02728942223
-0.04098340869
-0.06477218121
0.01339931879
-0.005944746081
0.003631103318
-0.03331391886
0.020030763
-0.02251817845
0.02541991137
-0.0374962464
-0.06193536893
-0.01059244946
-0.03006994724
-0.02168184519
-0.02765890956
-0.01965979487
0.001126958057
0.07320066541
-0.01084084343
-0.01839596778
-0.00570398476
-0.05190234631
0.03806583956
0.07847805321
0.0001832857524
0.01727319509
-0.06930372864
-0.001833015238
-0.04145439714
-0.04766013473
-0.01578791626
-0.03809007257
-0.01145981811
-0.02382375486
0.001766001573
-0.04336658865
0.002640956314
0.006871700287
-0.09257766604
-0.0371760577
0.008984905668
0.00196255208
-0.07255064696
0.02799628489
0.06821215153
0.003393119667
0.02784677595
0.05123173445
-0.03162052855
0.020520797
-0.002441672841
-0.06094969064
0.05790259689
-0.003852570429
-0.01211435534
0.01302023232
-0.01001205761
0.0204449147
0.04766479507
-0.05047726259
-0.01099299174
0.03125869855
-0.003549732268
-0.05222966522
-0.04487787932
0.007327640895
-0.01598472148
-0.009594117291
0.04582617432
0.002503007418
0.08808912337
0.03019256331
0.02044960298
-0.004514907952
-0.0248103179
0.02354286239
0.002500035102
0.03424263746
-0.04694583267
-0.0002647631045
-0.07583574206
0.02563978918
-0.08417388797
-0.06270177662
-0.009730136022
0.01616146788
0.03765916452
0.025580924
-0.08367355168
0.06597930193
0.0579774864
-0.04744775593
0.01332518272
-0.03694014624
-0.01551582292
0.0082452856
0.08718316257
-0.05461304262
0.1270351708
0.08652798086
-0.03082172014
-0.02143130079
-0.01037541032
0.06209920347
-0.03354245052
0.0016843708
0.02418061905
-0.06126734987
0.07215990871
-0.09104823321
-0.00299832155
0.1184091642
0.04320049658
-0.0591137372
-0.06565035135
0.1564227343
0.01295462251
-0.02377454937
-0.02486850135
-0.01489726268
0.0271345973
-0.004078743048
0.0535434708
0.08508364111
0.01288034115
-0.05623770133
-0.06571114063
0.08480142802
0.09920638055
0.0640444085
-0.03360977024
-0.04847316071
-0.04318720102
0.05040839687
-0.07277748734
0.04536747932
-0.1172660887
0.03384243697
-0.01613050699
-0.09767239541
-0.0768853724
-0.01458903681
0.1179190651
0.03277868405
-0.04035069048
-0.1711224318
0.1451293826
-0.01796163246
-0.02601006255
-0.09272959083
-0.00617630966
-0.1872489005
-0.01071603596
0.004319890868
0.08840678632
-0.04746416211
-0.02703674138
0.01876281202
0.04365083203
0.008479875512
0.08963166177
0.03334262222
0.006794821005
0.1376928836
-0.007764640264
0.01071616076
0.005767374765
0.09263630956
-0.02491905726
-0.01657108031
0.01927949302
0.03413021937
0.01872391813
0.004859758075
-0.01145246252
0.02448064275
0.05056284368
-0.01917004772
-0.008511285298
0.09712159634
-0.0273285117
0.02057857811
-0.001780113205
-0.02330042049
-0.02925169095
-0.03351711109
-0.02109338716
0.1266258955
0.02153871395
-0.037292514
-0.008980725892
0.07083553076
-0.00904964935
0.04158286378
0.05175887793
-0.004197250586
0.008513697423
0.01485029515
-0.01058536861
-0.01791976206
-0.006753025111
0.01582628861
0.06315463781
0.01433119178
0.01568088681
0.02444770746
-0.001803317806
0.02287185937
0.08459270746
-0.02519693971
0.08892274648
0.04567048699
-0.007543060929
-0.02958450653
-0.05467909575
0.02734759077
-0.08521831781
-0.08263225853
0.1793766916
-0.02985961549
-0.03844115883
-0.09380612522
0.06275833398
0.08444663137
-0.09518479556
-0.0222211089
-0.07864031196
-0.1884985417
0.1096589342
7.228567847e-05
0.1077220961
0.01570409536
-0.2118040621
0.005562045611
0.02019803226
0.04314139113
-0.01259237155
0.0001325555641
0.01440027822
0.06784697622
-0.03759181127
0.03889959678
0.1042322218
0.009848562069
0.01299682446
0.133344844
0.1298010796
-0.06669540703
-0.04233384877
-0.04704323784
-0.007413883694
-0.02969479375
0.02275054529
-0.08166734129
-0.01944644004
-0.01182314102
0.1264471859
-0.08029361069
0.1164892688
0.001552861882
0.03293884173
-0.06177249923
0.01982448064
-0.2489134073
-0.1032009125
-0.07759416103
-0.03309204057
-0.06860684603
-0.1216037646
0.02870156989
0.04679666832
-0.08004895598
-0.03813153133
-0.1279980391
0.04885941371
0.006662714295
0.09802495688
0.0150471488
0.04417399317
-0.0990267843
0.02884847485
-0.03108545579
0.03875343129
0.03821676224
0.04263435304
0.0510250479
0.09150669724
-0.03199816495
0.001796222641
0.008310524747
-0.03486994654
-0.06135281548
0.02662849799
0.04681029171
0.0009913690155
0.004782070871
-0.004132908769
-0.04591996595
-0.06696540862
-0.001251698821
-0.05744812638
0.02002192661
-0.106045194
-0.001661999151
0.02484022267
0.03602700308
0.07130440325
0.06007895246
0.02109508216
0.02532132715
0.02381239273
-0.04080293328
0.007457935251
0.003360614413
-0.09396020323
-0.02635245025
0.02987766638
-0.03422207385
0.01341481041
0.08001646399
0.06299078465
0.01060099434
0.03277514502
0.008909674361
-0.05218095332
-0.01105492003
-0.1114830375
-0.07769821584
-0.04424978048
-0.02982972935
0.05156339705
0.05579642579
0.09035328031
-0.04929568991
-0.02779341862
-0.02677084319
0.05145613104
-0.01944488101
0.009150373749
0.05839672685
0.03343456239
0.001629948383
0.07390254736
0.04576279595
0.02370088547
-0.0007064133533
-0.005381584167
0.02077024058
-0.02069903538
-0.009734460153
0.02014584094
0.0005164354225
-0.03150061145
0.01517311484
-0.02357332222
0.02746854536
0.03640213236
0.03567073867
-0.03133640811
0.005656484514
-0.03196673095
0.002792545361
0.004466071259
0.03548657522
-0.05278468505
-0.02214111947
0.02028370276
-0.03017730452
0.01943206787
0.02121490985
-0.01267102268
0.02029761299
0.0358979851
-0.004258394241
-0.009266498499
0.004124664702
-0.02126292512
-0.02345765196
0.00898262579
-0.03153778613
0.01608587243
-0.03659141064
0.07022336125
-0.0066267699
0.02174890228
-0.04805735871
6.494281115e-05
0.01247498393
-0.02772412635
-0.005348748527
-0.03603263944
0.01126352977
0.01184614189
-0.0007848671521
0.002149416367
0.01040180866
0.04992428795
-0.02997532301
0.0009746940923
0.006776817143
-0.06025488302
0.006732094102
0.006679351442
0.0003607331309
0.00963946525
-0.05445361882
-0.02843005024
-0.04349008203
-0.01381916367
0.004446686246
-0.01702142507
0.03236794844
0.05222864076
0.01625565626
0.008689366281
-0.001695191953
-0.007283130661
-0.009553066455
0.02316499688
-0.0540326871
0.01294399984
0.0001365704957
-0.009421659634
-0.00292168255
0.008469284512
-0.00885168463
-0.021767281
-0.00471760612
0.007394750603
-0.009237506427
0.006476479582
0.002714586211
0.0004877949541
0.01634372398
0.01725148037
0.01221868396
0.006069327705
0.007040923927
0.01685130969
0.02345491387
0.0008347936673
0.01246474963
-0.01382830273
-0.02996178158
0.005480183288
0.008249118924
0.001897661015
-0.003008422442
0.03863338009
0.006555344909
0.008759766817
0.016620107
-0.01443372294
0.005163506139
0.006454552058
0.01010649651
-0.0090329675
0.02393448912
-0.01640516147
0.0001588432497
0.01914440095
-0.00292759086
-0.002478982322
-0.02128575929
-0.03473524749
0.01007132977
-0.003183330875
-0.01017101202
0.01316939387
-0.003387889126
0.03599819541
-0.009414765984
-0.03456821293
-0.03882687166
-0.02328290977
0.04386413842
-0.001510720118
0.0339050889
0.0159383025
-0.01446804125
0.1196386516
-0.06305668503
0.08847172558
-0.04398963973
-0.04540366307
0.1339600831
-0.01737872139
0.08625850827
-0.002053060802
-0.09153907746
-0.07644008845
-0.057279028
0.04992569983
0.05014024302
0.178989768
0.0989291966
-0.03032226302
-0.09921648353
0.3631483614
0.02766847052
-0.08723255992
-0.03750563785
-0.01253030077
0.009292851202
0.09075499326
-0.04929409549
-0.004561741371
-0.001394593157
-0.1278078109
-0.1204666123
0.03948825225
-0.01101500914
0.07601380348
-0.05904034153
0.04965893179
-0.0371700041
0.09134211391
0.08192229271
0.02180062793
-0.06399367005
0.05776645243
-0.008926361799
-0.0579030849
-0.06304977834
0.2047499716
0.07661211491
-0.009234078228
0.05000896007
0.1128111854
-0.08007574826
-0.04490409791
-0.08166521043
-0.002201412339
0.06455628574
0.06307126582
0.2136494666
-0.006514695939
-0.01773520745
0.01337576564
-0.02733879164
-0.01342398394
-0.0002023099805
0.007579385769
0.04234936461
-0.01709598303
0.03107087687
0.006768276449
0.0811638087
0.0008810246945
-0.08446639776
0.005401205271
0.0238431301
0.01244501583
-0.03059209883
0.04927765951
0.01003146358
-0.01479272172
-0.03650524095
-0.05697979778
-0.02854285762
-0.01885825396
0.01055640914
-0.04897964746
-0.01524555683
-0.03675645962
0.02846250124
0.007123619784
0.01609895378
-0.01402922627
-0.008085160516
0.02157512307
0.003684407799
-0.0144428201
0.006672040094
-0.05220147222
-0.05219982564
0.04587486014
-8.27094118e-05
-0.04439128935
-0.01463891566
0.003787282389
-0.03313810006
-0.06083795428
-0.02523316629
0.04630900919
0.0268081855
0.02624563687
-0.02993025072
-0.02423678339
-0.02919805236
0.05491493642
-0.002992160153
0.04659724608
0.06158418581
0.01917562634
0.09025681764
-0.03433271125
0.04186787829
0.01036294177
-0.04002747312
0.234907493
0.1986546069
-0.01079849061
0.1305992305
-0.006964716129
-0.03515819833
-0.0597486645
-0.03198144957
-0.01559751667
-0.09453094751
0.006448735949
0.002159283729
0.02622566372
0.1536881328
0.262555778
0.07888738811
0.09567779303
-0.01164455432
-0.2260084301
-0.03445251659
-0.06377846748
0.07017144561
0.003046975238
0.09814116359
0.0325243324
0.1033125073
0.01905860566
-0.02479368262
-0.1634034663
-0.04603765532
0.2431928515
0.01180779375
0.04891628399
0.05923993513
0.05051923171
0.006708915345
-0.04256632179
0.08533744514
-0.04677713662
0.03128882498
0.0172770042
-0.0481059663
-0.07707375288
0.04144065455
0.09867010266
-0.005576817319
0.0338832289
-0.02017136477
0.1492613554
0.01602972671
0.08008231223
0.02513665333
0.1718001962
-0.04059587047
0.09538660944
0.1051845178
-0.07676276565
-0.1483576298
0.09493064135
0.06357693672
-0.002724941587
0.1505419612
0.03919049725
0.08352773637
-0.02107942104
-0.01448502578
-0.02870643698
0.007799275219
0.06889357418
-0.01414584648
-0.004257196561
0.08305823803
-0.02252235822
0.06055311859
0.01139602158
-0.03845131397
0.02919458784
-0.03447973728
0.006115710363
0.02926341072
-0.02109686658
0.03698241711
-0.003978617955
-0.02129598521
0.01420406159
-0.01779113151
0.006582100876
0.00814902503
-0.01688153297
-0.03175146505
-0.02298989706
-0.01480295509
0.0004844014184
0.01731931418
0.0545483008
0.02048906125
0.03515301272
-0.01608348824
0.0431384109
-0.009332405403
0.06357539445
-0.003446351504
-0.003992686048
9.255447367e-06
0.0076996875
-0.02916871384
-0.0355473794
0.00544802472
0.01853548735
-0.03062157892
-0.03979678825
-0.04804170877
0.02350290678
0.04865228385
0.003757685889
-0.03528878465
-0.01990193687
-0.04410201684
0.08806960285
-8.651499229e-05
0.03950012848
-0.002994776005
0.01705501787
-0.06814941764
0.001973131672
0.0205985494
-0.03091212921
0.01349623036
0.2093909532
-0.0815217644
0.01150001027
0.1382470578
-0.0926361233
0.07296939194
-0.002908997005
-0.02944388613
-0.1329984069
0.1150463223
-0.04654699191
-0.1133189648
-0.02765310742
0.09245782346
0.07642687857
-0.1076193228
0.06570598483
0.05457213521
0.04195898026
0.01956466213
-0.3046498299
0.03959788382
-0.0502574183
-0.06420956552
0.06442838907
0.145814389
-0.02235828899
0.07004205137
-0.110950537
0.1268551052
0.1596412063
0.04834976792
-0.1010130867
0.02673026919
-0.04518483952
0.07160997391
-0.08482858539
-0.1348537207
-0.07129736245
0.0006205266109
0.1244158596
-0.06101395935
-0.007393872365
0.06062370539
-0.06700804085
-0.06670906395
0.1255145967
0.1424019486
0.02372134477
0.04100014269
0.08732808381
-0.1545296758
0.3802760839
-0.03759153187
-0.06235557795
-0.07048612088
-0.08840078861
0.1072554961
-0.07467161119
-0.1072843522
0.01473831479
0.02796601318
0.06294835359
-0.01156998705
0.01232573763
0.07151350379
-0.06696539372
0.05783563107
0.01675610244
-0.02115666866
-0.06674133986
0.01810272597
-0.03894033283
0.06326891482
0.003555288771
0.04470682517
0.01713862084
0.007650850341
-0.0670664385
-0.03238825873
-0.004001486115
0.03483143821
-0.02586292848
-0.02492794767
-0.01619215868
0.02014307305
0.08301384747
0.001539659337
-0.02155290544
0.01689277403
0.005932800006
0.0011704996
-0.0445844084
0.004407592118
0.02338756248
0.01236005779
0.008926250041
0.02847066708
0.04433693737
-0.1151273251
-0.003309098538
0.03992807493
0.01270153187
-0.02068173699
-0.005463571288
-0.04445935786
-0.01365153864
0.01617433876
-0.001249348745
0.01110191178
0.03672538325
0.07644049078
0.004687177483
0.05601635203
-0.05073586479
-0.0705377385
-0.02613224089
0.0005093787331
-0.07279670238
0.01713744178
-0.08568949997
-0.0005678069429
-0.009381628595
-0.0400031507
0.01441050693
0.01429744903
-0.03163746744
-0.02133810148
0.1718241423
0.05764421821
-0.01179874595
0.06267037988
0.0007614546921
0.007409552578
0.02110502496
0.006669965107
-0.00874298811
0.07259353995
-0.04656948522
-0.05778785795
0.01794390939
-0.006739502773
0.1192461103
-0.0149827078
0.08992484212
0.03779534623
-0.01813493669
-0.03167435527
-0.1393739134
0.02405549586
0.01875173301
-0.05020387843
0.0010492031
0.1019132063
-0.006977415644
0.0150445085
0.07111619413
0.004373862874
0.1185888797
0.02158684842
-0.04737696424
-0.05854959786
-0.06935574114
0.02719071135
-0.04381174967
-0.04731084406
0.06575681269
0.004480995238
-0.05408262461
-0.03675912321
0.02324646898
0.02386866882
-0.03690223023
-0.006933481432
0.002865373623
0.06960353255
0.04696637392
0.03353475407
0.08797250688
-0.04064580798
0.1937981546
-0.006317360792
0.000652255665
0.02382595651
-0.003726720344
-0.1503767371
-0.02416521683
-0.02940250561
-0.04959485307
0.1165650934
0.0009952567052
-0.03857546672
-0.01127113309
0.001454571029
-0.02823711745
-0.003686706768
0.0417079404
-0.01374852657
-0.001038836665
0.03899056837
-0.02241729945
0.02417557128
-0.001060133334
-0.006170907058
0.004874248058
-0.005040708464
0.03218856454
-0.01411658898
-0.01460238919
0.03229514137
0.01721801236
-0.02373950928
0.03462807834
0.005199193023
0.04943597317
0.02578426525
-0.0100736646
0.006707595196
0.002143014455
0.01060120855
-0.006526670884
0.01242082566
0.02635528147
0.003076436231
0.01337991748
0.003947657533
0.05532177538
-0.02629331872
0.02719792351
0.0141226314
0.01402862184
0.01200753544
0.02994361892
-0.02682242915
-0.01331162639
0.01217654534
0.01705316268
-0.01677741483
0.02724117227
0.002485795645
0.01671216637
0.01007225923
-0.02876467071
-0.03981316835
-0.00162324449
0.005577561446
0.05572417006
0.002308095573
-0.01452985872
-4.768254803e-05
-0.009920892306
-0.01577866636
-1.891759894e-05
0.0006486172788
-0.005470004864
-0.01025690511
0.06490843743
0.01200818829
-0.06631557643
0.09923294187
-0.1033632085
0.1267092079
-0.0484938547
-0.04101704806
-0.0116887521
0.08695834875
-0.08396526426
-0.003880348522
0.05082763731
0.03156780452
0.1371734887
-0.01521295588
0.07694280148
0.0002056758967
-0.1086882874
-0.06013955548
-0.1958567053
0.08741268516
-0.006424100604
-0.06658421457
0.05712852627
0.04033344984
0.1509696096
0.003701225389
0.01707267761
0.1019522697
0.1421886235
0.02268999256
-0.004395179451
0.0642952919
0.01964351349
-0.07286278903
-0.1156389937
-0.002170047257
-0.1067419946
-0.02679817379
0.09409555793
-0.1452679485
-0.1350276172
0.06440299004
-0.02451056428
-0.02016179636
0.09061668813
-0.0437307097
0.2424628288
-0.01373331714
0.02331184968
-0.00820102077
0.1864809245
-0.07303666323
-0.1215763614
0.007103275508
0.006595760118
0.02445682883
-0.1443344206
-0.1239849925
-0.01977086812
0.1083225012
0.1240232512
0.1443820745
0.02660181001
0.04055510089
-0.1693462431
0.07187014818
0.008549406193
-0.007907483727
-0.05462468415
-0.05320362002
-0.1007449925
-0.08713019639
0.04324331135
-0.05142616853
0.05826225132
-0.005593584385
-0.1495761275
-0.01006867643
0.02903713658
0.02595138177
-0.1326393783
-0.00399093423
0.01304463949
0.04719934985
0.06709618866
0.03864279017
-0.06469984353
0.0163673386
0.005540646613
-0.04391249642
-0.00552549446
-0.006313701626
0.02690901048
0.04406837374
0.006011445541
0.04253423214
0.04506417364
-0.1556488425
-0.00829943642
0.05637715384
-0.003044839017
-0.06238985062
-0.03092725016
-0.04269231856
-0.008603518829
-0.01041784883
0.008833105676
-0.0006207668921
0.04525747523
0.08368901908
0.01155094337
0.05657313392
-0.01769794896
-0.02402046137
-0.004890538752
0.005801161285
-0.1074611619
0.02791818231
-0.1605053544
0.05838730931
-0.09421597421
-0.09861941636
-0.001177580329
0.08469544351
0.04439841583
0.01001367066
0.161771208
0.1218985394
-0.02089123614
0.09561832994
-0.005178628955
0.001300415373
-0.05379238725
-0.04065144062
0.01178822946
-0.1072384417
0.09646816552
0.05146563426
-0.01981133781
0.01077577285
0.06771022826
0.14992024
0.1772866845
0.04203898087
-0.1314892471
0.1600496173
-0.1454675049
0.05674721301
-0.04461378977
0.0830494687
0.08090731502
0.06352743506
-0.02263126522
0.1023756638
0.1182233542
-0.01683127508
0.1249298006
0.0352303721
0.06802658737
0.04504431412
-0.000933436444
-0.06313789636
-0.1330641508
-0.02998472005
-0.1361068785
-0.0127736656
-0.0291768536
0.02786348015
-0.04974562302
0.03259154037
0.01052978542
0.01338714454
-0.07804182172
0.1495561302
-0.01244580466
0.0520253405
0.1071684435
-0.09340457618
0.1597738713
-0.1060491279
0.06458497047
0.04548066109
-0.024674505
-0.1396462321
-0.0437643379
-0.01551821921
-0.09955074638
-0.1444421113
-0.1253022552
0.1628054827
-0.01623607799
-0.01796761714
0.01991114579
-0.0338463597
0.06367548555
0.004517237656
0.002986009466
-0.02088540047
-0.02489573136
0.06757245213
0.01337417029
0.01344694011
-0.003692748956
-0.04698023945
0.00777455559
-0.04484842345
-0.004401144106
0.04607517645
0.04201319441
-0.02212726884
0.03660136834
0.008260500617
0.01822857372
-0.006010479759
-0.0009403768927
-0.0223630257
-0.03793500736
-0.03583827987
-0.006599177606
0.02473700605
0.05483775958
0.02028675936
-0.0288636405
-0.01468143146
0.04424292967
0.005286056083
0.03831964359
-9.65937943e-05
0.001357490662
0.003678304376
0.04558711126
-0.02365730517
-0.03801262751
0.01107959356
0.04657856748
-0.02702146769
-0.01752348803
-0.04459074512
0.0342912972
0.04552316666
-0.006870514248
-0.04014821723
0.001053991378
-0.007130165584
-0.04249241203
-0.004190699663
0.02102728002
-0.01145693008
-0.06134784594
0.09521859139
-0.001477876678
0.009949818254
-0.0499606058
-0.01784988306
0.05151537433
-0.06906942278
-0.02198295482
0.04180467129
-0.03932475671
0.01841391437
-0.08424901962
-0.01202551182
-0.1406383812
0.07370720059
-0.01066225208
-0.02504582703
-0.01040820777
0.04506462067
-0.185760051
-0.004890911281
-0.03564755619
-0.01188319549
0.03334018216
-0.008232925087
-0.05924770236
0.03422705084
0.04239645973
0.05812335014
-0.007450562436
0.002419548575
0.09670318663
0.0438693054
0.02549733035
-0.01526547689
-0.1461416036
-0.01523942407
0.07599299401
-0.03834351152
-0.0343859531
0.03290430456
0.04129629582
0.009419552982
-0.02319079265
-0.02897334285
-0.022858629
-0.09973908961
-0.07616007328
0.0438021794
0.0166521538
0.02109410614
-0.05786177516
-0.06803589314
-0.008323893882
0.009368258528
-0.02308249101
-0.004470560234
0.02789205126
0.04202128574
-0.06147665158
0.002904467518
0.04860444739
0.08720657229
-0.002393895295
0.01013632305
-0.006621566601
-0.05736972764
-0.07505659759
0.08555313945
0.002399482299
-0.003809656482
-0.006954039913
0.04871694371
0.004884169437
0.02419142425
-0.01372785214
0.02262862213
-0.04992812872
0.06757434458
0.03776423261
0.05991473421
0.004897250328
-0.007711448241
0.00176983187
0.01151605137
0.03996991366
-0.04372778535
-0.01426355075
-0.01442554593
-0.02464472689
-0.01538396347
-0.02198399976
-0.02714927681
-0.01600044966
0.0450999029
-0.005790205207
-0.01122864056
0.01029504184
0.003139033681
0.002306062263
0.0230471734
0.01376838889
0.01872984506
-0.04300213605
0.009196101688
-0.02580045536
0.00141243916
-0.01730011031
-0.05158690736
0.02917060815
-0.02193512954
-0.02182088234
0.002332149539
-0.02986317687
0.002702204045
0.009975420311
0.01414908096
0.005659370683
0.004101377446
-0.01948139817
0.01703187637
0.01516074501
-0.01425464451
-0.02808375843
-0.03385077789
-0.03396270424
0.0377712138
0.01650941372
0.0179272797
0.0121974973
0.01688929461
0.06917531043
0.03450038657
-0.001935630455
0.03649462759
-0.01096385997
0.008995884098
-0.04841266945
-0.008671082556
0.003921112511
0.01064451318
-0.0318576619
-0.01076802984
0.0005064288271
-0.013177922
-0.03306373209
0.01071726065
-0.0001185743458
-0.01817859896
0.02083385736
0.02940542996
0.06843171269
-0.01076302398
-0.03511775658
-0.03886191174
-0.04591440409
-0.04317734763
0.0494297035
0.03770742565
-0.0307785999
0.03801262379
-0.01818935573
0.01480621286
0.001512946095
0.005123170093
-0.03830161318
-0.02510922402
-0.01408870518
-0.01736680046
0.007553808857
-0.00538834976
-0.0004153753689
0.0602193512
-0.009675140493
-0.0133296242
-0.05974020436
0.0178718511
-0.01455166191
-0.0101014385
-0.04583845288
0.1041532904
0.0345477052
-0.001799366786
0.0804309994
-0.00866345223
-0.05991574749
-0.02862937935
0.008500224911
-0.005607984029
-0.03387194499
-0.005430331919
-0.01187258773
0.01240056846
0.007727647666
-0.03812087327
-0.04820391163
-0.01961243711
-0.02023606747
0.002953341231
-0.006751526613
0.01983634755
0.0587128289
0.02030587755
0.02121840417
0.003670318751
0.02315299027
-0.00300564291
0.001975559397
-0.03416332975
-0.001579880132
-0.0002133807284
0.001618859242
0.01922293939
-0.0115105547
0.01959273033
0.02064670809
-0.04000548273
0.01261994801
-0.01759308018
0.024436621
-0.03358120471
0.01137481909
-0.007075546775
0.02497020178
-0.01290371548
-0.01896115765
0.004117640667
0.03184163198
0.006084873807
-0.01286410168
-0.003656403394
-0.0107762916
-0.001354315551
0.02968112566
-0.00494360365
0.01698966697
0.02928255871
0.03077256493
-0.01938223466
0.02211781219
0.02777838893
-0.015216575
-0.001144296955
-0.004874906503
0.005287550855
-0.003691116814
0.01332212146
-0.04445756972
-0.01957414113
0.03854200616
0.01332557853
0.0003206662368
-0.02449187078
-0.01136969496
-0.002287847223
0.03690905496
-0.01196752675
0.01076471247
-0.02877847292
0.005438446067
0.01146166958
0.1794715822
0.07874985039
-0.05992856622
0.0525540188
0.004265171476
0.04087908566
-0.04346266761
-0.001485640532
0.0298650302
-0.003930911887
0.04730919003
0.03967222571
-0.04023487493
-0.01378521044
0.09502606839
-0.0279121343
0.1002156287
0.01836142316
-0.06159405783
-0.01609910652
0.01772245951
-0.01173056848
-0.0288846679
0.08181926608
0.02736262605
0.0141804507
-0.03826553747
0.00304388185
-0.1486235112
-0.05262575671
0.1519874781
0.0283435639
-0.02813616022
0.1012932733
-0.04300257564
-0.05339093879
-0.04130002856
0.02335496619
-0.06054885685
-0.006755479611
-0.02416065894
0.1318740696
-0.03828664497
-0.008561654948
-0.09323658049
-0.03288943321
0.07482824475
0.102736339
-0.1045683995
0.1021153852
0.09848438948
0.02658458613
0.0841018185
-0.03376852348
-0.01587875187
0.03137756139
0.00616729958
-0.1062605232
-0.04602022842
0.006754348986
-0.02510900609
0.1954022944
0.0303889811
-0.02271623537
0.003043188015
0.007833216339
-0.03059218079
-0.01637797803
-0.01007632539
0.0001288443164
-0.04092388228
0.006166249979
0.001841791673
-0.03092520684
0.001671271748
-0.02582043596
0.0005465790746
0.00424250029
-0.02037871815
-0.009320267476
-0.005009420216
0.0419011116
0.02102035657
-0.01198142488
-0.01496444736
0.0304093156
0.02925742976
-0.0227565933
-0.005115793552
-0.03879652172
-0.01427805051
-0.01907651685
-0.0229612086
-0.001375736203
0.02088996582
0.004977274686
0.0135892611
-0.008119164035
0.01525031962
-0.001954004867
-0.01531461626
0.009145327844
0.02629907243
0.001614151523
-0.03511520475
-0.01876821369
-0.01849239878
0.001481926884
0.02791824192
0.006593312137
-0.007475422695
0.0112156719
-0.0005378042115
0.02323563956
-0.004459894262
-0.03408481926
-0.04120149091
0.003055960871
-0.03176695481
0.03785766289
-0.06223790348
-0.04391549155
-0.03867541626
0.004995893687
0.000683352584
0.01473408565
-0.05328469351
-0.005375918467
-0.08765186369
-0.01961271651
0.001674402971
-0.07720699906
0.002330551622
0.007457239553
-0.01242961735
0.01185613591
0.01871490851
-0.001874836977
-0.01406764798
0.02779507637
0.06456749886
0.1959547102
-0.1469563991
0.007054666989
-0.05425461754
-0.02763866261
-0.04735379294
-0.05458021536
-0.01077559032
0.03802794218
0.01643946953
-0.07941009104
-0.02095999755
-0.05139831826
0.0474662818
-0.03052078746
-0.07624767721
-0.03819747269
-0.104275994
-0.007572838571
0.1081929281
-0.02234437503
-0.06192042679
-0.01596353389
-0.02849374712
-0.1211569756
-0.08342818916
-0.002451814245
-0.01846188493
-0.00928765256
0.07601436973
0.007195546757
-0.03581207246
0.0905507803
-0.007309513632
-0.03768921271
-0.1136797592
0.02067172155
-0.03377641737
-0.01982612908
-0.04694619775
-0.07037036121
-0.02120253257
-0.07259076834
0.01049060374
-0.1841603965
0.01309733838
-0.008226254955
0.002532914514
0.02752016671
-0.006625059992
0.04673225433
0.0135941105
0.004495223984
0.01296184119
0.02435021102
0.002509755315
0.02766524814
-0.03393252194
-0.02161728963
-0.008305246942
-0.002757818904
0.0349438861
-0.03644428775
-0.005602219142
0.006342106033
-0.08251032978
-0.0368895568
0.02543878742
-0.0391346626
-0.09852711111
-0.0003773182398
-0.07696021348
-0.01449614391
-0.03291456401
-0.0958878994
0.001855573617
-0.00435291091
0.03948273137
0.011321445
0.009332134388
-0.01068903692
-0.008155375719
0.02477718703
-0.0303149391
0.007498434745
-0.08676100522
-0.03759069368
-0.05838227272
-0.0002662094776
-0.001338204136
0.007009988185
-0.007956775837
0.01384778321
0.0181532912
-0.0005561373546
-0.06405524909
0.04086704925
-0.05786352232
0.01933261938
-0.02182385512
0.01509106997
0.01309378818
0.02252646908
-0.01558259502
-0.01528877206
-0.04618188739
-0.025287183
-0.07439771295
-0.006443704944
0.04200539365
-0.04122447222
0.006096940953
-0.000486851437
0.03237443045
0.01868877001
-0.1500890255
0.07735684514
-0.05298979208
0.02314254455
0.02062339149
0.06063521281
-0.09054262936
-0.04319136217
0.09161839634
-0.1474415213
0.0999455899
-0.01206542086
0.001249000314
0.01814187132
0.001887100516
0.03814255074
0.07973538339
-0.02368559875
-0.00453897845
-0.003007590538
0.1658541858
0.07981114089
0.01485017221
0.03436173871
-0.0140220169
-0.04981607944
-0.009398329072
0.008484391496
0.07253408432
-0.1194262952
-0.0532421656
-0.00698158145
0.09530257434
0.01333910506
-0.08548651636
-0.0580467172
-0.05791180581
-0.009091538377
-0.1137085408
0.03650376201
0.03769496828
0.1348065436
0.001864947029
-0.0502640754
0.08599172533
0.02942002565
0.04324188456
0.04968814924
0.07308983803
0.04199263081
0.005473263562
0.02062269673
-0.0181123428
0.03024378419
0.009196358733
-0.001841000514
0.07889609039
0.02755084261
-0.03745280206
-0.001282402431
-0.03679013997
0.1419977695
-0.044436194
0.1214446127
0.01967548393
-0.001056977315
-0.01031409577
-0.09084282815
-0.08349218965
-0.004916403443
-0.02405856922
0.005245164502
0.01357292198
-0.0232243035
0.001162341912
0.07328508049
-0.03228988871
-0.01439992059
-0.008738341741
0.05801576003
0.01866413467
0.03053926677
0.04298768565
0.01178171206
-0.03359325975
0.03282284364
-0.003336409805
-0.0517196618
0.009432828054
-0.02985483967
-0.05359538272
-0.004742486402
-0.02472050115
0.01844513044
-0.0007366458303
0.005177478306
0.0124858031
-0.004015885759
0.01815352403
0.05366066098
-0.0465432331
0.006999220699
0.004822899587
-0.007724257186
-0.05488223955
-0.01230081543
-0.04551039264
-0.02006341703
0.01748452149
-0.01960116066
0.01019190159
0.004083493724
0.02419225872
0.0096301632
0.00704815425
-0.01682350226
-0.04154622182
0.02784376033
-0.03533306345
0.0264919214
-0.01165581308
-0.03882847726
-0.0005335551687
-0.02813377231
-0.01227726322
0.01221433748
-0.0397865437
0.01492304169
0.03888838366
-0.1096563339
0.01719962433
0.07788518816
-0.009419527836
-0.086414285
0.02202898078
-0.02396560274
-0.01412534621
0.02160754614
-0.03001558036
0.08180141449
0.1608201861
-0.07064721733
-0.01476890221
0.04485405982
-0.07099751383
0.01542763039
-0.0724253878
-0.1358944327
-0.09945908934
-0.01599634998
-0.04642315954
0.0688809827
0.009802319109
0.04269003123
0.07976260781
-0.01152032241
-0.06889938563
-0.05737410486
-0.1001326591
-0.01414323412
0.05197056383
0.02532742359
-0.09289494902
-0.03124726005
0.008664896712
0.04345786572
0.03353497386
-0.0235448759
0.09308541566
-0.1306900233
0.007828929462
0.05212242156
-0.06097432971
-0.02986255288
-0.08666311949
-0.106222041
0.01363878977
-0.05508841202
-0.05797548592
0.07265839726
0.03075016476
-0.008416386321
0.02359631658
0.08072127402
0.02309790067
0.1231944785
0.08220300078
0.01480494812
-0.003158799605
0.08936642855
-0.06611090899
-0.02743107826
-0.01084448583
-0.0008049513563
0.001510745729
0.045838397
0.05355493352
0.01803882979
0.04964638129
0.02687527426
-0.07644403726
0.02540203184
0.02190484665
-0.0583659187
0.02923687734
-0.03096533008
0.04373070598
-0.06408625096
0.02540824562
-0.03987413272
0.002916936297
-0.01267151069
0.01160009764
-0.02741508
-0.01560924482
0.008702566847
-0.01493669208
0.04312299564
-0.006857302971
-0.01680309325
0.00596730737
0.02232345007
0.02852307633
0.01918192022
0.02313765511
0.0149911046
-0.02291074581
-0.06165015325
0.02171230689
0.003734312486
-0.01746013388
-0.03099429421
0.08205011487
0.001047322294
-0.00705153076
-0.002797725145
-0.05540761352
-0.01040768716
-0.01889048889
-0.01510899048
0.02200959809
0.006246434525
0.01981273107
0.01881808788
0.04248956963
-0.03102700971
0.03048568591
-0.02341732197
0.008461308666
0.05596225709
0.01724905893
0.0790290311
0.005056868307
0.02975923568
0.08494012058
-0.02310993522
0.1136514321
0.05379386619
-0.03483293205
0.1118092462
-0.04789485782
0.0004487995175
-0.02812516503
-0.003558032215
-0.06634924561
0.003626549616
0.008568945341
-0.01054737158
0.02724471502
-0.08194881678
0.1153616309
0.0538414456
0.09142673016
0.01754506491
-0.03998808935
-0.02793825977
-0.05882836878
0.02573042922
-0.06960397214
0.04490363225
0.03418491781
0.07390554994
-0.05742900819
0.03664341569
-0.1005742773
0.02623247169
0.07853948325
0.02183959819
-0.003225528868
0.005615986418
-0.0296782665
-0.0423954241
0.001941181952
0.04555077106
0.001138564432
-0.01310674287
-0.006336605176
0.001591816079
-0.0487228632
0.04527585581
0.01055365335
-0.03955961764
-0.003662316361
0.09148131311
0.04694835097
0.01601157896
0.08518924564
0.02290155366
0.08102875948
0.03178866208
0.005377319641
0.03560722247
-0.05115483701
0.01686432958
-0.003721401095
0.04528335854
0.01260257699
0.06914518028
-0.02518671565
0.2002815902
-0.02025696449
-0.008606534451
-0.00757144019
0.03292495757
0.07384690642
0.01730964892
0.007470145356
0.03690983355
-0.04836814851
0.06686757505
0.02076297253
-0.01860297471
0.009228804149
-0.01974355988
0.05077017844
0.008042505011
-0.001650419086
0.0316288434
0.06658501178
-0.04570819065
-0.01326372381
-0.002343613422
0.001832880662
-0.02615320683
-0.01297923364
-0.009439510293
-0.01937466674
0.006805565208
-0.01016914658
0.02157428674
0.06161446869
0.0168622341
0.03164594993
-0.003131637815
0.0006611261051
-0.02256251313
0.04136906937
-0.002257479588
0.004254886415
0.01747643389
0.06170517579
-0.03804195672
-0.0484056212
0.02351570129
-0.009388367645
-0.03465370089
-0.01877758652
-0.02730534412
0.007698425092
0.01698317751
-0.03202961758
-0.0327985324
-0.006512877066
-0.02079179697
0.0701847896
-0.01032206975
0.00136290933
0.01236269157
0.04352095723
0.03861593828
0.01438255142
0.01061187591
0.02168143727
-0.03575757891
-0.009467941709
-0.05393496901
-0.01043501124
-0.008873372339
-0.02402307838
-0.005592648406
0.05131186172
-0.02031468786
-0.03029316291
0.01746821962
-0.05971930921
-0.04746563733
0.03666398674
0.01083580405
-0.06839951873
-0.02314108796
-0.04601544887
-0.02029681019
0.02527630143
0.05367419496
-0.04214027897
-0.008490103297
0.0300030224
-0.003743477631
-0.002454457572
0.001612945925
0.06630982459
-0.0232554283
0.1057940945
0.003506975481
-0.01894534379
-0.00701432582
-0.01740218699
-0.03766941652
0.006129128393
0.01888060197
-0.01363189612
-0.01107230224
0.0257449355
-0.01656883582
-0.02419957519
-0.05611440912
-0.02077626996
0.006624232046
-0.03860456124
-0.02337295748
-0.008497875184
-0.03408325091
-0.07918564975
-0.0327999033
-0.04034971818
-0.02586777881
-0.070125103
-0.05199447647
-0.02518832311
-0.009450303391
0.01746094413
0.08212186396
0.01264323294
-0.02966371551
-0.003982317634
-0.0265559759
0.03057487309
-0.00276443176
0.001417609979
0.01176717225
-0.01748404838
0.02091646567
-0.0007057657931
-0.003541115206
-0.02256045118
-0.03110856563
-0.001828605076
-0.0152684385
0.01999063231
-0.03218118846
0.005995908752
-0.005394024774
-0.06934970617
-0.01933822036
0.02130712941
-0.0320366025
-0.06255303323
0.02258196287
0.006018404383
-0.01224025805
-0.01435788069
0.02880084701
-0.0132898828
0.02860120498
0.007412202191
-0.02052844502
0.02599762194
-0.0009932713583
-0.006379731465
0.01789671555
-0.0155312987
0.01618013903
-0.01095131598
-0.05747598782
-0.01575611159
0.01908378676
-0.01356182806
-0.0458551161
0.006554223131
0.01743831113
-0.006183200981
-0.001528700464
-0.008566002361
0.01708933525
0.0260126926
0.02337601222
0.002857943531
0.02048704401
0.001315681031
0.0038008173
0.009089832194
0.004586607218
-0.03562231734
-0.004347132053
-0.06171017513
0.0220590923
-0.03686834872
-0.02731595561
-0.0001169106181
0.01191032305
0.03876055777
0.008999970742
-0.032245785
-0.01507849339
-0.02431056462
-0.01749589667
0.08123783022
0.01508093905
-0.004686103202
-0.05776534975
-0.007915317081
-0.006392735988
0.08077848703
-0.02742066979
-0.09439042211
-0.06999707967
-0.1235710084
-0.01038128603
0.01321824919
-0.03633005917
0.0526518859
0.03086820245
0.08288376778
-0.02529689297
-0.09774225205
-0.08785929531
-0.02928050794
-0.1573892683
-0.06873953342
-0.01756772026
-0.002219664864
-0.1051355004
-0.1938088536
-0.02155209333
0.0900151059
0.01852178015
-0.02153776586
0.01331066247
0.05504438281
0.1233675629
-0.08864639699
-0.04973770306
-0.1567511708
0.05182154477
0.01640157029
-0.08771920204
0.1123639047
0.07315544784
0.02063125744
-0.006439397577
-0.09668311477
0.08332713693
-0.1361878067
-0.02370764315
-0.2302294075
0.1354654431
-0.02509391308
-0.08020789921
-0.0279847458
-0.135631308
-0.09682699293
0.03994913399
0.02497030236
-0.1446446627
-0.01997803152
0.1006041765
0.008775107563
-0.02640420943
0.07050786167
-0.001409409218
-0.05052097514
0.04942441359
0.002928234637
-0.0449988395
0.03088462166
-0.004184383899
-0.02413538657
0.03199949488
-0.02111312002
0.03630886599
-0.08015756309
0.03279330209
0.01849646308
-0.03630497679
0.004152134527
0.01736610942
-0.1084992513
0.01833579689
-0.05572707951
-0.07414425164
-0.01909778826
-0.02765417844
-0.007364480291
0.08945077658
-0.02693807893
-0.0446264483
-0.04533220455
-0.0407532379
-0.04756185785
-0.007656735368
-0.02361468412
-0.03877092153
-0.02547082491
-0.03848157078
0.002708455082
0.02316173911
-0.05895103514
-0.01401981898
-0.008863780648
-0.04243520275
-0.006751131732
-0.008346921764
-0.07513798773
-0.03124125116
-0.0375604257
0.0003569144756
0.0121625904
0.05593030155
-0.003114789957
-0.01357879676
-0.08800682425
0.03705262765
0.01582295448
-0.004872303922
0.02710061893
0.05558112264
-0.01571000926
0.006222231314
-0.004613730125
0.03272213414
0.04527169466
0.08601002395
0.002523828996
-0.03422684222
0.05991249159
0.1403899193
-0.09608211368
0.02345537581
-0.07659781724
0.1428246051
-0.1269751042
0.05227139965
-0.1022562161
0.08286837488
0.001109344303
-0.0815192759
0.06518146396
0.02388427034
-0.01797864027
0.02238308452
-0.1502825767
0.05136817321
0.1028147116
-0.26748842
-0.01419025287
0.04655392468
-0.03427040577
0.03015900403
-0.07182336599
0.01746754348
0.08275250345
0.07117882371
0.009204923175
0.01953483373
-0.1750404686
0.1466419101
0.08230181038
0.03756601736
-0.05540134013
-0.02245217562
0.09061442316
0.04347684234
0.02899068221
-0.04154761508
-0.06713299453
0.04686700925
0.0176809486
0.135023132
0.1587120146
0.0584310405
0.06605632603
-0.0128480047
-0.08546490222
0.02126252651
-0.06381230056
-0.04855800793
0.04828790203
0.1160011366
-0.06397257745
0.02513425611
-0.1411886513
0.0815474689
-0.02599440329
-0.2197742313
0.04176229611
0.05739246309
-0.02187139727
-0.04366891831
-0.07605442405
-0.01498981472
-0.119449392
0.02658827417
0.01254431624
-0.01159084402
0.002578247804
0.03958608955
-0.001819065772
0.02234167047
-0.0485095717
0.009435732849
-0.01355227828
0.05349182338
0.01139780786
0.02293167077
-0.07413499057
0.05158360675
0.05928456411
-0.04209343344
-0.003309895284
-0.01427625958
-0.03046920896
0.02663904242
-0.07131783664
0.009353294037
-0.01842290349
-0.004225465469
0.04513496906
0.01389305759
0.06115461141
0.04136629403
-0.04105968028
0.01863286272
0.02294671349
-0.01225301623
-0.05889393017
-0.01915347204
-0.02613824978
0.01018083654
0.02243942395
0.0183147788
0.001713209203
0.06108303368
-0.02923376486
0.03440914676
0.0006566391094
-0.04812828079
-0.1181797609
0.03477905691
-0.02018284053
0.07290681452
-0.06731718034
-0.04656784609
-0.04324486852
-0.02894185483
-0.02748465911
0.00549769029
-0.1383447945
0.005224046297
0.01224617939
-0.004792629741
0.1148440465
-0.1359703541
0.1001395807
-0.1263103187
0.02257654816
0.02485626563
-0.02751123533
0.09150220454
0.001614429406
-0.04780119285
0.0199236162
0.1308849007
-0.02130363509
0.01736095361
-0.1350259036
0.007933162153
-0.06355061382
-0.1587855816
0.09567572176
0.08401497453
0.1214855611
-0.02501218021
0.0008291789563
-0.004559034482
0.03328559175
0.03229903802
-0.1298357248
0.035494674
-0.03352374956
-0.02118348144
-0.1416039318
-0.0343439132
0.02827205323
0.05365768448
-0.114392139
-0.01507129706
0.1260160059
0.0896268487
-0.1197021231
-0.0967830196
0.1068196669
-0.001057752641
-0.2426648438
0.1105043516
0.01159062237
-0.1128699258
-0.2250379175
-0.05562884361
-0.1092248261
-0.03167121112
0.06793802977
-0.007877944037
0.01949816011
-0.01479761302
-0.09640192986
-0.03902416304
-0.01576988958
-0.1098908633
0.05173118785
-0.008180601522
-0.1346978396
-0.1678457409
0.03323232755
-0.03545430675
0.1184826195
0.004354561679
0.03957367316
0.02503948286
0.04903084785
-0.07043922693
0.08478608727
-0.02240898274
-0.02857047133
-0.05273185298
-0.002060932806
0.04226916656
-0.02124108747
0.0369695276
-0.05978185311
-0.04465629533
-0.08134009689
-0.0003994194849
-0.04581738263
0.02561807074
-0.0410390608
-0.006223940291
0.03849313408
-0.02122994699
0.1120584309
0.07148801535
-0.01726030372
-0.03271922097
-0.03189407289
-0.03183630109
-0.06183540449
-0.02650478669
-0.06720212847
-0.07101173699
0.001561585581
-0.03711604699
0.0281065125
0.09445957839
0.01071226224
0.05009564757
0.05341234803
0.02026025578
-0.02932933532
0.04362330586
-0.1044180915
-0.05642249808
-0.06560227275
-0.009315432049
0.01415008213
-0.03279814497
0.08105576038
-0.04803867266
-0.005232103635
-0.01084093563
0.06731642038
-0.03325527161
-0.007500787731
-0.05734185129
0.002587070223
-0.06846037507
-0.02378899604
0.05632792786
0.0160571374
-0.008928822353
-0.02794118971
-0.00112762209
-0.02902333252
0.007224117406
-0.02103532664
-0.001915016677
-0.04111358523
0.05132329091
-0.02764965221
-0.01357690897
-0.03488961607
0.03871941566
-0.03792574629
-0.05455176905
0.02832009271
0.02372477204
0.06012159213
-0.05076893419
0.05139281601
-0.004659736529
-0.02896890976
-0.05435530469
0.01083308179
0.01656945609
-0.02849026211
-0.0296552889
0.07536103576
-0.006551493891
-0.02153679729
-0.000463021308
-0.02823990583
-0.002422463614
-0.00930015184
-0.01497667469
0.02334526926
0.05036289617
-0.01346544549
0.0145468479
-0.02955988608
0.002348628826
-0.006228557788
0.003804367734
-0.009359680116
-0.002788956044
0.01212562155
0.05724047124
0.02545499988
-0.007495301776
0.03103399649
0.02972883359
-0.07016514242
-0.01808979176
-0.01710507646
-0.03709320351
-0.04067321867
0.04450302571
-0.02009347454
0.01829972863
0.01239195932
-0.01824032143
-0.02767666616
-0.02113196254
-0.008679994382
0.009710092098
-0.02875000983
0.0149030108
0.007017389406
-0.000415607472
-0.003777699778
-0.02098085918
0.01264381502
-0.03393098712
-0.006331868935
-0.03079479188
0.002384326188
0.01393067557
-0.05977958813
-0.005504415836
0.003849725239
0.01327367499
-0.02686477266
-0.004463649355
0.00890846923
-0.007657635026
0.01763223484
-0.01582679339
0.003645467805
0.001931002713
0.03005408496
-0.03844570369
0.01204518694
-0.003682962153
0.01241930947
0.003230503527
-0.01238083933
0.004533369094
0.005388945341
-0.02690538205
0.004564664792
0.001926350989
0.019482309
0.01089733839
-0.02397065423
-0.006072029471
0.01133850776
0.01862172782
0.01034182217
0.009230811149
0.02281237766
0.02147673257
-0.009397147223
0.0004006309027
-0.02866647951
0.007042975165
0.01734087989
0.0126041593
-0.03953491524
-0.01329853013
-0.05019426718
-0.01284339372
-0.01569218375
-0.03851509467
0.01052621007
-0.0111519685
0.008705182932
0.02375806496
0.02092756331
0.05509214476
-0.01461968105
0.01541460026
0.00734368246
-0.005187182687
-0.02209359035
0.008719938807
0.03301814571
-0.02422367223
0.06964558363
0.03017475829
0.00149529404
-0.0520587042
0.05708196387
0.04602795094
0.03934146836
0.01191160735
-0.0512083061
-0.04238223657
0.008109002374
0.01802205667
-0.02382689156
0.09584996849
-0.01184615679
-0.01151049882
-0.04662243649
0.01979238912
-0.03177981079
-0.02754642256
-0.01819591224
-0.01024165936
0.03375932202
0.01722713746
0.0268922504
-0.00466335658
-0.01325462759
-0.01065312047
-0.02555150166
0.001066938625
0.03426422179
0.06228344887
0.0001661143469
-0.005720847286
0.03086535446
0.008143262006
0.0344359763
-0.007676258683
0.05932536721
0.0279949028
0.01585441455
0.02463613637
-0.03357855976
0.03458186239
-0.0056830463
0.02493118495
0.01410712022
-0.02030789852
-0.008514390327
0.01517050341
-0.01161249541
0.07383752614
0.00643412536
0.1161608994
-0.003854189767
-0.005205954891
0.0109313475
-0.01694530621
-0.02908597142
-0.004608992487
0.01186906267
0.005249584559
-0.01589798369
0.008508767933
-0.002039368032
0.004767312203
0.001199183869
-0.006032726727
0.03431908786
0.007127530873
-0.002153818263
0.01505233254
0.03937389702
-0.01574080624
-0.01898362488
0.01024194248
0.005472348072
-0.01408830564
-0.006859511137
-0.01696873456
-0.0173927322
-0.001741814893
-0.01174088474
-0.0008761240751
0.007233201992
-0.01707185619
0.006916347425
-0.01164218597
0.004674587399
0.001860065269
0.0007642642013
-0.01303493138
0.00620048726
0.0208084546
0.001384871313
-0.01355883293
-0.02459909022
-0.008687234484
-0.0002980982827
-0.02206256054
-0.02373501286
-0.02205746807
0.003455469152
-0.01357376855
0.01291177515
-0.007771939505
-0.01241241954
-0.004781113937
0.02561938949
0.01059237309
0.02708654106
0.001242451137
0.01216718648
0.01961793192
-0.005811928771
0.01554500405
-0.005759985652
-0.004075125325
-0.06636491418
0.125562042
0.0403069891
-0.03168829903
-0.01592219807
-0.0419302918
-0.0212807823
0.05373890325
0.03505254909
-0.0653886795
0.04360381514
0.007242133375
-0.05634687468
0.01772936434
0.03972513601
0.01622110419
0.04900430888
0.05002159253
0.03348523751
0.02769068815
-0.005712215789
0.008996881545
-0.02689281851
0.04200514778
0.05518681556
0.02455834113
-0.06415249407
0.05571587384
-0.09936225414
0.04988247156
-0.0306716077
0.0005137195694
-0.01141330786
0.007782103494
-0.007094411645
-0.002586950315
0.008742369711
0.01102973521
-0.0007683525328
0.07576888055
-0.01607383229
0.08330637962
-0.01836743206
0.00565784052
-0.05309503153
-0.0223939307
-0.07240191847
0.1306634247
0.08226963878
-0.007446489297
0.1100287959
-0.09204253554
0.0246841982
-0.01790402643
0.05115083233
0.01879130118
0.05003551766
-0.06416137516
0.04938279465
-0.00565341441
0.001637785579
-0.01705580018
-0.06536509097
-0.01219154894
-0.01919135824
0.001106084906
0.06020575389
-0.01846961491
0.02766835317
0.03087568656
0.02598105185
-0.01184406877
0.04295224696
0.001870866399
-0.007432956714
-0.03302465007
-0.0006515218411
-0.009157259949
0.03359676525
0.07827121764
-0.01643831655
0.01525825728
0.06828456372
-0.02315897308
0.002067419235
0.009966223501
0.006098307669
-0.03029720858
0.04939111695
-0.005023408681
-0.008255479857
0.01152952202
-0.05638851225
0.02485041507
0.0464912504
-0.01545779966
0.0001179127285
-0.0249236431
-0.01405915525
0.06563036889
0.04718980566
-0.01687075943
-4.107257701e-05
0.06582334638
0.04408925399
-0.002138659824
0.03316712379
0.01513688546
-0.005526105408
0.005898632109
-0.02514134347
-0.01279563922
0.004834122024
0.0249203667
0.01151547674
-0.04280375317
-0.001614137087
0.02005692013
0.0369371213
0.001841929392
0.04045715183
-0.03195931017
0.1045649499
0.03603909165
0.005148203578
-0.02555559203
-0.04595214501
-0.01434433367
-0.1166061312
-0.1948864907
0.008912350982
-0.04381937161
-0.0009889609646
-0.06221133471
0.0650588423
-0.0637152642
-0.05469732732
-0.02011331357
-0.03744402528
-0.1211355627
-0.02420219779
0.03923823684
-0.1046119407
-0.01346344687
-0.03284047544
-0.05158493295
0.09914755076
-0.1133909822
0.07575938851
-0.03727440163
0.006228391081
0.009044946171
-0.06400126219
-0.05483172834
-0.02138983831
-0.1322509944
0.08558725566
-0.0406793654
-0.04653678834
0.004213285632
0.01726450399
0.02483796142
0.1144282073
-0.03181035817
0.02968523465
0.01803589799
0.0085277576
0.02240209281
-0.02809983678
-0.09567654878
0.004946393427
-0.03953085467
0.09334304929
-0.06343545765
0.05390464887
-0.03406773135
-0.1140612587
-0.07406502217
-0.1144506261
0.04591881856
-0.1024046168
0.0331078507
-0.01485310309
-0.05516358837
0.04813560098
0.04223745316
0.02168291993
0.002969968133
0.04612635449
-0.1575934142
0.08035943657
0.09696981311
0.02505449764
-0.02803203464
0.04419270158
-0.03830590472
-0.03499495238
-0.02517377771
0.02690346725
-0.05368393287
-0.01842098869
0.00175270543
-0.02725708485
0.04579738155
-0.02027045749
-0.001185620669
0.02164334245
-0.08791147918
0.0084226951
-0.02962497249
0.003242086619
-0.002304752357
-0.0003245789849
-0.007373871282
-0.03287755698
-0.01659726165
0.0001651473867
0.04796427488
-0.02056765184
-0.01477183681
0.01115597971
-0.000569654745
-0.04464469105
-0.03113590926
-0.05923832208
0.00258743437
0.01542709302
0.00796441827
0.004676832352
-0.007557430305
-0.009806617163
0.01236464269
-0.04645175114
-0.01720425673
-0.007184461225
-0.0425228253
0.006622859277
-0.01228777133
-0.006446807645
-0.02613198757
-0.005185755435
-0.07355686277
0.01595395617
0.01873628236
0.03174641356
-0.004562650807
-0.01803510077
0.03683083877
0.06852918863
0.008412952535
-0.03545157984
0.02999200672
-0.03819581866
0.01352713257
0.007953122258
0.04454815015
-0.0131127825
-0.02978476696
-0.02125525847
-0.0103658177
0.01514294557
0.04095802084
0.01354679186
-0.02318078279
-0.01421766449
0.03650465235
-0.04335769266
0.01858716086
-0.00361612835
0.05994850397
-0.0385963209
-0.04710644484
0.007415844128
-0.00277513545
0.02854014374
0.006182691082
-0.008934691548
0.01273490023
0.02062042989
-0.1032021716
-0.02852880955
0.007937781513
0.02740731277
-0.04521061108
0.006339281332
0.04520476237
-0.005623650271
0.01336544938
-0.001934966538
-0.01091418695
-0.01994572766
0.01532897353
0.01025242638
-0.00834693294
0.01593149081
-0.002432550536
-0.007786564529
-0.03099649772
0.03754690289
-0.008773511276
-0.02320620045
-0.0003299828095
-0.007468032185
0.01647986844
0.03468447179
-0.004235231783
-0.02424974553
-0.02815436944
-0.007799630519
-0.03183458
-0.03331368417
-0.02098594606
-0.01528008562
0.04104492441
-0.0440347828
-0.03517158329
0.01042595971
-0.01359429024
0.009411038831
0.001429980039
0.006227488164
0.02046800405
-0.03638020903
0.009712047875
-0.01959828101
-0.01377445366
-0.0293238163
-0.03516992927
-0.002161455108
-0.04779491201
0.004212704487
-0.04830265418
-0.0002771827858
0.006744877901
-0.104713954
-0.02425160259
0.009107450023
0.004226925317
-0.06319102645
0.02143109217
0.0017456325
-0.002324765082
0.01647091843
-0.002491779393
-0.02180569246
0.006180056836
0.01101540029
-0.03679580986
0.01396522857
-0.002068133792
-0.00639826525
0.01157855522
-0.01045636833
0.01335801557
0.02089756913
-0.0472022891
-0.03319683298
0.0196142327
0.01191026252
-0.03543999419
-0.0387034677
-0.00292812218
-0.007711905055
0.0009546826477
0.01578872092
0.02302992344
0.0288038291
0.03394353017
-0.007710160222
0.0148257222
-0.01296166796
0.004780305084
-0.0002086573077
0.003011193825
-0.06816389412
0.01356617641
-0.08881197125
0.001121970825
-0.07175283134
-0.06244447082
-0.009373504668
0.01409611851
0.004775601439
0.01426228415
