-0.02699601464
-0.1972409934
-0.01829783246
0.002727512037
0.003753509838
-0.1367760748
0.2738350332
-0.3179191053
-0.002890555421
-0.1322411001
0.00178905041
0.00121901196
-0.002520072507
0.003123382805
-0.1361530125
0.04103436321
-0.03972598538
-0.003632258158
0.2780862451
0.2669696808
0.007188666146
0.002053270815
-0.009083096869
9.166163363e-05
-0.02364027128
0.001537032076
0.002606870607
-0.2747955918
-0.02898828126
-0.001347941114
-0.0003356344241
-0.003399610519
-0.04633656517
-0.09218644351
0.002415145747
0.007059505209
0.004999424331
-0.08230346441
0.1195986569
-0.1506379396
-0.006710730493
-0.04576619714
0.005200322717
0.004516421352
-0.006702824961
0.006790181622
-0.0634829253
-0.02160539292
-0.04730562121
-0.001282701152
0.07007534802
0.03480269015
0.005819887388
0.007077655755
-0.004052316304
0.006149533205
-0.02896458283
-0.00765074091
-0.0004392650153
-0.09543433785
-0.007391266059
0.005789534654
-0.002066035522
-0.006032765377
-0.09980963916
-0.152403146
-0.003297122661
0.007022417616
0.003722299822
0.02917934768
0.281395942
-0.2684780359
-0.006023839582
-0.09097701311
0.006148546003
0.005224343855
-0.006768987048
0.006037337705
-0.1263404936
-0.2159598768
-0.06738390774
0.002107457258
0.2719768882
0.02723876014
0.00344598433
0.008457630873
-0.000567341689
0.008010663092
-0.1030627191
-0.005366568919
-0.0008450195892
-0.1801899523
0.01011319179
0.008637480438
-0.001875175396
-0.00551943481
-0.0001073090752
0.0006286511198
-0.0003448975622
0.0004115967895
0.0002817903878
0.0009028739296
0.001933568739
-0.004224314354
-0.0003551186819
0.0001275337854
0.0001233350486
0.0001355278946
-0.0003937367874
0.0002801273367
0.0005210184027
0.0006739271921
-0.0005775658647
-0.0001459907799
-0.002916299505
-0.0001317360293
0.0003858407727
0.0002823200193
0.000517145847
0.0002842449758
-0.0007290701615
-0.0003483113542
-0.0006306414725
0.001103875227
-0.000382159109
0.0003542285704
-0.0002586571209
-7.40476753e-06
-0.02897484228
0.03576058149
-0.00176362053
0.003604403464
0.003120927839
-0.1109858677
-0.02353786118
0.04640672728
-0.004432387184
0.00692253327
0.003363889409
0.003182798391
-0.004919110797
0.002688300563
0.04830906168
-0.05365281925
-0.04533924907
-0.0007516259211
-0.0572036244
-0.005282406695
0.003870819462
0.003754548728
0.001261980738
0.002210456179
-0.006367966998
-0.002151211025
-0.0006245241966
0.0585674718
-0.002513185376
0.002346440684
-7.050736895e-05
-0.003057489637
-0.01055592019
0.02569123916
-0.0004787619109
0.003183494089
0.003239868209
-0.2230339646
-0.04490664601
0.00401466107
-0.004737712909
0.008501299657
0.002041561529
0.001545413979
-0.00518495217
0.002730112523
0.05556613207
-0.07670716941
-0.03320683166
-0.001418086933
0.02083159424
0.003372641047
0.004694437142
0.003909569699
0.002052546013
0.002672006609
-0.01577822864
-0.002230394399
-0.0005782340304
0.08552803844
0.001280273078
0.003435953055
0.0003791936324
-0.002005154034
-0.0004648637259
-0.004092619754
-0.0006646809634
0.00189192465
-0.001188621391
0.002652028576
0.0004029425618
0.006277023815
-0.0007337030256
-0.00364831835
0.001189925824
0.0009771338664
-0.0005564282183
0.002278659493
-0.002726048697
0.003016783856
0.0009669825085
0.0002639841987
-0.004283409566
-0.0002877749212
-2.285887604e-06
0.002036445774
-0.0001844787039
0.001956352498
-0.003427790944
-0.002411456779
0.0004108291178
-0.004124096129
-0.0009474215331
0.001862960984
-0.001360109309
-0.001672592014
0.0603261143
-0.04894793034
0.00971210748
-0.000603164488
-0.0004564640985
0.1882850081
0.02068818361
-0.1329717338
0.0009209584678
-0.005997563247
-0.0007029444678
-0.000564253598
0.0003754645295
-0.0004108048161
-0.05749104172
0.07359993458
0.05720941722
0.0004323677276
-0.01609264314
0.03830388561
-0.002003880683
-0.0003675505286
0.0005311588757
0.0009557408048
-0.03325853124
-0.002944910666
0.001344914315
-0.07916972786
0.004584277049
0.001833196497
-0.0003744534042
0.0003212009906
-0.0008165786276
-0.0005214792909
-0.000466172758
0.0006703933468
0.0005786776892
0.0006484611076
0.001761609106
-0.003901103511
-0.000559956592
0.0006612263969
0.0003621284268
0.0003380603157
-0.0006074095145
0.000516922446
0.0007310290239
6.249174476e-05
-0.0007718725828
-0.0003217211051
-0.0009547804948
-8.836651432e-06
0.0006193649024
0.0005461297696
0.0002269473916
0.0005147262709
-0.0003450637741
-0.0004286759067
-0.000555073435
-0.0004655483062
-0.0004280042776
0.0005497041857
-0.0002955536183
-0.0002165511833
-0.04778178781
0.02829727158
-0.002447273815
0.003458381165
0.003598349867
-0.1076230183
-0.0146701308
0.1176526397
-0.004221569747
0.004398886114
0.004349362105
0.004427318927
-0.004579830915
0.001971732127
0.04088799655
-0.003335801419
-0.04029816762
-0.001283141086
-0.05656720698
0.008706365712
0.003462675726
0.003249681555
0.0002547005424
0.001266112085
0.005584775005
-0.001284927013
-0.0008510841872
0.059570916
0.002108133165
0.0006774378708
-0.0002314458834
-0.004170439672
0.0390095301
-0.02042660676
0.006255749147
-0.003243877785
-0.001904167002
0.1417213231
0.001978181303
-0.06999136508
0.003834791714
0.002849868033
-0.003176258178
-0.002931093331
0.00395005988
-0.002531043487
-0.0552325584
0.0741815418
0.06476109475
0.0005204841145
0.0769507736
-0.03916339204
-0.003520799335
-0.003379607573
0.000326856476
-0.001589064952
-0.01896950416
0.0008034024504
0.001536319149
-0.05017115176
0.02246321924
-0.001047405764
0.0002427456202
0.003080540104
8.344988601e-05
0.0006261237431
-9.172506543e-05
7.347868086e-05
0.0001485164248
0.0002528979676
0.0002991470974
-0.001918757102
-0.000110741501
0.0002176330891
-1.999216329e-05
3.684161129e-06
-0.000128579748
-7.821145118e-07
0.0002036412043
1.244017676e-05
-0.0001840225596
-7.159847883e-05
-0.0001763694163
0.0003740088723
0.0001227983448
2.817238419e-05
0.0001778239239
2.817902714e-05
-0.000117018164
-1.312546192e-05
-0.0002518311085
0.0004541192029
-5.167827112e-05
5.023396079e-05
-2.33287974e-05
0.0001099516085
0.2207081914
-0.03647003695
0.01132349484
0.0007952104788
0.001070087776
0.04582878947
0.09358936548
-0.1262147874
0.0002301817003
-0.003525641281
0.0005576655385
0.0006031238008
-7.605979044e-05
-0.000244351133
-0.07503018528
0.1481590569
0.005305068102
-0.00120689394
0.03854588419
-0.07082943618
-0.0009048290667
-0.0004917533952
0.0008738271426
0.000626131543
-0.03459940106
-0.002190463245
0.0004968580906
-0.09084874392
0.02070725709
0.001552430564
-0.0001572720066
-0.0007493121666
-0.00036580491
-0.0002026472357
-0.0001103339382
0.0001777562575
0.0001216960081
-0.0003147825482
-0.0001005077283
0.0002535622043
-0.0001063111777
0.0002299413318
0.0001041960131
8.022390102e-05
-0.0001069663776
0.0001886583632
0.0003238293575
-0.0005333647714
-5.995044557e-05
-6.555335131e-05
0.000953475188
-8.07854085e-05
9.772135672e-05
0.0001683076553
-0.0001184799985
0.0001638653921
0.0002673793933
-5.702103954e-05
3.378342444e-05
-0.0001395066502
-5.146101466e-05
0.0001314388501
-3.158493928e-05
-0.0001033794542
5.660128227e-05
0.001193266246
-1.382975461e-05
-0.0006092418334
-0.0003614028683
0.003121598158
0.0006098626181
0.0002345830435
0.000402175152
7.775631821e-05
-0.0004001321795
-0.0003069293452
0.0003851063666
-0.0007714128587
0.0001428495016
0.0006139173638
0.0006830344209
0.0001748264767
-0.001514151692
-0.002302827779
-0.0003283415863
-0.0006762720295
0.0004181944532
-0.0006350531476
-1.572919791e-05
0.0003964828502
-0.000263832073
0.001440942404
-0.0003616393078
-0.0005100505659
0.0001321559103
0.0004492281587
-0.06532928348
0.0892502889
-0.004676335957
0.001095106825
0.00212855218
-0.1745814085
-0.08833289891
0.06104701012
-0.004654366523
0.02260457911
-0.0001316757553
-0.0004489119747
-0.005269777495
0.002471737796
0.09063782543
-0.08034882694
-0.03383572772
0.0003884209436
-0.02000997402
-0.002773368265
0.005303219426
0.00334175583
0.002547672251
0.002999308519
0.001004242105
-0.002149429871
3.529256355e-05
0.1810193956
-0.006568031386
0.004207876511
0.0005575772957
-4.691070353e-05
