-0.4944384694
-0.07650741935
-0.201605618
-0.1307386905
0.07188067585
-0.07394218445
-0.3617512286
-0.02880582027
0.1843359619
-0.1852116734
-0.5553733706
-0.04874017835
-0.2131435275
-0.3039111495
-0.1636570096
-0.01892002113
-0.1525416672
-0.1072268635
0.08281069249
-0.004707339685
-0.2001834959
0.1639965773
-0.1869861782
-0.04639977589
-0.167021051
0.008514557034
0.3263803422
-0.2284425795
-0.2562021613
0.4966782033
0.3571897447
-0.1770844609
0.2690519392
-0.4025920331
-0.2658200562
-0.5984767675
-0.1295928061
-0.1240698323
0.2598368526
-0.1742758453
-0.1413753778
0.1676791757
0.03110040724
0.1088378057
0.7839130163
0.04885819554
0.3475131392
-0.25876531
0.01215891819
0.2137401253
0.03774313629
0.5340067148
-0.2866099775
-0.07895217836
0.0978436172
-0.1064801216
-0.1126364172
0.0509628728
0.08070296049
0.1944619864
0.1566766202
-0.01301864348
0.3808764815
0.04140557721
-0.03763058782
0.07397675514
0.1096289381
-0.2576258481
0.1721788198
-0.1694315076
-0.06448134035
-0.05479700118
0.1500225067
-0.2715026438
-0.1493492573
0.05948607251
-0.1397000104
-0.08597632498
-0.3854834735
0.1152995527
-0.3864623308
0.2100223154
-0.1385834813
-0.2114630193
-0.03194617108
0.0739171654
0.2337917089
0.1936526895
-0.244062975
0.04934839159
0.7320222259
0.1067633927
-0.2827509344
0.08194609731
-0.2244336903
0.04270744696
0.4352793396
0.2265725136
0.2288375646
-0.1104107127
-0.03190567344
0.3971197307
0.02359749191
0.1057891771
0.01010669116
0.05502031371
0.04114837945
-0.3082779944
0.04901062697
-0.0433571972
-0.2050827146
-0.2474306524
0.1887741387
-0.3531006277
0.1049962342
0.1130108461
-0.06067469344
-0.3174545467
0.07365806401
-0.09735921025
-0.1303165555
0.3917796016
-0.1410385817
-0.1618920416
0.4426938593
0.1359772384
-0.3397227824
-0.01790417917
0.09537623823
-0.03795948625
-0.2543739378
-0.1834080517
-0.08872859925
0.0145130977
-0.005934246816
-0.1507508755
-0.06318391114
-0.09586116672
-0.1019762754
0.01249998063
0.04391852021
0.205527395
0.2621889114
0.2153369635
-0.0239923764
0.1720919907
-0.3363372982
0.42054528
-0.02945370972
0.4028775096
0.3720572591
-0.2517106533
-0.2152515948
0.1027557924
0.2384455502
-0.0929440856
0.1016215235
0.4652938843
-0.007860923186
0.01191374287
0.1465907842
-0.01450910233
-0.07431415468
0.1715956032
-0.1627471894
0.105624564
0.1422984749
0.054767441
-0.2786802649
0.07779102027
0.1507609487
-0.1372439861
0.02053776756
0.05295770615
0.07226482779
-0.1055738851
0.05346212909
-0.07345379889
-0.03402858227
-0.1702284515
0.1299923062
0.1334251165
0.06475639343
-0.0814647153
0.02904369682
-0.255310297
0.317050308
-0.1967685372
0.01647667401
-0.1382049769
-0.1806172878
-0.1282227039
0.09690170735
0.3605060875
-0.1632122248
-0.1206712723
-0.1965172291
-0.1019049436
-0.6600837111
0.01579447463
-0.3270459473
-0.5713198781
-0.09280823171
0.09364702553
0.1405030787
-0.09618781507
-0.05032805353
0.2275095433
-0.02746875584
0.4714874029
-0.02932906337
0.04423183575
0.1168313101
0.2994081378
-0.2936380506
0.1503482461
0.1403867602
-0.05454353616
0.007556107361
0.1672735512
0.03096433729
-0.3599503636
-0.09267294407
0.4071819186
-0.5603250265
0.5403290987
0.1562160105
0.4280374348
-0.01199698076
0.5221052766
-0.5098448396
-0.02265947685
-0.008288225159
-0.08598056436
0.2076779902
-0.162596792
-0.330693543
0.2098856717
0.1683933437
0.3806842268
-0.09907952696
0.1396577507
0.4238734841
0.2857730985
0.3851561546
-0.0964237079
-0.09383139759
-0.05293962732
-0.006973416544
0.1813516319
0.3274278045
-0.02492711507
0.01380748581
0.3356793225
0.08759949356
0.4897162914
0.2185769975
-0.04941889644
0.08584367484
0.1606186628
-0.08924493939
0.184904635
0.1258292347
0.3063079715
-0.1569850594
0.0008179571596
0.08282452822
-0.1019988135
0.1096578911
-0.2750647366
-0.1643041968
0.3269899786
0.01663893275
0.2364887297
0.2739968598
0.07861320674
0.387239337
-0.1426618099
0.2986121178
0.1971912086
0.1096226051
-0.1185336262
-0.03555724397
0.1375251412
-0.2106926143
0.2550825775
-0.0384629108
-0.02507419884
0.06206977367
-0.01193806808
-0.1971469969
0.1109033898
0.2054552585
-0.00687395595
0.13055785
0.1446545124
-0.08029450476
0.07338831574
0.2241157889
-0.07048004866
-0.1171675399
0.008029587567
0.006033787969
-0.01596001349
-0.05001951754
0.08914571255
0.1254692376
0.0188692566
-0.2122802734
0.1502951235
-0.2481242567
0.07844305038
-0.04337225482
0.008565878496
0.01675271057
0.03374705464
-0.1466137767
-0.03102633357
0.04070014879
0.111641556
0.2272685319
0.5623796582
-0.4239544868
-0.3242129683
-0.02991476096
0.09126244485
-0.3892166018
-0.0756553933
0.3012910187
-0.3096434474
0.1188411266
-0.2760733962
-0.06218577549
-0.2853077352
-0.03959635273
0.1115914434
0.0364353247
-0.1726275235
-0.0866894871
0.506354332
0.8888899684
-0.6309447289
0.01546772104
0.1645442247
-0.1487313658
-0.1034114435
0.06327322125
-0.07819415629
-0.005065246951
-0.2618767023
-0.09749941528
0.22672984
-0.0007023619837
-0.2569253445
0.08825331926
-0.2198157459
-0.132419005
0.01400463004
0.3262569308
-0.008612471633
-0.2544692755
-0.01526718307
-0.1715852916
0.0419100076
0.1972652823
0.226984188
-0.150047645
-0.1624805182
-0.03350587934
0.06222504377
0.02284019627
0.1661900133
0.06821745634
-0.3782016635
0.2581277788
0.03787884489
-0.002579612657
-0.04877773672
-0.05450583994
0.07676048577
0.04026050121
-0.2086386532
0.0831271559
0.002249356592
-0.003272437025
0.03936324641
-0.2996149659
0.05265737697
-0.1020220369
-0.5355446935
0.2191192955
0.1958618313
-0.1213144809
0.3576596975
0.05724591017
-0.4235086739
0.3482236266
0.1553814709
-0.3047445714
0.2117579877
0.05343041196
0.1019972563
0.03968759254
0.2198407501
0.2919376194
-0.1654528528
-0.3874401152
0.1663880646
0.07713976502
-0.3053412437
-0.3170967698
-0.1727110147
0.1914385557
-0.2363488227
-0.05391118303
0.1995251477
-0.279049933
-0.07898781449
0.04511540756
-0.5765337348
0.444180578
0.2826245427
0.2507894039
-0.1200945526
-0.1015509591
-0.1191208735
-0.2197608501
-0.3880149126
-0.4222178459
0.1276672035
0.3370984495
-0.04037448019
0.2634935379
0.5227772593
-0.0507870391
-0.122729212
0.009673492983
0.07425650209
0.2023137659
-0.2373717129
0.1054560915
0.1453857422
0.2007839531
0.1243082806
0.2018635273
0.1238677502
-0.1642798781
0.1774530709
-0.143954739
-0.08515601605
-0.2380294204
0.3117090762
-0.06752416492
0.388271898
-0.2888311148
-0.2706873119
0.1512382925
0.4658367336
0.2054875344
0.008069019765
0.0718902722
-0.01466410607
0.06469810009
0.03380158544
-0.2215442657
-0.1786317527
0.03001560085
-0.2068265975
0.1528810114
-0.06849612296
-0.1398543417
-0.006767681334
0.316131711
-0.05062583089
0.2484979779
-0.5081620812
-0.5932978988
-0.08734719455
0.3840963244
-0.2462769002
0.08569770306
0.1557786763
0.02067736723
-0.3181657791
0.5114921927
-0.07357171923
-0.3150463402
-0.07616835833
0.2676063776
0.1963073164
-0.2269306332
0.2100007087
-0.3539135456
0.1992194951
0.4714590609
0.5261282921
0.348176986
-0.3677817285
-0.3185507059
-0.07569615543
0.09014845639
-0.14924936
0.01466706488
0.1439721137
-0.2279588729
-0.1750558466
0.02128597349
0.03785913438
-0.4569336772
0.2903091013
0.2111540437
-0.08355367929
