-0.0001757064601
1.095655171e-05
-3.155237437e-06
-5.881754623e-05
-3.756896149e-06
3.680766531e-05
1.723685637e-05
1.056812198e-05
-5.580081051e-06
-5.177140793e-06
-1.007799074e-05
-1.904762757e-05
-1.608524144e-05
1.073493786e-05
-1.548163527e-05
1.761440217e-05
-8.103756045e-06
5.037734809e-06
-4.544034709e-06
-1.412768415e-05
-1.766411515e-05
-0.0002220375609
-3.204275117e-06
0.0001043123921
2.436105569e-05
-8.40357734e-06
-8.254694876e-06
1.620661533e-05
6.77432854e-06
-7.048506177e-06
-8.773735317e-06
-1.197379515e-05
-0.001380272093
0.0002708911488
-0.0001840564655
-0.0003096965374
-0.0001545184641
-0.0003905557096
0.0004449206172
0.0002205047349
-0.0001469383133
6.117815792e-05
-0.0002511795028
-0.0004914597957
-0.002876861952
0.0002698053431
-0.0002134396345
0.0004305316252
0.0008635663544
-0.0002109433844
-6.671930169e-05
-0.0003659280774
-0.0004164917336
-0.0009895549156
-0.0001695144747
-0.002046567155
0.0004959804355
-0.0001806034415
-0.0002265055227
0.0003635705507
-0.0001338318834
-6.035278057e-05
1.310296466e-05
-0.0002904066059
0.001870879671
-0.0006585838273
0.0005870909663
0.001503478386
0.0003917882568
0.00013461255
-0.000685291132
-0.0006293755723
0.0002790330036
0.0005579906283
0.0004370397073
0.0007203278365
0.00464173872
-0.0004921826185
0.0005085786688
-0.000696710893
-0.001130858902
0.0007272705552
0.000124329672
0.0004856172309
0.0006341832923
0.002893800382
0.00055140513
0.004559950903
-0.0007144759875
0.0004008053802
0.0005130786449
-0.0006255244953
0.000200663053
0.000451440399
0.000139112366
0.0005438774242
0.000175883004
-1.001608689e-05
6.738890761e-07
7.249385089e-05
1.510123639e-06
-3.705134804e-05
-1.261460784e-05
-9.864105778e-06
4.76900459e-06
1.171350686e-05
8.43811722e-06
1.527252243e-05
3.168322291e-05
-8.887483091e-06
9.349412721e-06
-1.494252319e-05
-1.318966497e-05
-1.100166446e-05
3.688939387e-06
1.067260382e-05
1.408394564e-05
0.0002516364621
3.700085244e-06
-0.0002373600873
-1.992206489e-05
6.016772204e-06
5.859356861e-06
-1.154625079e-05
-6.039271284e-06
7.931149412e-06
1.097418681e-05
8.221527423e-06
-0.045342125
-0.0002693988208
0.0008376673213
0.006839313079
-0.0001345296769
-0.01131515019
-0.000236621403
2.329984818e-05
-0.0002231604012
0.0009253442404
-0.0004000067129
-0.0003770745534
-0.001715612249
-4.226437522e-05
-0.0005129709025
-0.0001467791299
0.02040977962
0.000794635911
0.0006493527326
0.0004072504817
-0.0004811504041
-0.01726633497
0.001729249023
0.004464365542
-2.359194696e-05
-0.0003073800763
-0.000428452011
-0.0004139018129
-0.0004274690873
0.002486269921
1.094888466e-05
-0.0005484508001
0.03158852458
0.0005355991307
0.002228756202
-0.01010297611
0.0001316130656
-0.008519680239
0.0006052110111
0.000701984216
-0.0001925781253
-0.005093131214
-0.0004305531038
-0.0007940119831
-0.011498156
0.0007507770788
-0.0009233604069
0.0006714570336
0.01674298197
0.001205865876
-0.0001501375227
-0.0002948456677
-0.0007887973334
-0.003742646659
0.001996466424
-0.006622580811
0.0008804090321
-0.0005745880189
-0.0007613315829
0.0005852735485
-0.001754577504
0.002572628902
0.001214439049
-0.0008681720356
-0.001838434953
-0.004811996594
-0.003502304433
0.01377380453
-0.002556176856
-0.002495157998
-0.004088813905
-0.004123432096
-0.0003193755401
0.004136242438
0.002157839015
0.004727119114
0.0142847551
-0.004250236787
0.004700425547
-0.00465686433
-0.01113187149
-0.001828203676
0.0005526983878
0.003273239825
0.004335196223
0.01614635997
-0.002853635233
0.006440287922
-0.004936847836
0.002689272631
0.003678853856
-0.003717606887
-0.001899434021
-0.003808120033
-0.002228883561
0.004584991839
-0.01203627698
-0.0003476280253
0.001850428875
-0.00136776187
0.009060928598
-0.01653595455
-0.0009152624989
-0.0001985495328
-4.08608139e-05
-0.005916400347
-9.498438885e-05
0.0003355262452
-0.0237063393
-0.0006623286754
-9.792338824e-05
-0.0001226554741
0.02968889289
-0.01115424652
0.0002802105737
0.002159538446
-1.404931027e-05
0.02811657824
0.003330933163
-0.04180237651
-0.0002217818837
-0.0001616231748
-0.0003040953015
-0.001260115649
-0.002549518831
0.004409183282
0.002542097354
-0.0002059120743
-0.4042767584
-0.009054100141
-0.005924424157
0.3286763728
-0.007719213609
-0.08585454524
-0.01053220779
-0.01084731426
0.002004045527
0.1980385631
0.00420530932
0.008067881688
0.442425251
-0.009112853557
0.006886919495
-0.007228555623
-0.03221252188
-0.05410835147
0.001431870856
0.01120452303
0.006241076626
0.3424690962
0.01248108502
0.1853518933
-0.008974886499
0.005051794462
0.005654506385
-0.01124048419
-0.02572135068
0.03277388215
0.02669038624
0.007313379087
-0.008108209819
0.0002671893162
0.0009930372471
-0.01823378541
-0.0006317837979
-0.007112022955
0.0002060185361
0.0004239632981
-0.000289975811
0.001261263737
-0.0005223234766
-0.0007131489692
-0.008946840651
0.0003995544394
-0.0008197981515
0.0004089890863
0.01648715511
-0.002735677641
0.0002178294671
-4.324752808e-05
-0.0007639811956
0.02486059628
-0.0007139942609
-0.03952313215
0.0005848704022
-0.0005787004484
-0.0007222850691
6.728113658e-05
-0.001476800302
0.0003864985774
-0.000456929236
-0.0008418372017
1.31235729e-05
-3.148521273e-06
-1.344605789e-05
4.049938434e-05
-5.006914762e-06
-2.394478088e-06
-1.519401303e-05
-2.145972985e-06
4.892685865e-06
1.790963142e-05
8.939023246e-06
1.98069738e-05
5.195351332e-05
-5.665038316e-06
3.250198461e-06
-1.583480116e-05
-5.338264236e-05
1.777434477e-06
2.025448566e-06
1.594613786e-05
1.538230026e-05
4.292734229e-05
-9.955262612e-06
2.996184594e-05
-1.969442928e-05
2.786525329e-06
4.188051207e-06
-6.614669928e-06
1.399064786e-06
-1.631531268e-05
-4.191436346e-06
5.047638751e-06
-0.0001191676565
-0.000170192885
-1.538142533e-05
0.0006254340406
-5.928759492e-06
9.447065531e-05
-0.0004178897943
-0.0002437320218
5.049306128e-05
0.0003329160972
8.458033699e-05
0.0003184210218
0.001255072653
-0.0002324306115
0.0001670905185
-0.0001423569047
-0.0006370708579
0.0001094110048
2.257390588e-05
0.0003137842577
0.0002247146185
0.001186152338
1.688415432e-05
0.0008852492901
-0.00019755018
0.0001073549502
0.0001798450685
-0.0003519887978
-1.413966493e-05
-6.049171134e-05
-1.655903725e-05
0.0001909491984
-6.794517049e-06
-4.965479548e-07
-5.832775969e-07
-9.66282343e-08
1.099806894e-07
2.422224952e-06
-3.536946451e-07
-6.067107279e-07
-2.96051148e-08
8.134358723e-06
-5.376921308e-08
-2.454911794e-07
9.831076113e-07
-5.841679922e-07
4.633521939e-07
7.858389495e-08
9.186302918e-07
1.382332243e-06
3.311578567e-08
1.973493227e-07
-1.844771305e-07
-1.286746055e-06
1.499037694e-07
6.974950793e-06
2.334351876e-07
2.977046734e-07
3.871690808e-07
-7.132651376e-07
1.203471356e-06
-1.046184479e-06
-1.108631835e-07
4.879678386e-07
-0.04406076297
-0.001600809512
0.07157681882
0.1587300003
0.06923811138
0.0466577895
0.001902007381
0.0006785361329
0.0001400226174
0.06711027771
0.0005251648836
-0.0009958363371
0.1391595155
0.0005842112587
-0.0004157123913
-0.001909391838
-0.1206952706
0.1201790646
0.001550400979
-0.004007467534
-0.0001719973952
0.2423681766
0.05704307929
0.1041679829
-0.001324894605
0.0006140114274
-0.0002897259837
0.002898696112
0.06018862501
0.006959054619
-0.007318817545
-0.0003903434845
-0.2177023739
-0.005311716814
0.1230421141
0.1823975146
0.07636280358
-0.06643044949
-0.004323279019
-0.004662105814
0.0006198052433
-0.1864550561
0.001722808229
0.002383791143
-0.04327185825
-0.004005237948
0.002012141515
-0.004226387944
0.3221327364
0.0615346469
0.00110385241
0.003317252034
0.001964674331
-0.01793824881
0.1071800366
-0.2941640317
-0.005024335347
0.001761237509
0.001480849111
-0.004250435624
0.02742504701
0.140109241
0.04003064334
0.002189316554
0.0004770405067
-2.038390812e-05
2.850551027e-05
0.0001429241238
3.018710595e-05
-0.0001056796391
-2.07996618e-05
-1.767762114e-05
7.883356375e-06
1.386280837e-05
1.455785969e-05
2.316870996e-05
-1.679612069e-05
-1.584176789e-05
1.572684414e-05
-2.598457468e-05
0.0001064581302
1.707511728e-05
5.713573955e-06
1.979045192e-05
2.224267519e-05
0.0003652156447
3.066937279e-05
-0.0001051861182
-3.19999308e-05
1.267179232e-05
1.195002915e-05
-1.844777944e-05
-8.486943443e-06
4.462550351e-05
2.838174805e-05
1.71124484e-05
