0.05595732108
0.01275148802
-0.006958892103
0.04149541259
0.001004665508
-0.006762112025
-0.02743806317
-0.01229354553
0.04070830345
0.02856666595
-0.00305638928
0.02693118341
-0.0004832423292
0.00607947167
0.0444294326
0.01104601379
0.01247580163
0.009321130812
-0.0591397509
0.003469863208
-0.02479354478
0.008542686701
0.00422989903
0.05293001607
-0.01580412313
-0.02539680712
-0.04233397916
-0.02182988077
-0.02894242294
0.002089979127
0.01951367036
-0.006156348623
0.01400955487
0.02792311646
0.01407007407
-0.01321658306
-0.006124368403
0.01892947778
-0.0260930527
-0.02289553545
-0.006221849937
0.0005306130042
-0.005613503046
-0.004968471359
0.03515298292
-0.01649741642
0.03316193819
-0.01988421567
0.01360952854
0.01304362994
-0.01030614879
-0.0159214884
0.08643651754
-0.02180743217
-0.007429740857
0.001719634281
0.01655518264
-0.009661325254
-0.01639463194
-0.01722620614
-0.02266638167
0.05146928877
0.00637529511
0.07533753663
-0.003094086191
-0.009856307879
-0.02480887622
0.002671144204
-0.002165740589
-0.01746466383
-0.008275489323
-0.02114333212
-0.01930812187
-0.006347009446
0.01532274578
-0.02690223232
-0.007061490323
0.02327456325
-0.006812056992
-0.01895076409
-0.02104583569
0.01253797393
-0.006766504608
-0.0160614606
0.01957826316
0.01203127299
0.02951230668
0.006275995634
-0.01553144213
-0.01964775473
0.005241679028
-0.02594785579
0.01827439293
0.01111403201
0.01309451275
0.005072860047
0.003905395512
0.01100521255
0.003966834396
-0.04682697728
0.005594417453
0.004679562524
0.0118237203
0.01863185316
-0.01169734821
-0.01191372331
-0.00994168967
-0.01447953749
0.02048370987
-0.0265352875
0.007250141352
-0.01363077201
0.002128147054
0.005338558927
-0.0007771498058
-0.02998830192
0.01600916684
-0.003214496886
-0.01117794495
0.006684199441
-0.002667319495
-0.01329911966
-0.03020521067
-0.01608721353
-0.01511243358
0.01167557761
0.005352931563
0.02757781558
-0.01970990561
-0.0826048106
0.02189468779
-0.05696706846
-0.08404400945
-0.03051860258
-0.04621824995
-0.004929811228
-0.06112296507
0.05022066087
-0.0008506058948
0.07871294022
-0.0406562835
0.04118893296
-0.1074835509
-0.06991689652
-0.08722577244
-0.010530008
0.143559739
0.03050942346
-0.09290378541
0.02254743688
-0.1255316883
-0.05725987628
-0.007511875127
-0.05021558702
-0.06027996913
-0.07536133379
0.02086377516
0.02544360608
-0.01158472709
-0.009108655155
-0.0213593021
0.03369809315
-0.04226664081
-0.02526355535
-0.02656732313
0.03592676297
-0.08894103765
0.05263499171
-0.02089767344
-0.06910324842
-0.04110334441
-0.008396764286
0.02935095131
-0.03724917769
0.02407775633
-0.05596235394
-0.03457328677
-0.02945246547
-0.07569976896
0.03732539713
-0.0486799255
-0.009547010995
-0.02347757481
-0.02768478543
-0.05676232651
-0.09863304347
-0.002889216878
-0.01193175651
0.02688136511
0.02480785362
0.09195291251
0.1023181081
0.03594817221
0.01000594813
0.01756518334
-0.01707125828
-0.05455247685
0.01341952384
0.007641178556
-0.006883565336
0.0316019319
0.004731244873
-0.01519516297
-0.03423438594
-0.01812972315
-0.001797620207
-0.05296248943
-0.02222851664
0.009806485847
-0.0181126669
-0.03680780157
-0.001848917454
-0.01470334269
0.01222222205
-0.04154956341
-0.03462033719
0.01482260972
-0.02414143831
0.0382694006
-0.03996597603
-0.01149129402
-0.02442772314
-0.04821999371
-0.01326352451
-0.04900252447
0.000944927102
-0.009532505646
-0.03485236689
-0.02955325879
0.00663387822
-0.01975419186
-0.05280256644
-0.01253755763
-0.003653425956
-0.005094417837
0.01546246652
-0.01597176678
-0.006750483997
0.02248448133
0.02529654279
0.002700992161
-0.008714854717
-0.004018964246
0.01949784718
0.01604920439
0.03702440858
-0.01845098659
-0.02919706702
-0.03687835485
0.009757881984
-0.02305280231
-0.04976815358
0.01392994076
-0.03334080428
-0.0004386508081
-2.919598774e-05
0.000899449049
-0.004066002555
-0.0003658825881
0.005762007553
-0.00219366001
-0.006045091432
-0.009507681243
-0.00326581276
-0.0009028275963
0.006917901803
-0.001705068513
0.006380323786
-0.01034867577
0.001560063218
-0.007251880597
-0.001310171676
0.0003824717423
-0.001868696068
-0.001665290329
-0.001631007646
0.001770352712
0.004060822073
0.000556887011
0.006574080326
-0.000192819527
-0.003662433708
-0.009233328514
-0.005180613138
0.001855766168
0.0003738331143
-0.00338421762
-0.001665803255
0.001795138
0.007645485923
0.002278014319
-0.001527387765
0.0005859463708
0.002620649757
-0.0007710874197
-0.0005288259708
-0.002653849311
-0.003873152193
-0.002777846996
-0.00118565408
0.003631486557
-0.002394560957
0.004507279955
-0.000328030641
0.003798849182
0.0001661961869
-0.006236019079
0.003595236689
0.01471878123
-0.002139224671
0.0005493970821
0.002359545324
0.006699645892
-0.004121745005
-0.001814429881
-0.0002855815401
-0.001134285354
-0.003209551563
0.00319506973
-0.003990353085
0.002422802849
5.436583888e-05
0.002080618404
-0.002112071496
-0.002649143105
-0.001222083229
-0.00249926676
-0.001350990031
0.0003696760687
0.001540491125
-0.0004572771722
0.0007885669474
-0.0002677601879
0.002789100166
0.000572536781
-0.0009784837021
-0.002383638872
-0.001156292041
0.001335381181
0.0001252039801
0.0007265578606
0.001488812733
-0.001055186498
-0.001032252796
-0.001010466483
5.688657984e-05
0.001060598996
-0.003433631267
0.001021621749
-0.0002922484127
-0.0001514430915
-0.0003372920328
-0.001421361929
-6.909279182e-05
0.004015823361
-0.001115276129
0.003011751454
-0.0006078034057
-0.000861191249
-0.000162552984
-0.002359549282
-0.001007294399
-0.002665110165
0.0001945413387
0.001741958898
-0.0004232397187
0.001473084791
-0.0004826576915
-0.001540105441
-0.0002876359213
-0.001014263486
0.0006782628479
0.004053271376
-0.0004950088332
0.0003069856321
0.0005902809207
0.004433643539
-0.001739724888
0.001332018874
0.001619179151
-0.00113916141
-0.0003662574745
-0.001269073808
0.005041820928
-0.00250467658
0.002145156264
-0.0009067185456
-0.008834074251
-0.001151113538
0.004072270822
0.00890563149
0.003795913188
0.001145328977
0.001411232981
0.006383971311
-0.01031780988
0.011171408
-0.008773861453
0.002460072981
0.009549519978
0.0006214854657
0.00371815986
0.003347238293
-0.004196775611
-0.002417896409
-0.005414459389
-0.002241052222
-0.004328468814
0.002350883558
0.001017797855
0.004249718972
0.004218908027
-0.008178655989
-0.0008982487489
0.001209953218
0.002489540493
0.005063943099
-0.00977251213
-0.002874898491
0.00592805678
0.001871861634
-0.005839531776
0.00311354897
-0.003464094363
0.0007282978622
0.004815352615
2.452219996e-05
0.002647281159
-0.007464952767
0.006272819825
-0.001344880555
0.001596675254
-0.002343255794
0.002794149797
0.005115719978
-0.006130642723
0.0002500502451
-0.001481581014
-0.0008049908793
-0.0101986276
-0.005497978069
0.001889227889
0.006729470566
0.003141273512
0.003207224654
-0.002575440099
-0.003108881414
0.003342028009
-0.002695755102
-0.001235214877
-0.004935422912
0.001385392039
0.007857521996
0.0003586357343
0.003019799013
0.0002535974781
-0.002117474563
-0.001118888031
0.0002743755176
0.0002336520265
-0.001089752885
-0.003440434812
-0.006632704288
0.01090981439
0.001606075792
0.001330993022
-0.0060887984
-0.002242429415
0.004097602796
-0.001494584372
0.002342231339
0.0003749885655
-0.0002320656786
-0.001631927793
-0.001424609101
0.007383236196
0.002328169998
-9.358258831e-05
-0.000642549363
0.0007160064997
0.0009477045969
-0.0002105330932
-0.0008755645831
-0.004549983889
-0.004140675999
-3.273383118e-05
1.77322363e-07
-0.003134436673
0.003240155289
-0.001220599748
0.001003360259
-0.0003628196719
0.001162709901
-0.002115653362
0.001029363601
-0.001274078735
0.002926907502
0.0005041007535
5.854236224e-05
-0.001050282153
0.0006312374026
0.002011444652
-0.003816507291
-0.003848719178
-0.01190880034
0.00182759203
-0.001034831046
-0.007585776038
-0.0002636911522
-0.001164250076
0.0005327235558
-0.003998501692
-0.002055047778
0.003495411249
0.001431738492
-0.006480277516
0.00224296283
0.004953773692
0.007823339663
0.001652415376
0.0006219091592
-0.003913543187
0.002114824252
-0.002840971574
0.01229741704
-0.007489058189
0.006986121181
0.002190676518
-0.0008938713581
0.0004396039294
0.001344387652
0.002590055577
-0.006401093211
-0.004961219616
-0.0005577002885
-0.001893813955
0.00113185891
0.001701213652
0.003231525654
0.003720869776
-0.001697636093
0.0004284582683
0.002875447273
0.001373634208
2.074581062e-06
-0.004073296674
0.0001099260699
0.002987882588
-0.001290747896
0.001234465279
0.00125045958
0.002045472385
0.002645719564
0.004199875519
0.001545695006
0.001267685555
0.001896770322
0.003059659386
-0.003770349547
0.001366009703
-0.006372929085
-2.231811231e-05
0.003401825204
-0.00259998464
-0.007938508876
0.0008287625969
0.0003187354305
-0.003439090913
-0.004148425534
0.002681683283
0.002229984384
-0.002185889985
0.000224485033
0.003350794315
-0.001274923095
-0.002137693344
-0.001558790798
-0.0006149577093
-0.001561695011
0.001469724812
0.001098954352
7.888560503e-05
0.001732803066
0.00139826152
0.000196337729
0.0005564636667
0.0008836149937
0.003242591163
-0.0006612720899
-0.001364398981
0.001799501712
0.002467967803
0.0002628771472
0.0002069405164
-0.0003234892501
-0.0004290440993
0.0002500785631
-0.0006983633502
0.001695768442
0.00214540353
-0.0003883611644
-0.001669342164
-0.0007442456554
0.003159771208
0.001035832218
-0.0002681162732
-0.000445052021
0.0002834753541
0.002311171265
0.0002194150584
-0.003844638821
-0.0001108575671
-0.002824449213
0.0002812480379
0.000241253787
0.0003132914426
0.00218135654
0.0004696515389
0.001117724576
-0.0006809171173
0.0005140805733
-0.0003523974156
0.001074640895
-0.000770564191
0.001743862173
0.0009146454395
0.0004879497283
-0.001523322659
-0.002166863764
0.0008928921307
0.0003428905038
-0.0002442421683
0.0002069248585
0.001600786345
-0.00194898597
-0.002591808094
-0.0003014908871
8.820706717e-05
0.0009115730645
-0.001442745444
0.08149190247
0.05594008416
0.001491090283
0.09527888149
0.004499464761
-0.0173571799
-0.02886037529
-0.00147033867
0.06416492909
0.05399793759
-0.01105389744
0.08430754393
0.001322921948
-0.01479654852
0.07802890241
0.021140581
0.01453164406
0.01780304126
-0.1403733939
0.04435333982
0.001651219674
0.01516666263
0.008121664636
0.1368942708
-0.01991307922
-0.05444379523
-0.08509793133
-0.008313861676
-0.04288100079
-0.008436668664
0.04113924876
-0.01480632182
0.01704083756
0.05987392738
0.04400693625
-0.00705018593
-0.01099979132
0.01190449018
-0.06365524232
-0.0434391275
0.004818350542
0.03817998245
-0.003621588694
-0.001463139663
0.05162378028
-0.01224465668
0.04378616065
-0.0515567027
0.07989218086
0.03178198636
0.007491246797
-0.01957018115
0.113783434
-0.06496687233
0.02916910686
0.02268813737
0.04832778499
0.04230640456
0.001259725541
-0.02786147967
-0.05660365522
0.1358776689
-0.01230117679
0.07999750972
-0.01630510576
-0.01187752467
-0.01124552172
0.01336398534
0.001121098292
-0.03057766706
-0.00571427634
-0.00539034605
-0.03648849204
0.01940321364
0.02009640634
0.004284591414
0.002650014823
0.04556840286
0.04495671391
-0.01352399867
-0.05148134381
0.02050380409
0.006787775084
-0.01200191211
0.05162981525
0.01526103541
0.06353729218
0.01699628122
-0.02720734105
-0.01959403604
-0.00920263119
-0.02073430084
0.02891495079
0.006877892185
0.01520902477
0.001675368519
0.02572046965
0.01392179821
0.01612467878
-0.01374283433
0.0172559917
0.002758353716
0.01838110946
0.03307295963
-0.01348599605
0.001171958051
0.003290667199
-0.02016606368
0.02192723006
-0.03303739056
0.01820839942
-0.03449268267
-0.007069718558
0.01782735996
0.000228522782
-0.03198619187
0.03735770658
-0.01080895867
0.02563656867
0.01019483153
0.03782743588
-0.0325271599
-0.01050871797
0.01050503924
-0.01635729522
0.005912626162
-0.002193477703
0.0282939896
0.05164765194
-0.01385405008
-0.06986290216
-0.01255339012
0.067742154
0.03609915823
0.006894959137
-0.01360410918
-0.05042893812
-0.06829325855
-0.02614852414
-0.1038817167
0.01987827197
0.01734481007
0.005296757445
-0.004342419095
0.07365135849
-0.03235133737
-0.1267193705
-0.1060871035
-0.0124379443
0.06712124497
0.1842900366
-0.003962618764
-0.01091900654
0.02139354311
0.1548848003
0.05474635214
0.05067914352
-0.1423193812
-0.07723458856
0.002311651828
0.05278306827
-0.1089136004
-0.03710164875
-0.02944354713
0.003084348049
-0.1473205835
0.1870183349
-0.0567388013
-0.05661053583
0.07629880309
0.1086830422
-0.0338126272
0.02104193904
0.05873332545
-0.08192166686
0.1010035202
-0.06319746375
0.02495463379
0.04290536046
-0.07703705877
-0.09181944281
0.02819180489
-0.03744620085
-0.01825281605
0.03568551689
-0.08788020164
-0.04328502715
0.01235315297
0.004965632223
-0.06693675369
-0.1104427502
0.02104383335
-0.03280754015
-0.01500574779
-0.02033071965
0.06973942369
0.1259886473
0.01931266487
-0.01884996891
0.0337456651
0.02075410075
0.009514817968
0.02693621255
0.03506416455
0.02002182417
-0.0235674046
-0.02773283422
0.07697723061
-0.01266688015
-0.02156605572
-0.006536517758
-0.005781840067
0.0006008148775
0.007192797959
0.006686587818
0.01030154154
-0.01521773357
0.001022996032
-0.03135709465
0.01486817189
0.002247261349
-0.001246933243
0.00307889469
0.03979517892
0.05940977111
-0.01804282889
-0.02313271724
0.02311369404
0.01313542016
-0.01213397831
0.005253580399
-0.01173050608
-0.03130783886
0.02683526278
0.03068996407
-0.001241531223
0.06611411273
0.08142971247
-0.0370654054
-0.006475431845
-0.01222714409
0.0108878566
0.003423132002
0.04087929428
-0.01998710074
-0.03903089091
-0.01062931865
0.01732307859
-0.04473721981
-0.01012023818
0.05898855999
0.09687180072
0.02731776051
-0.007814085111
0.0008699252503
-0.052099213
-0.1217132807
0.01012619119
-0.03788299859
-0.08326696604
-0.07310836762
-0.02929816954
0.02832905389
0.04775951058
-0.00314540253
-0.04647947103
0.1267930716
-0.001540131168
-0.1304943562
-0.1802182347
-0.09665644169
0.06414738297
-0.01189290639
0.01349823922
0.2299856395
-0.04376884922
0.08526657522
-0.1476076394
-0.1673069745
-0.01038687769
0.01180680841
0.02294372395
-0.1341099143
0.03373355791
0.02991884947
0.01399610844
-0.07287869602
0.01916795783
0.01641723327
-0.02607776597
0.02361440286
0.0627643615
0.09369507432
0.03967188299
-0.2282672822
0.05692281947
0.04707520083
0.01983288117
-0.1872924119
-0.05837498978
-0.04246104136
0.006935759448
0.01626098715
0.05300463736
0.05707928166
-0.01072524022
0.03481063992
0.04730661958
-0.1040076688
0.08195587993
-0.0001131072422
-0.05098378286
0.04435772821
0.05529658869
0.09018044174
0.03487659618
0.06388325244
-0.05815363675
0.08672620356
-0.1253128797
0.0183910802
0.03988041356
-0.01299848221
-0.009409171529
-0.02644951455
0.04767805338
0.01636173204
0.03630000725
-0.005191101693
0.02602099814
-0.002425808925
0.05340500548
-0.01426678337
-0.01832109876
0.03171544895
0.08245099336
0.05214492232
-0.008412250318
0.03239469603
0.003614941845
-0.02926609293
0.007291640621
-0.06780856103
-0.01120913401
0.03036185913
-0.01774767786
-0.01504005864
0.02784532122
-0.02969435975
-0.04753940925
-0.05004640669
-0.003706390038
0.0627207011
-0.02585527301
-0.009230655618
0.08648646623
-0.01415356994
-0.003205657005
-0.05966551229
-0.03923538327
0.05780137703
0.01891974173
-0.04439362139
-0.01282353699
-0.009976675734
0.02123107947
0.03604158387
0.05449430645
0.008067130111
-0.005798162892
-0.0436218828
0.02478322573
0.007950636558
0.01139346603
-0.009099535644
-0.0442635566
0.008358869702
0.06664871424
0.04720441252
0.009972267784
0.01621715911
-0.02757278457
-0.0188190043
0.009812158532
0.0003507647198
-0.001946189674
-0.0001364284544
0.006381380837
-0.002927802503
-0.00623359764
-0.008233079687
-0.002001087647
0.001252342481
0.00460160803
-0.002283340553
0.008119838312
-0.01472141407
0.005818793084
-0.006390238181
-0.0007394719869
-0.001940953895
-0.002413525712
-0.002986833453
-0.002158975694
0.008625108749
0.004178410862
-0.0008684923523
0.002079115948
-0.0003390501952
-0.002565741073
-0.004739908502
-0.002620894695
0.002893048339
0.0004050432472
-0.001999301137
-0.001584245125
0.0008138091071
0.007676028181
0.001829891466
-0.00249663624
-0.001799916616
0.002519892529
-0.00485261064
-0.0008724043146
-0.002748647239
-0.00330382213
-0.003215246135
-0.001381719252
-0.001325185993
-0.002246841555
0.001985704061
-0.001645877492
0.003457249841
0.0005281531485
-0.00643151626
0.005294017028
0.004869979806
-0.001435089041
0.000561589899
0.004520571325
0.005620197393
-0.003530320944
-0.001837234362
0.0002427989675
-0.001909779734
-0.0005109765916
0.001900301548
-0.0003779839899
0.001867076615
0.0003711011959
0.002496005036
-0.0005891988403
-0.00222449447
-0.001172670745
-0.001950093778
-0.001170580275
0.001112466445
0.001913626562
0.0001076759072
-0.000593606499
0.0006964133354
0.002344775712
0.0006901015877
0.0003301118559
-0.002159557538
-0.001020381926
0.001302321092
0.0004279949644
-0.0001008653126
0.001146253897
-0.0007954917965
-0.0016139074
-0.0009815063095
0.0008268052479
0.0009025520994
-0.00199882593
0.0002193405671
0.0001313382963
-0.000100095458
0.0001123379552
-0.001194030861
0.0001237280667
0.001751123811
-0.0001953900792
0.001437653555
-0.0003352507483
-0.0005121324211
-0.0003281871323
-0.001704879687
-0.001147723291
-0.001922565512
0.0004066185211
0.001118952059
0.0003724473645
0.0008886306896
-0.0001837950258
-0.001584257931
-0.000253045524
-0.0006240014336
0.001299786149
0.003333726199
-0.0002800240181
3.064298289e-05
0.0004007030511
0.0005727248499
-0.001417154446
0.002041938715
0.00114695332
-0.0009010219947
-0.000139099473
-0.0006992506096
0.002655162942
0.01693904214
-0.04796083644
0.0233448986
-0.04877789691
-0.04311816022
-0.02333277091
-0.02058652416
0.000267583353
-0.02486384101
0.01874947175
0.004908533767
0.01440552156
-0.03762028739
0.02164458483
-0.05615647137
-0.02740365081
-0.05044465512
-0.001899465336
0.07818637788
-0.001568890759
-0.06209330633
0.01882376708
-0.06187780946
-0.03904932737
-0.005854519084
-0.02322907373
0.006457081065
-0.04161864147
0.01953993738
0.01888784394
-0.02455540933
-0.002462750534
-0.01326533593
0.02197878435
-0.007785344496
-0.0009611254209
-0.015990749
0.001429882483
-0.06310530007
0.03970815614
-0.01440400444
-0.0545665957
-0.0513863638
-0.0007628074382
-0.01847751625
-0.007457674947
0.006524131168
-0.0315518491
-0.006532163359
-0.01993228309
-0.03426308557
0.03472231328
-0.02366238646
0.02295923792
-0.005535421427
-0.01526958495
-0.02778153121
-0.06706675142
0.00765452208
0.0008008506265
0.01751427539
-0.01969808713
0.05686695129
-0.01500838622
0.01624639146
0.01149833482
0.01655612886
-0.02243876457
-0.04336532205
0.008926658891
0.004560777452
-0.003910934553
0.01133699901
0.000791230239
-0.01380467601
-0.01579420082
-0.01582274772
-0.007288493682
-0.0255287867
-0.01381453313
0.00692088902
-0.008593239821
-0.02314959466
0.002462454839
-0.008712644689
-0.003605462844
-0.02242874727
-0.02593561076
0.01391936932
-0.01046556514
0.01747659221
-0.0257840734
-0.01372897625
-0.01827556267
-0.02243481018
-0.01213389169
-0.02942229435
0.001318991184
-0.0019698455
-0.01649421081
-0.02090139315
0.005313184112
-0.01389653515
-0.02848342992
-0.001539808814
-0.0002623877081
-0.003782539628
0.006504876073
-0.0204237923
-0.00169990852
0.006907183211
0.01258928794
-0.003314106958
-0.006207852624
-0.001146441558
0.01198213082
0.003930396866
0.01441103779
-0.0003245928674
-0.01612573117
-0.01125563961
0.004545612261
-0.01436931267
-0.03077768534
0.00622491166
-0.01383464318
-0.009756432846
-0.001767701353
-0.001199133345
0.0007240329287
-0.0006384035223
-0.005045622587
0.0006957100704
0.004041844979
0.005168748088
0.003016402246
0.0007885587984
0.0008548264741
0.004755338654
-0.007695993874
0.006869303063
-0.003157769097
0.001394350198
0.004604822956
8.201811579e-05
0.002534936182
0.003456960665
-0.003743569599
0.0008038667147
-0.002421916928
-0.001501308405
-0.004074709956
0.0008056063089
0.001126286457
0.003215237986
0.002406598069
-0.005527415313
0.000328344322
-0.000691111607
0.001133607002
0.002302794717
-0.00708904909
-0.002455989597
0.003748409683
0.001908319071
-0.004066820256
0.001357050496
-0.0006654877798
-5.195435369e-05
0.004566628486
0.0009411937208
0.001181121799
-0.003794263117
0.003193809418
-0.0009385859594
0.0005972633953
-0.001262923819
0.002268717857
0.005328935571
-0.003991095349
-0.002563415794
-0.0004057272454
-0.0007543416577
-0.006122396793
-0.004430241883
-0.001097222324
0.003314483911
0.002153787063
0.001743389177
-0.001856672228
-0.003872552188
0.001301378594
-0.001272607478
-0.0003315485083
-0.00297723827
0.001012634253
0.004797320813
0.0009609648259
0.001932875253
1.473397515e-05
-0.001382109709
-0.0006468367064
0.0004682210856
0.002100790851
-0.0007099017384
-0.001889621257
-0.002927035093
0.006520824041
0.0009877551347
0.0006985419895
-0.001492271083
-0.000788330799
0.00202036649
-0.0009917580755
0.001533063827
0.002113981172
3.795266821e-05
-0.000897898688
-0.0009212524164
0.005151875783
0.0007552165771
-0.0001531538146
-0.0003924979828
3.027420462e-05
0.001254435978
-0.0002698110475
-0.0004001060443
-0.001222690451
-0.001620486379
5.593836613e-05
0.000497900648
-0.0003132587881
0.002398259472
0.0002896022052
0.001851500361
-5.486505688e-05
-4.482188524e-05
-0.0004173359484
0.0008165215841
-8.207833162e-05
0.00222050678
0.0003839141573
0.0005798624479
-0.0006284656702
-0.0005512376665
0.00122887711
-0.002240785863
-0.001933335094
-0.00576868793
0.002011028118
0.0007381769246
-0.004088068381
0.0003237812198
-0.0007459301851
0.0001602588309
-0.002338694874
-0.001104234369
0.0005011705216
-0.0003682971874
-0.004240529146
0.0006071615499
0.003500059247
0.004507297184
0.002486862242
0.0004376542929
0.0007521418156
0.003969351295
-0.006584293209
0.006160857156
-0.002122691367
0.00149639172
0.003681397531
6.940621097e-05
0.002092834562
0.002729975386
-0.003388213459
0.001373468433
-0.001571528614
-0.001554828486
-0.003262430895
0.0005464851274
0.0009801394772
0.002872252371
0.001751276897
-0.004765236285
0.0003993047576
-0.0004843306669
0.0008950799238
0.002245486714
-0.005842226092
-0.002042262349
0.003364871955
0.001733675133
-0.003413032275
0.000821161957
-0.000571661687
-0.0001162718472
0.004455969203
0.0007860113401
0.001010554726
-0.002600835636
0.002726587933
-0.0006239076029
0.0005717498716
-0.000956663338
0.0019416
0.004499487579
-0.003458349966
-0.002969914349
-0.0004845662916
-0.000569040305
-0.005027814768
-0.003861826845
-0.001523614163
0.002703492064
0.001712244935
0.001389690093
-0.001181918662
-0.003683400806
0.00113235449
-0.001025009318
-0.0003427597985
-0.00239250483
0.0006882192101
0.003915300127
0.0007787325885
0.00168673275
-0.0001454335579
-0.001151866396
-0.0006687573041
0.0002367804846
0.002341708168
-0.0007052539731
-0.001551797148
-0.002332691569
0.005444346927
0.00081065821
0.0006126792287
-0.0008044802235
-0.000639595266
0.001765353023
-0.0008410352166
0.001207672409
0.002130709821
7.685332093e-05
-0.0008011473692
-0.0008875305648
0.004445861559
0.0007185225841
-0.0001703059243
-0.0003307211446
-0.0001027865001
0.0009839482373
-0.0002196997229
-0.0003531049297
-0.0009690429433
-0.001190782641
4.496761176e-05
0.0004082556698
-0.0001062348238
0.001934768166
0.0003634514869
0.001657087356
-3.795828889e-05
-6.550002581e-05
-0.0003912350512
0.0007279015263
-0.0001249880006
0.001903008204
0.0002964004525
0.0004934977624
-0.000545328483
-0.0004403862404
0.001020914991
-0.00183196587
-0.001609540777
-0.004326362628
0.001672020415
0.0009547512163
-0.003112847451
0.0002926033922
-0.000548899523
0.0001983569673
-0.001884119119
6.406838656e-05
-0.001831690432
-0.0001207717432
0.006206234451
-0.0027590557
-0.005896937102
-0.008710801601
-0.001885400037
0.001820277772
0.004936146084
-0.001988610253
0.008537229151
-0.01557140704
0.00682393834
-0.006661068182
-0.0006939489394
-0.002076963894
-0.002303440357
-0.003057279624
-0.00209666905
0.00850555487
0.004670477007
-0.001241534832
0.00179892499
-0.0003292251204
-0.002661023522
-0.004411109257
-0.002545382595
0.003415705869
0.0003874815593
-0.002437905874
-0.001587619307
0.0008315147134
0.007956231013
0.002007821342
-0.002461509546
-0.001765438123
0.002430891851
-0.005410283804
-0.0009194876184
-0.002545736032
-0.00227311952
-0.003232572926
-0.001454786863
-0.00149138167
-0.002020569518
0.001841890626
-0.001808741945
0.003450915683
0.0005792912561
-0.006606527604
0.005635811947
0.005197070539
-0.001601883676
0.0006535511347
0.004654756747
0.005590954795
-0.00419302471
-0.001675482607
0.0002696246374
-0.001864618738
-0.0007844243664
0.002210127655
-0.0006333983038
0.001955496147
0.0004018653999
0.002907306654
-0.0006257726927
-0.002442698926
-0.001254987204
-0.001991184894
-0.001324834651
0.001187582384
0.001817535493
0.0001015520538
-0.0009029817884
0.0007726280601
0.002432417357
0.0008792371955
0.0005384205142
-0.002264213981
-0.001053178916
0.001511626062
0.0004259623529
-0.0002339993807
0.001172859105
-0.0007335073897
-0.001819386729
-0.001021837466
0.0007926229737
0.0009563103085
-0.001824193168
0.0002625742345
0.000108696855
-9.147672245e-05
9.519612649e-05
-0.001166849863
0.0001055452667
0.001606552396
8.33159429e-05
0.001276308787
-0.0003494723642
-0.000500114751
-0.0003745040449
-0.001906630001
-0.001236297074
-0.001976690954
0.0004617889645
0.001206257497
0.000281146873
0.0009323430713
-0.0001674098457
-0.00162152783
-0.0003137886815
-0.0006613974692
0.001353711239
0.003584441729
-0.0002656055149
-0.0001295053662
0.0004000451299
0.000204380267
-0.001462678309
0.002155279974
0.0008854204789
-0.0009618052864
-0.0001467127731
-0.0007346612401
0.002774400404
-0.002339353552
0.002595431171
-0.001601474709
-0.009773052298
-0.0006709570298
0.004427536391
0.008199371397
0.003776387544
0.002146682469
0.001125091105
0.006555065047
-0.01223185472
0.01040941104
-0.007970570587
0.001917012618
0.009070828557
0.0006231040461
0.004321253859
0.004230495542
-0.00454785442
-0.004885957576
-0.006148261484
-0.001746375579
-0.003705729963
0.002276716754
0.0008357989718
0.003617885988
0.003440436907
-0.007097785827
-0.001363586751
0.0009755993378
0.002506626537
0.00403810339
-0.0101362532
-0.003143896582
0.00498238625
0.001998469699
-0.00656092586
0.005526502151
-0.003063614713
0.001070025959
0.004128867295
0.0005120603601
0.002479456831
-0.008328905329
0.005591013469
-0.001461650478
0.0003165934468
-0.001801306615
0.002560643479
0.006210232154
-0.006002083886
0.001172174467
-0.001646450954
-0.001000971766
-0.01037756912
-0.005050775129
0.002846618183
0.006557484157
0.003045457415
0.003587943036
-0.003271496855
-0.0007425215445
0.003593053669
-0.002533978084
-0.0008732437855
-0.005560539197
0.00124724838
0.008584775962
0.0004059451749
0.002628876129
0.0006908649229
-0.002718692645
-0.001335965237
0.0003036496928
-0.00169016677
-0.0004875555751
-0.00355725293
-0.006637176499
0.01123510301
0.001927887672
0.001330824452
-0.006529045757
-0.002031328157
0.003548683133
-0.001492945128
0.002114227507
-0.001013776171
-6.759819371e-05
-0.001153582474
-0.001189588686
0.007215148769
0.001815757598
-1.314848851e-05
-0.0003854001698
0.0006988932146
0.001206244575
-0.0004110148875
-0.0008476138464
-0.003713186365
-0.004537316971
-0.0001027137041
-8.703336061e-05
-0.003264569212
0.00313272723
-0.001212155796
0.0007699920679
-0.0001767953509
0.00106065697
-0.002027662238
0.0006550827529
-0.0008106165333
0.002474180423
0.0002300740889
7.81546114e-05
-0.001073052874
0.000233001454
0.001820960548
-0.003925213125
-0.00394926127
-0.01220453344
0.001710704993
-0.001736536389
-0.008011393249
-0.0001991355675
-0.001091454877
0.0004142318794
-0.004364864435
0.06546884775
-0.06778079271
0.01053187996
-0.06549400091
-0.07544587553
-0.008659075014
-0.03440355882
-0.005409475882
-0.03656955436
0.02268963866
0.03240573034
0.01851577125
-0.03808446601
0.008018016815
-0.09434562176
-0.04286370054
-0.05785520375
-0.01264183223
0.1500672102
0.005717479158
-0.07767485082
-0.004167367704
-0.1066974029
-0.07275583595
0.0083578825
-0.03614753857
0.02266976051
-0.04242347553
0.01986397058
0.02437283285
-0.02984576672
0.004077381454
-0.0099073397
0.004380303435
-0.04613266513
-0.01365967281
-0.03151528165
0.01189191174
-0.08319562674
0.06166442111
-0.01715704054
-0.06973591447
-0.08426515013
0.003012278117
0.01806888543
-0.006964371074
0.006698239129
-0.01550802216
0.02931524068
-0.03761936724
-0.04147463292
0.02579620294
-0.09558337927
0.04225342721
-0.03479995206
-0.03994617984
-0.04984145239
-0.0387798287
0.002781439107
-0.003636073787
0.03155115992
-0.03019708395
0.08953502774
-0.0008675716235
0.02730929479
0.007327384315
0.01108725462
-0.02382851765
-0.05047750846
0.02135819942
-0.004954991862
0.005503354128
0.03938385844
0.006534568965
-0.01218722481
-0.01822191291
-0.02206679061
-0.01796162128
-0.04677215964
-0.01114840712
0.03349883482
-0.01674052328
-0.02734271809
0.005241869949
-0.03502210975
0.002828584053
-0.05741293356
-0.02464907989
0.02255198173
-0.01470302138
0.02492472902
-0.02457482554
-0.01994259097
-0.02257736772
-0.03411329165
-0.01237023622
-0.04503870755
-0.005146619398
-0.007047363557
-0.02778184228
-0.02792460658
0.003426881041
-0.03040294349
-0.04294487089
0.002556374064
-0.004569964483
-0.0228230413
0.008285229094
-0.01996678114
0.0003099614114
0.003847070504
0.02585898526
0.003423718968
-0.005136895925
-0.003714364721
0.01752720401
-0.01336293016
0.02725555189
-0.005155860446
-0.0227232296
-0.02813518979
0.02020748518
-0.02208923735
-0.04055540264
0.01184569113
-0.01855592616
-0.004734577145
-0.008634603582
0.03461886197
0.02393078618
-0.0007445198717
0.04813051596
0.002166437916
-0.01311503351
-0.03485483304
0.0006946962094
0.04974073544
0.04171539843
0.002271239879
0.0432145372
-0.0190103557
0.006616012659
0.04263935983
0.005222330801
-0.007824676111
0.01180787664
-0.05386489257
0.01860201731
-0.02168945037
0.009303429164
-0.003494556993
0.06576178968
-0.02103199065
-0.03264854848
-0.07447705418
-0.01546071563
-0.01653090119
0.001918922411
0.02118185721
-0.01035809238
0.0150118852
0.04339852184
0.01909044757
-0.007942705415
-0.01038013399
0.0285220854
-0.05079380423
-0.0122658778
0.00172484864
0.01351095177
-0.01321841776
-0.008689731359
0.02736030333
-0.01492378768
0.04162795469
-0.04161159322
0.02678330801
0.02163829096
-0.01158666145
-0.01053613052
0.09367987514
-0.03287078068
0.004452301189
0.01368871238
0.01788293198
0.03794156387
-0.001161872526
-0.0269233156
-0.02682730742
0.05597435683
0.01759033464
0.04980836436
-0.004280523863
-0.006295539439
-0.02118624002
0.003863195423
-0.004007449374
-0.01759069785
-0.01158661488
-0.01103467401
-0.0261558257
0.004687486682
0.02026569657
-0.02346066572
-0.01809288561
0.02917866409
0.01674903184
-0.02066734806
-0.03094314225
0.01213761326
-0.002860986628
-0.02278472297
0.02255609259
0.0108142253
0.0337030068
-0.006058857776
-0.01915265061
-0.03039130941
0.009982584976
-0.02098847367
0.01730255038
0.00689483434
0.008891694248
0.005122973118
0.01192846615
0.01266143937
-0.005311024375
-0.03218043596
-0.006440282334
0.005435549654
0.01276186015
0.02016701177
-0.01058094949
-0.01003716048
-0.01186213177
-0.01697921008
0.0142088905
-0.02741874568
0.009210695513
-0.01325389929
-0.001658757566
0.006385633722
0.0004803978081
-0.03114711493
0.02293891646
-0.005131534301
-0.006419361569
0.001756942016
0.0001595161739
-0.01823254302
-0.0268059317
-0.02813882753
-0.01555705816
0.008101101033
0.003289404558
0.02917145751
-0.1322417855
-0.008408954367
0.01378164161
-0.03635863215
-0.01327869203
-0.02542450093
-0.01761719398
0.006489966065
0.02493515797
0.03239195421
-0.001201160601
-0.01271185931
-0.007321457379
0.02869446762
0.04646751657
-0.01748624817
-0.03574464843
0.003558495082
0.02401763201
-0.01188204996
-0.03331725672
0.02031058446
-0.034330789
0.021834841
-0.01356294937
-0.01124734897
-0.06330424547
-0.02467604913
0.01956137642
0.01514989138
-0.02335274033
-0.008920943365
-0.005021641497
0.03955965117
0.003317962866
0.006792616565
-0.008921079338
-0.003920929506
-0.04552602023
0.01683403738
0.0002045863512
9.944458725e-05
-0.02189477533
-0.008053387515
-0.02233205922
-0.004447810352
0.0201970581
-0.04650783539
-0.003442690242
0.000505319389
-0.02946907468
0.001299720607
0.08276284486
0.01821430959
0.002500311006
-0.004393822514
-0.008582727052
-0.00623004837
0.0169036556
-0.01782925986
0.0001718513813
-0.03713807464
0.03796596825
0.04843842983
0.005481789354
0.002169568092
0.01125238463
-0.006091451272
-0.02197199315
-0.003570394823
-0.005564820953
-0.001956896624
-0.005626242142
0.005161283538
-0.0007732574595
-0.009410768747
-0.01365319639
0.01004954893
0.00187031494
-0.009439481422
-0.01933462918
-0.0005834879121
-0.00741270883
-0.01291753072
0.006225674413
0.00137806579
0.009009378031
-0.01964823157
-0.0048636836
-0.0179566294
0.01324896049
-0.003183012828
0.004908586852
-0.01036315598
-0.006727822591
-0.002544883173
0.003278398653
0.005001580343
-0.005571566056
0.003659864888
-0.01685610041
0.002952363575
-0.0002068251488
-0.006475584116
-0.002199085895
-0.003067414276
-0.005335267168
-0.004415654577
-0.007052324247
-0.008001575246
0.007248556707
-0.001067843637
-0.003509500995
3.547607776e-05
-0.002402311657
-0.006235630251
0.02173749357
0.0032867759
-0.002941254759
-0.008703702129
-0.005992771126
-0.005910798442
-0.002315465128
-0.02142921835
-0.005856159143
-0.007668478414
-0.006629432552
0.01763913035
0.002335818252
-0.001602191827
-0.0008356716135
0.003852342488
-0.001855534385
-0.004257285502
-0.003645552322
-0.001241576858
-0.00142223225
0.0001894979359
-0.001805984881
0.0007731554215
-0.005355826113
-0.0003277320066
-0.002280336106
-0.003228636924
-0.0004957205965
-0.001317316084
0.0001543339458
-0.003706743941
0.002711046487
0.001402755268
0.002038013656
-0.0002687030064
-0.0008878177614
-2.094312913e-05
-0.003802946536
-0.002235415159
-0.0005136515829
-0.0002687784145
-0.001017806586
-0.0008603992173
-0.0005246080691
0.001219564117
-0.001561831799
-0.002321934793
-0.0004259691632
-0.001089104568
0.00100475119
-0.0002404420229
-0.003202901687
-0.006847667973
-0.0003462752211
-0.0007761338493
-0.0008113728836
-0.002532063518
0.002043401822
-0.0007610548637
0.003010497894
-0.0006861412548
-0.0007595905336
0.001228646608
0.004278515931
0.0006082406617
-0.0007700006245
0.002028845483
0.001081738621
-0.0002011501638
-0.002472304739
0.001543708029
-7.378306327e-05
-0.001432269928
-0.002228546189
0.002397292992
0.0009030805668
0.0004308139323
0.000102889695
-7.248273323e-05
-0.0001048750783
0.0003806870955
-0.0009191961144
-0.0004611647455
0.0002993626404
0.0001106119162
-0.001081724884
-0.000805441814
-0.0009889337234
0.0003690544982
-0.002471510787
-0.003313293215
0.0006655854522
9.702336683e-06
0.001057159156
0.0006672487361
-0.001070007333
0.0002428389853
-0.001382218441
-0.001238182536
0.0009118521702
0.001468782895
0.0003359769762
-0.002600569511
-0.001183785964
-2.750239946e-05
0.0003699709196
-0.0003320796532
-0.001676989952
-0.0002181724121
0.0009958114242
-0.0002428023727
0.001445505186
-3.418946289e-05
-7.359404117e-05
6.234933244e-05
-0.001117355656
0.0004468307598
-0.0002191218373
0.0002993831004
-0.002620411338
0.001059576403
-0.001287196996
0.0009205822716
-0.001211087219
-0.0007496044855
-9.55563155e-05
0.0009316650103
-0.0006379554397
-0.0005780227366
0.0005433451151
0.0003995782463
0.00157652807
-0.0007294333773
0.00116446754
0.003299009521
0.0007859457401
0.000102834405
-0.0003464264446
-0.0005232476979
0.05800641701
0.03229027614
-0.01557259448
0.0361931622
0.09204910696
0.03877648711
0.004456140101
-0.06058816239
-0.01813981682
-0.1181851029
-0.02767342888
0.0006240363
0.1456379592
0.00712066656
0.1005361006
0.0460202992
0.09086487442
-0.0195718836
-0.1955094934
-0.1268163323
0.03871307522
-0.009598470293
0.08536207676
-0.03493796661
0.003634381574
0.1033626124
0.1429264545
0.03878877312
-0.009035775438
-0.04869101569
0.006839013658
0.02483931184
0.0458813794
-0.1367973089
-0.1133251488
-0.0140847927
0.009656628594
-0.1279769689
0.17556566
-0.07902446389
0.003682533279
0.02300203405
0.1616894901
0.003190283431
0.1311815083
0.04204098508
-0.02824987471
0.1319156885
-0.02010340616
-0.002371000592
0.06470935792
0.004480497912
0.02620635554
0.08582492918
0.01211992744
0.01270708442
0.02021367475
-0.08439022303
-0.06104803458
0.02292299829
-0.02125441097
0.1142280698
-0.09884353727
0.1377909333
-0.04110416025
-0.01064348035
-0.01571827382
0.03344241157
0.07482362539
-0.0094521055
-0.01687500067
-0.0004705737811
-0.002723179758
-0.001903999946
0.0105686998
0.009052833542
0.01735867187
-0.04605614766
-0.01572156139
-0.03676091507
0.006966979243
-0.0003094707208
0.01873896644
0.0142118847
-0.009032920934
-0.02367379516
0.002124483464
0.03088207357
-0.009227725677
0.0345688425
-0.0581843704
0.07460808009
0.006636642385
0.03480957821
0.06151748076
0.01752634905
0.007517904509
-0.001407895936
0.02588596381
-0.01443145983
0.0561421141
-0.009596017189
0.01465978008
0.03758305311
0.001034116605
-0.007332565263
0.002743267454
0.000928296824
0.01939303055
0.02324107662
-0.05871227384
-0.0261637941
0.002919682534
-0.006266541313
0.02210119739
0.003497291123
-0.06345880032
-0.05023480207
-0.01281357184
0.04251756519
0.003034299472
-0.003945652395
0.01006800774
0.04562496766
0.001636226196
0.04739563167
0.01171117555
-0.03256028891
-0.01840787008
0.02738325484
-0.0156634599
0.04438113049
0.0260426458
0.04509434104
0.01952078752
-0.03235366195
-0.004130383022
-0.04918093607
-0.04367767647
-0.02713405155
0.05290297419
0.0002349794377
0.08234104514
0.02918266319
0.06851942837
-0.01584318653
-0.10880211
0.01466729771
0.04836218804
-0.006326177623
0.06417293847
-0.01832588017
0.02150755376
0.05231538787
0.06124326959
0.03530174121
-0.003649483202
-0.02875539102
0.07782740146
0.01758133806
0.01231729239
-0.04283600673
-0.005706201307
-0.02172375843
0.002628027694
0.007412892301
0.05811148882
-0.04841371626
0.004770722706
0.04340019822
0.04251743853
0.01546980813
0.03565895557
-7.902947254e-05
0.01117517054
0.07288956642
-0.03043317422
0.01101164147
0.04022393376
-0.03563551605
0.1215030327
-0.01287184842
0.01261812262
0.01350303553
0.005462117493
0.02396382205
-0.03621502966
0.02848055959
-0.01913318597
0.04486426339
-0.06612410396
0.04658919945
-0.02006868459
-0.01465082075
-0.02247451991
0.0207704287
0.05402880535
-0.01526384894
-0.009635604918
-0.008874787018
-0.005104109179
-0.01598808914
0.01433709916
-0.01298461482
0.02080660686
-0.01587495022
-0.02363675646
-0.01413114835
0.004901934881
0.00827386789
0.005213330965
0.008655658923
0.002780402778
-0.005580661818
0.007025463041
0.02263056673
-0.009336805902
0.02675325423
-0.03464027867
-0.003735237522
0.01784825325
0.03743452579
0.04733797163
0.01001819596
-0.01142857689
0.00202136673
0.01081170142
-0.03859352693
0.03734845296
-0.004757450428
0.01505356189
0.03256647661
-0.01925159059
-0.008051603101
-0.0005963170552
0.002782359254
0.01539995335
-0.004752633162
-0.0201194156
-0.0262265671
0.01005370077
0.0001612364576
0.01826770417
-0.004724104889
-0.02889313735
-0.02087647654
-0.007016729098
0.02593714185
-0.005534846336
-0.00983017683
-0.007763876114
0.03022559918
-0.001020192634
0.03791284934
0.02465303615
-0.01815016568
-0.002111285226
0.003637644462
0.0005648421356
-0.006251375191
0.0001411557605
0.004391402472
0.007220764644
0.001167293172
-0.001116370549
-0.006008043885
0.001835131436
-0.00235137553
0.01597406156
-0.007957546972
0.006340396591
0.001279053278
0.0006497991271
0.0006246212288
0.002364298562
0.002412782051
-0.0051875934
-0.004075008444
0.000302869099
-0.005842947401
0.0008312616264
0.002525940537
0.006336492952
0.001581577933
-0.003230268834
0.0002137070551
0.001013573143
0.001559695462
0.0008605155745
-0.006574190687
-0.002279463923
0.002719367156
-0.003945366945
-0.001351250103
0.001416480634
0.001311974949
0.0004561221285
0.003195225028
0.001721834531
0.001472917502
0.003614857327
0.001722487505
-0.005051930901
0.0009918136057
-0.00604180526
-0.001230710419
0.003864825238
-0.002360191895
-0.006902697962
0.0009854482487
-0.0005836898345
-0.004575001076
-0.005711127538
0.005887522828
0.0007782533066
-0.0003368168254
0.0002883608977
0.001640380942
-0.002668111585
-0.002187291626
-0.001910572639
-0.0004307700437
-0.002512895968
0.0008694414282
-0.0005121866707
0.0007953190361
0.002051709918
0.0003734676866
-0.0005663081538
-0.000926828885
0.0003497681755
0.003315480426
9.097732982e-05
-0.002395893913
0.001154732308
0.003597700037
0.00196934212
0.0008512577042
0.0001407465024
5.969105041e-05
-0.0005988284829
-0.001084557036
0.0006337511004
0.003430190962
0.0006822788855
-0.0001472530712
-0.001180173364
0.0002174468245
-0.0001031034481
0.0002448075393
3.07939481e-05
-7.493640442e-05
0.0009921311866
0.0001139648812
-0.002069449285
-0.0003986014053
-0.002377748722
0.000487503421
0.0003157920728
0.0002410970046
0.001724936767
0.001117097912
0.001498492784
-0.000672915543
0.0004094476753
6.953167031e-05
-0.0003656665795
-0.0001133543701
0.001451968215
0.0004982795799
0.0007583288243
-0.001059297007
-0.003350439016
0.0003539346508
-0.0001775335404
-0.0001025099045
-0.002658333629
0.001640256727
-0.003286109306
-0.002484133933
0.0007973410538
0.000652509334
0.001259532059
-0.00253960886
-0.001504995394
0.001640619594
-0.001248018933
-0.009083227254
-0.0002659314778
0.004501441028
0.008379504085
0.003915179521
0.0008828250575
0.0005423356779
0.006352397148
-0.01307711937
0.01066499297
-0.007591880392
0.001608104329
0.006992632523
0.001140025677
0.004042410757
0.004469553009
-0.003643709933
-0.003589766799
-0.005374252796
-0.001308325329
-0.00575293554
0.001948536257
0.001412583399
0.005212427583
0.003775963793
-0.008373140357
-0.0003044291225
0.001500735059
0.002121955156
0.003858912038
-0.0115166232
-0.004032674711
0.005145067349
0.002105204156
-0.0053487923
0.004548533354
-0.002313008066
0.0002765073441
0.004415583797
0.001008357969
0.002338873688
-0.00729779806
0.00484600896
-0.001131512341
0.0009793351637
-0.002729064319
0.002437691437
0.006967197172
-0.00579308439
-0.0001820256439
-0.0001369070087
-0.001164486748
-0.009500324726
-0.005995648447
-2.110352216e-05
0.005315723829
0.003303328063
0.003115163185
-0.002672298113
-0.004063535482
0.003504371271
-0.002491208259
-0.0006855353713
-0.004812866915
0.001046795282
0.007525844965
0.0009022767772
0.002653568052
0.0005999624263
-0.002339212457
-0.00115409866
0.0001265417668
-0.00062895054
-5.651118408e-05
-0.00330176088
-0.006077327766
0.009157991968
0.002187164035
0.001311411266
-0.00472625671
-0.001396114356
0.002930030227
-0.001307153609
0.001556668896
0.0009678527131
0.0003011538938
-0.0008100267733
-0.001444614376
0.007378268521
0.001101126545
-5.662424155e-05
-0.000304302579
0.0002294394799
0.00124311645
-0.0004914328456
-0.0001728422067
-0.003318340518
-0.003120718291
-8.18283952e-05
8.095510566e-05
-0.001536439057
0.003063037992
-0.0001678927947
0.001741783461
-0.0001565108105
3.984955401e-05
-0.001202862361
0.0003789769253
-0.0004966495908
0.002567547141
0.0002154276299
0.0004719104327
-0.001048757578
-0.001153338584
0.001611797139
-0.00345539418
-0.003086366458
-0.01094402932
0.002086118562
0.0004519200884
-0.006813313812
0.0003450090007
-0.0008436613716
0.0004256606044
-0.004337410908
0.001467783703
-0.002959383652
0.002725119237
0.001811004826
-0.007493606303
-0.008324091323
-0.002053111559
-0.004138988908
-0.006061490625
-0.001768126036
-0.006451380439
0.003639613511
0.001208781381
0.002048307564
0.002679355908
-0.004351524636
0.004328018054
-0.0008469759487
-0.003437282052
0.001654710853
0.0005718676839
0.00512261223
-0.001120492932
0.00362829119
0.0005336514441
-0.0006282876711
0.001908689155
-0.005560426507
-0.0003730066237
-0.0005392666208
0.005585184786
-0.0004113077302
0.003451359924
0.005601949058
0.002402638784
-0.002604151843
-0.001518197008
0.003595325164
-0.003150106641
-0.001375129446
-0.004418864846
-0.0046481709
-0.003919539507
0.001066336175
0.006281569134
-0.001067428151
0.001245786436
0.001343629672
-0.003489001421
-0.005442636553
-0.006474387832
0.0008543013246
0.001287766965
-0.002667770255
0.001473506447
0.002678607358
0.001355380751
-0.002933353884
-0.001130278339
-0.0008032408077
-0.0002913688659
0.005184550304
-0.001318526454
0.004629515111
-8.099805564e-05
-0.001228767913
0.003002922283
-0.003165710252
-0.003428236581
-0.002424895996
-0.0002017567167
-0.001487761969
0.001288783853
-0.0007313406677
-0.005274543539
-0.0001641292038
0.0005669333041
0.000377864344
-0.001933275606
-0.003527213121
0.002128083492
0.001494815224
0.001513592666
0.0002592963283
-0.0003792721254
0.001601817436
-0.005234192591
0.001816862379
0.001630446059
0.001818236196
-0.00168165646
-0.002453715075
0.0003814241791
-0.0008251863183
0.001573822694
-0.001160780317
-0.004203295801
-0.000929083908
0.002726704115
-0.002953778952
0.002934502205
-0.001272645779
-0.002919633174
-1.52605935e-07
-0.003870964516
-0.0007266807952
-0.002585432725
0.0002677786979
0.001457951847
-0.002926765243
-0.002497688169
-0.001861952245
-0.002565909177
-0.002819203073
-0.001240660669
0.0006497167633
-2.186579513e-05
-0.001150323311
0.001854760456
0.002136633266
0.003066274105
-0.004213159438
0.001097893692
0.003553942312
-0.0003476721467
0.00160371745
0.0004362698819
0.0005829510628
-0.003109873738
0.002481950913
-0.001109104604
-0.008425818756
-0.001095260028
0.002573002595
0.007974424399
0.003851958783
0.0003529201203
0.001830556663
0.005531735718
-0.01142294705
0.008450834081
-0.008512952365
0.0003225496912
0.00751375407
0.000994730508
0.003607528983
0.002924419707
-0.003534718184
-0.001785748405
-0.005918219686
-0.0005489293835
-0.002266900614
0.002249346348
0.0004551072198
0.003059741342
0.004023822956
-0.007675615139
-0.0005264052888
0.001038776012
0.001857771655
0.003610501532
-0.009288337082
-0.002460293239
0.004472555593
0.001446416834
-0.003920190968
0.004681330174
-0.001374023501
0.001212814823
0.003010468092
0.0003528230882
0.002078961814
-0.007249790709
0.004291787278
0.0001650436461
0.001493662596
-0.001692866441
0.003086184384
0.004861157853
-0.004848320968
0.001607580925
-0.0002681236947
-0.0004214548098
-0.008521718904
-0.003914055414
0.002734298119
0.005282161292
0.002597644227
0.002028303919
-0.003859717865
-0.003702576738
0.004217522684
-0.002188334474
-0.0009505957714
-0.004478277173
0.0004503409436
0.006228950806
0.0001878558542
0.002302072244
0.0002282841015
-0.001651952858
-0.0006614873419
0.0005344882375
-0.001661588787
-0.0003713262849
-0.002698730677
-0.006495820824
0.009164223447
0.001101788832
0.0008828067803
-0.006320805289
-0.001750143128
0.003267017659
-0.001119597931
0.001823793165
-0.0005989414058
-0.0004742883029
-0.001382709714
-0.00130923721
0.006375972182
0.001912412699
4.750632434e-05
-0.0007782992907
0.0003518378653
0.0003792602802
-0.0002531370556
-0.0005545473541
-0.004644582514
-0.003380103037
-0.0001971018792
-7.611994806e-05
-0.001826583641
0.003029204905
-0.0009603627259
0.001099816873
-0.0002554673119
0.0002795072214
-0.001489983872
0.001339568291
-0.001179754152
0.002649268135
0.000528897508
0.0004244689189
-0.001327811275
-0.0004650729534
0.002042375738
-0.003353881417
-0.003325271653
-0.01063608192
0.001850814093
3.514744458e-05
-0.006690593436
-0.0004313840182
-0.001262771897
0.0002395107294
-0.003623315366
-0.01695887372
-0.02546399273
0.007801061496
-0.04656012356
-0.02344691195
-0.01719187386
0.001983957598
0.003769854084
-0.02742515132
-0.00438888371
0.01450056676
-0.02408549003
-0.03362851962
-0.005147569347
-0.04451364279
-0.00101682602
-0.02196854912
0.006865916774
0.06477624923
-0.02124597691
-0.01141854469
-0.006481090561
-0.04408354312
-0.01387942303
-0.004277817439
0.00421953015
-0.01092854049
-0.01532751042
0.03925678879
0.01498053968
-0.02349278145
0.002808080986
-0.007385496516
0.004598946311
0.01684964634
-0.002041597618
0.01396446209
0.01091409381
-0.05308923125
0.02469105087
0.0009630433633
-0.03611369431
-0.02940497361
-0.0005144685274
-0.009687934071
-0.006944742985
0.01360688824
-0.008003163151
0.003167348681
-0.01257077511
-0.01141927112
0.03685614839
-0.02467873134
0.02710592002
0.004960466176
-0.01223221049
-0.009265656583
-0.05063750967
0.005961352494
0.01566843502
0.02083173394
-0.02605110779
0.03350684419
-0.06528878957
0.009168859571
0.01087960135
0.007410733029
-0.02033434995
-0.03196602315
0.006494803354
0.004796850961
-0.004041603766
0.0004760377924
-0.0003894305555
-0.01301907282
0.0004148332519
-0.01056768745
-0.01197791193
-0.01102567837
0.0003735321225
0.008688359521
-0.004346620757
-0.004669344518
0.003359473078
-0.01014248561
-0.005720404908
-0.01871317066
-0.01356646791
0.01121788844
0.0004167941806
0.004246467724
-0.01197209861
-0.01113737002
-0.01319731958
-0.01127253193
-0.009005001746
-0.01474994142
-0.001930940663
0.001120496774
0.006941207685
-0.0118608037
0.002552645979
-0.01214203797
-0.01867859252
0.005383251235
0.00121293508
-0.007800625172
0.002248826902
-0.0156835597
-0.0001126695279
0.00549864443
0.009886588901
-0.001021308242
-0.006874443498
-0.002869792748
0.008092231117
-0.002320796717
0.005349940155
7.218040992e-05
-0.008520076051
-0.002828428987
0.008059319109
-0.002662122715
-0.01698508672
0.00354769663
-0.002206770238
-0.009270899929
0.002269879682
0.002261644695
-3.485846537e-05
0.0008759827469
0.006773085799
0.000542547903
-0.002972275717
-0.006709164474
-0.00241773203
-0.0005646722275
-0.00245769741
-0.005421899259
0.006459035445
-0.006098278333
0.00481182849
0.001000960707
-0.008175190538
-0.001086715609
-0.002943838015
0.0003970451362
0.001192021999
0.0001600110263
0.002059690189
0.001908998704
0.002697130432
-0.001263978658
0.0003531031252
-0.006167615298
-0.003069219878
0.005325649399
0.001671909005
-0.001703319023
-0.001714934711
-0.004846067168
0.007639379241
0.002780865412
-0.005467812996
-0.002392853843
0.003636826528
-0.002750066807
0.005521376617
-0.002079390222
-0.006837354973
7.643911522e-05
-0.001849688473
0.005192554556
-0.006302239839
-6.726622087e-05
-0.003627853002
0.002609460149
-0.001760596409
-0.0019917998
0.003451586701
-0.00150254555
0.0006602884387
0.0006256563356
0.007574441843
0.001713205245
-0.0008381269872
-0.0057648113
-0.003192285541
-0.002895451151
0.002943254076
0.001566357329
-0.004284856841
0.001834739465
0.001121703885
0.00297990907
-0.0004772738321
-0.005822524894
-4.508625352e-05
-0.002469690051
-0.0003992202401
0.001952212537
0.001991281984
3.605270103e-05
0.002865401097
0.0007658706745
0.002493362408
0.00637084106
-0.008958746679
-0.001038169954
-0.001020874246
0.004863670561
0.002064522821
-0.003694358515
0.001287721447
-0.002507260768
0.0005769261043
0.0004386841028
0.001989989774
0.00113095541
-0.006907831877
-0.001988460543
0.0002613416
0.0004795185814
-3.741698674e-05
-0.000258815242
9.706821584e-05
-0.0001342862961
0.004077531397
0.002882362343
7.100131188e-05
-0.0001707961637
0.003972301725
-0.002447806997
0.0009040784789
-0.0009164038347
0.0003625729878
-0.001030167681
0.002391868969
-0.0005879257224
0.001319707953
-0.002112969523
-0.0003697985376
0.0002355438774
0.001074673841
-0.001914442284
-0.001310838852
0.002097140998
0.003538583405
0.007924805395
-0.001397057553
-2.603767825e-05
0.004855290055
0.0003796748933
0.0007214150392
-0.0003310104366
0.002744721016
0.000952651666
-0.0006955343997
-0.003270365298
-0.0003085689386
0.003776763333
0.005706566386
-0.003154195612
0.0003951603721
0.005094759166
3.858401033e-05
0.003217632649
-0.00105016795
-0.001497305697
0.002449684544
1.156592043e-05
0.001221303712
-0.0002769818821
0.0008503829595
0.003078744281
-0.001303316909
-0.006404781248
-0.001175398473
0.0006031383527
-0.0005844059633
-0.001177695463
0.0007476557512
-0.0001288870408
0.001805734006
0.004257451277
-0.00167371484
-0.00376751041
0.0002264729847
-0.002239230787
-0.00267131906
-0.001543933642
-0.0007758422871
0.00226597744
-0.00466150837
0.002938615391
0.000450314692
0.001744242036
-0.001038155751
0.002743927296
-0.001490433118
-0.001791147399
-0.0001702170412
-0.002731732093
-0.0002645444765
0.002442894038
-0.0005485477741
0.004086915404
0.001424629474
-0.0009441657458
0.001588521525
-0.001531910035
-0.000870095042
-0.0001217561876
0.001412924146
-0.0009486488998
0.002552276244
0.001928855199
-0.003003315302
0.006039045285
-0.001984934323
0.0005420893431
0.001780310646
-0.002089105314
0.002215006854
0.002105318708
0.00201022788
-0.001134803984
0.001590807107
-0.0004158606753
-0.000431707158
0.002132256515
-0.002291083569
0.0006898344145
0.0005005876883
0.003307585837
-0.003342470154
0.0003242473758
-0.0006634698366
0.0008292869315
0.001325978781
-0.002030481817
-0.0008664245252
0.001228867099
-0.001207735157
0.0006161466008
0.0004647178575
0.001698339591
-0.0009302087128
-0.002402516548
0.000217521665
0.0002665611682
0.0003871960216
0.003222154453
-5.945816883e-05
-0.000465036399
0.004793465603
-0.0008414283511
0.0006561059272
0.001400911016
-0.0006219598581
0.001504574437
0.001378243091
0.0006671613082
7.955622277e-05
-0.0005407224526
0.002228700789
-0.001094796695
0.002693347633
-0.0009964413475
0.0002812013845
0.0004817553272
0.0005385398981
0.0005553053343
-0.001107242308
0.0001222261635
0.000187218684
0.0007237654645
0.001347613055
-0.003025080077
-0.0004647037422
0.001065824763
-0.0001444853842
-0.000449832296
0.0006170182605
0.04603806138
-0.1016260684
0.02613340318
-0.08359673619
-0.120793432
-0.0547231473
-0.01962046325
-0.006938697305
-0.09364025295
0.06967192888
-0.01839264855
-0.03681493923
-0.03905171901
0.01331215631
-0.08550890535
-0.1316595823
-0.141905576
-0.03553900495
0.2059512734
-0.0217246227
-0.05717796832
0.01907804236
-0.1358647794
-0.04624048248
-0.01672792621
-0.005931518041
-0.1101379469
-0.08790675551
0.1069502085
0.09169004858
-0.002138921525
-0.01371089369
-0.01232171338
0.01738573797
-0.01302041486
-0.03586190194
-0.05118977651
0.07940201461
-0.1322279125
0.08105122298
-0.033353623
-0.07929198444
-0.06371706724
-0.01345210802
0.062023215
-0.07323925197
0.06199577078
-0.05858695507
-0.0406922251
-0.07797068357
-0.06489743292
0.08228178322
-0.0638621971
0.07373349369
-0.04333593324
-0.06776880473
-0.0548861064
-0.03500108048
0.02945440635
-0.05747587979
0.05936358497
-0.1217520609
0.1378503591
0.1406053901
0.05229612067
0.004657952581
0.02330691181
-0.01677894965
-0.05994097516
0.01751174591
0.003417254193
0.0092803156
0.06414660811
0.005992330145
-0.01601836085
-0.04972027987
-0.009972361848
-0.005385728553
-0.06821073592
-0.02862493508
0.01705821604
-0.02516781166
-0.04018825665
-0.0004783035547
-0.03541212901
0.02185534872
-0.06637247652
-0.02832376398
0.01682965271
-0.03275975212
0.05521711335
-0.04265736789
-0.02378020994
-0.031733796
-0.07023985684
-0.01516376249
-0.07245507836
-0.007272587623
-0.01190920081
-0.04515404627
-0.03644314781
0.003414179198
-0.03162625805
-0.05658459291
-0.0003485091729
-0.01218764763
-0.01482863538
0.02151603065
-0.02213826962
-0.008442430757
0.02692009136
0.04119889811
0.007136864588
-0.009845119901
-0.01995061897
0.01005494967
0.01832125522
0.0526442267
-0.01846520975
-0.02869610488
-0.05079638213
0.03248293325
-0.03260635212
-0.05501215532
0.01141350996
-0.05210279301
-0.004281227011
-0.006613195408
0.002008858602
-0.003380546113
0.0007063575904
0.004630228505
-5.914613212e-05
-0.004261772614
-0.01034979522
-0.002697655931
-0.0005538950791
0.009915546514
-0.000847067975
0.005717261229
-0.01232239697
-0.001178378821
-0.009086144157
0.001661445014
-0.0004955189652
-0.001580489799
-0.003742471337
0.002184541663
-0.002239717869
0.002162380377
0.0006151362322
0.008778465912
0.0002348218404
-0.005129872821
-0.01196971629
-0.003284484148
-0.0009281006642
0.0004178396775
-0.004613942001
-0.001382149756
0.001131461002
0.008389287628
0.003547137138
0.0001772544783
0.001649820828
0.004087510519
-0.0005942100543
-0.001624580356
-0.0007381224423
0.001117035281
-0.001517330413
-0.001534434035
0.002718293341
0.0007913008449
0.004376201425
-0.0002342389198
0.003082915908
0.001244984567
-0.007350026164
0.003073551925
0.01194500085
-0.004968592897
0.0008226006757
0.001127079246
0.00771760894
-0.002502983203
0.001036766917
-0.002806626493
-0.0005057220696
-0.001427911455
0.002550279256
0.0009015700198
0.002558334032
-0.0006596841849
0.0016476569
-0.001353217172
-0.001758646686
-0.002236920176
-0.002509116661
-0.0007891348796
0.0006082901382
0.001614081324
-9.693061293e-05
-0.0007771282108
-0.000727628707
0.003710424295
0.0008803289384
-2.750757631e-05
-0.004402574617
-0.001774165896
-0.000241982023
-0.001165529015
0.002507986268
0.0021236334
0.001144504757
-0.00136980589
-0.002082274528
-0.002716901479
0.001803089981
-0.0013797133
0.002565729199
-0.001360181835
-0.0009527456132
9.025118197e-05
0.0008704436477
8.742516002e-06
0.002407385502
-0.002483604942
0.002206990262
-0.0008005346172
-0.0004301403533
-0.0006514947163
-0.001769783441
-0.001642803778
-0.003072988242
-9.120900359e-05
0.003321670461
-0.001690052217
0.002065025503
-0.001741255983
-0.0007905838429
0.0004661137064
-0.001388183329
-0.0005647724029
0.00576602295
-0.0001379433379
-0.0001531303715
0.0003689856676
0.004781672731
-0.00163047167
0.0006701850216
0.000180979885
-0.002409084467
-0.001639173366
-0.001839944976
0.007113196421
-0.002801216673
0.00091042032
-0.0008638827712
-0.006762543228
-0.001685643685
0.001797605539
0.007404874079
0.003208480543
-0.0002765594982
0.001689467346
0.005155432504
-0.009540353902
0.007491824683
-0.007922402583
-0.0006756560178
0.006634076592
0.001641912153
0.003001175122
0.001826496562
-0.002653747099
0.000619844126
-0.004813749809
-0.0004470106505
-0.002944848966
0.002158223186
0.0002149045904
0.004122322425
0.003629822051
-0.008285607211
-0.0004992347094
0.001962015871
0.001719808904
0.00412074523
-0.008920152672
-0.002994512208
0.004649848212
0.001233871561
-0.003342111595
0.003222996136
-0.002087432891
0.0004030276323
0.002667111112
-3.212920274e-05
0.00201946171
-0.007448511198
0.004372552503
0.0003053279943
0.00250568334
-0.001924556098
0.002736544702
0.003259526799
-0.00462406408
0.00230644946
0.0005796708283
-0.0005959304399
-0.007768051699
-0.00365660456
0.002333801938
0.004671224393
0.003272459609
0.001923885662
-0.003696595086
-0.005516464822
0.004570341203
-0.002192175481
-0.001079253969
-0.003751917509
0.0006552400882
0.005685613491
0.0002960262354
0.002357542515
0.0001155349964
-0.001439114218
-0.0007751531084
0.000314607023
-0.002568517812
-0.0004509962746
-0.002636885969
-0.006848632824
0.007481354289
0.001163942972
0.0008913354832
-0.005321643315
-0.001657579909
0.002965641674
-0.001120973262
0.001484228531
-0.0001631800696
-0.0003908400831
-0.001432701945
-0.001498507219
0.005077837966
0.001682033064
-0.0001875772723
-0.0007308709319
0.0002780054929
-0.0003822245926
-0.0002627048525
-0.0001354633423
-0.00489238603
-0.002561897738
-0.0002204809134
-0.0001552434987
-0.001971312333
0.002735925838
-0.0006618965999
0.001054068329
-0.0003724547278
-9.993332787e-05
-0.001259751152
0.001088451128
-0.001330547035
0.002454578876
0.0006193930749
0.0004244042502
-0.001076141023
-0.000383855775
0.001786135603
-0.002940741833
-0.003121146932
-0.009418721311
0.001780159073
0.0003130461555
-0.005794100463
-0.0002232788393
-0.001089298283
0.0002699035394
-0.003504810855
0.00265570241
0.0005843096296
0.0005170879303
0.00477507012
0.001286953338
-0.0007924960228
-0.003058420029
-0.001601533033
0.0001400657056
-0.003155102488
-0.002765993355
0.001227774774
-0.001385176554
0.001519748475
0.0009744428098
-0.007039015181
2.400761696e-05
-0.001647379715
0.001996843377
0.0007274621748
-0.001591837383
0.0002230102255
0.001735094702
0.0007916346076
-0.0008243221673
0.0006487790379
-0.005596393719
-0.002529432764
0.002521648537
0.001334624481
-0.002199546201
-0.001013539266
-0.005464122165
0.004170477856
0.001016977243
-0.004039417487
-0.0009546633228
0.002305159345
-0.0005133383092
0.004662491381
-0.001833038521
-0.005186008755
0.001032110187
-0.001123201335
0.003786799731
-0.004649050999
0.0002309505071
-0.003723742208
0.002425592626
-0.0009759588866
0.0009434464737
0.001662287978
-0.003090885235
0.0009907298954
4.323894609e-05
0.004766897298
-0.0001066937621
-0.0002340002102
-0.004265971947
-0.00240677176
-0.001642873627
0.001220703125
-0.0001037517068
-0.001844876446
0.0008713235147
0.001030681073
0.001624057884
-0.000295249396
-0.003547403961
0.0006711330498
-0.001321319491
1.393281036e-05
0.001054393826
0.000997703406
0.0001697274711
0.001549596549
0.001045427402
0.001274889917
0.00425587967
-0.009397654794
-5.718570901e-05
-0.0005779074272
0.005143188871
0.001620487194
-0.002837622771
0.0004713352537
-0.00166132336
0.001275002724
0.0007306751795
0.001801093807
0.0008200804004
-0.005694974679
-0.001979521709
0.0001489566494
0.0005540151033
-0.0001859165786
0.0002872284967
-0.0001174840436
0.0002174833789
0.003828853602
0.002421644749
0.0001017489922
-5.984138625e-06
0.002670640126
-0.001293297391
0.001418162952
-5.964350567e-05
0.0001020183336
-0.0009363676654
0.002227162709
-0.0009184892406
0.001357205445
-0.001352533349
-0.0001675323729
0.0003288019798
0.000554998056
-0.001914729713
-0.001130881603
0.001735068741
0.00273186015
0.006575556938
-0.0004769927764
-0.0003875681723
0.0038788768
0.0007031498244
0.0006637329352
-0.0002619416337
0.001695142826
0.001649055979
-0.0007878308534
0.001502776984
0.005402422044
-0.001693868777
-0.005279771518
-0.00511274999
-0.00320163765
-0.001268066699
-0.0006866673357
-0.005348605569
0.008674083278
-0.006521309726
0.004057701677
-0.0004132299218
-0.004605696071
-0.0002895440848
-0.002774401102
-0.00416269945
0.002877152059
-0.0006576677551
0.003632244654
0.0005751621211
0.004160099197
-0.0008814066532
-0.001771486364
-0.002907556947
-0.00299245934
0.005502909888
-0.0002617528953
0.0003716328647
-0.001300801872
-0.001971741905
0.007904383354
0.003417850705
-0.003438423155
-0.002111090114
0.004212503321
-0.00339053967
0.001665996853
-0.0001842406054
-0.005716645624
-0.001688370714
-0.001374127343
0.0047267396
-0.003103835508
0.0006712704198
-0.000334140379
0.001030006446
-0.002693804679
-0.005859520752
0.004085428081
0.001999143511
0.0001951460872
0.001295596478
0.006331938319
0.004631062038
0.0009611113928
-0.003263366874
-0.002367697423
-0.002141868928
0.002136221621
0.002873240272
-0.0005763064837
0.001251641777
6.817099347e-05
0.003970990423
-0.001061591902
-0.005157064181
-0.001345236553
-0.001962202368
-0.0003316604998
0.00195081986
0.001437831786
-0.0007227955502
-0.0008891606703
0.0006754042697
0.002275146777
0.003677987726
-0.007551567163
-0.001165448921
-0.0007416428416
0.002243562369
0.0007886776584
-0.002016810933
0.001277151168
-0.001929336926
-0.001841705875
-0.0002343681845
0.000886917871
0.0007149999146
-0.005221352912
-0.0003996446612
7.931164873e-05
0.000331483403
8.289677498e-05
-0.001240778482
0.0001654185326
0.0002667364897
0.001391233294
0.002053595614
-0.0002680541074
-0.0009168060496
0.000658109202
-0.002389189089
-0.0004848743556
-0.002036573598
4.776887363e-05
0.0002447901061
0.0003587405954
-0.0005024551647
-0.0003275593917
-0.002240339527
-0.000440511154
-0.0006876707776
0.0007318171556
0.0008653490804
-0.001089499681
0.002727273386
0.002031334909
0.007087946869
-0.002245597774
-6.069679876e-05
0.004996462725
-0.000528780045
0.0006395048695
-0.0001517607452
0.002373722848
