-0.1041852012
0.109182559
0.05367814377
-0.04732498154
0.01718062349
0.03272119537
0.08102978766
0.007896576077
0.006245240103
0.04065405205
-0.01303465106
-0.008770369925
-0.0374745205
-0.09062938392
-0.08314412087
-0.02116453461
0.006540197879
-0.006757443305
0.05009539425
0.08804923296
0.1117332727
-0.01379008126
-0.01168939564
0.1290539354
0.03540973738
0.03225680068
-0.03003754839
0.0274779126
-0.08034552634
0.04878084734
0.06432247162
0.02337058634
-0.0210157223
0.01461855415
0.08478468657
0.0775160715
0.04043901339
0.03603958711
-0.03717259318
0.01231164858
0.08398585021
0.1796949059
-0.03238281235
0.02151191607
-0.03222153336
0.02116455883
0.001614928944
-0.01044564787
-0.003230500733
0.02172372304
0.04940983281
0.01488173846
-0.01475324854
-0.03496263549
0.01462378912
-0.002488000784
0.02869880386
0.04939106852
0.03710748628
0.05449931696
0.02270920761
-0.04405286908
-0.03685900196
-0.2155218571
0.01352962758
-0.02358447947
0.02037074417
-0.03938338906
0.04406987876
0.02634607069
0.006441159174
0.05100349709
0.03630805016
0.04294891283
0.005070582964
-0.01295688283
-0.008035604842
0.002180968644
0.05714372173
0.01540828962
-0.008325184695
0.001751399948
0.04885646701
0.01235098764
0.001715268474
0.004024181981
-0.01384234894
-0.004954368807
-0.0006599014741
0.01841534302
-0.006658130791
0.03417916596
-0.01152131055
0.0004429427499
-0.005053253844
-0.006281752605
-0.002795422683
-0.01219809614
-0.01124826167
0.04847431183
0.0009645907558
-0.006422876846
-0.01044023782
0.04089514539
0.03183838725
0.01382743567
0.04329798371
-0.004071717151
-0.01882324927
0.01511157211
-0.0263961032
-0.03857019916
-0.02458382212
-0.003767347429
0.008661555126
0.004803345073
-0.03406857327
0.007309568115
0.004216981586
0.003881909885
0.03160463274
-0.03246843815
0.05513399839
0.03655545413
0.02189257741
-0.00270669884
-0.01734841429
-0.01719560102
-0.0002829505829
0.001508857473
0.005627302453
-0.003245542757
0.00219827285
0.001367617981
-0.0003507603251
0.002858216874
-0.003699668683
-0.001211377326
-0.0004082325031
0.002167713828
0.0009898575954
0.0002883941343
5.54785729e-05
0.002946189605
-0.003049320076
-0.0002607170609
0.003444421571
0.003471094882
0.00378963002
0.001048528589
0.000403248996
-0.005430367775
0.00166879897
0.002624315908
-7.766745694e-05
0.003737007966
-0.0003483464825
0.001356816501
0.0001981451933
0.003336690366
0.0007869406836
-4.187056038e-05
-0.002602202352
0.003250766778
-0.0008647616487
0.003029480111
0.001041580574
0.0007893531583
-0.002420707373
0.005382780917
0.001266581239
0.002168425359
-0.001223399304
0.004153680522
-0.001432068646
0.0003428965865
-0.005488233175
0.002454071073
0.003091215855
0.001039405237
-0.004214209504
0.001284208265
0.001185063156
-0.001989556942
-0.004180104006
-0.005588462111
0.004990655929
0.002798927017
0.002337550279
0.001041521668
-0.005694330204
-0.003619629424
-0.001876314054
-0.001110084122
0.002749596257
0.00209221337
0.003432791447
0.002379499609
-0.002037043683
0.00214786455
0.001560135628
0.002173111076
0.002772867214
0.004431657959
-4.494277528e-05
0.00199354277
0.002636339981
0.003518321551
-0.002106263768
-0.001740760985
0.001232154551
-0.0002538888657
-0.002718399046
0.0029929257
-0.0007315930561
-0.00236596074
-0.001261482714
0.0006862072041
0.002994597191
0.004656803329
-0.001110739075
-0.001009982778
-0.001773009775
0.007553025149
0.002043246292
-0.002014000434
-0.002346803201
0.00282854028
-0.002738846
-0.001489174436
-0.001560320612
0.001059539849
0.001121943933
-0.0001673930965
0.001994214021
-0.0007155740168
0.003225455061
0.00414668303
-0.001875803224
-0.0009436541586
-0.004302806221
0.003888060339
-0.001585310907
0.001069481485
-0.00339963031
0.0002506226592
0.001244583982
-0.0009700565133
-0.001792850439
-0.003956975415
0.003670792095
0.001016779337
0.001254393137
-0.001417934429
-0.003490766743
-0.004083431326
0.03990254179
-0.01873393543
-0.01443165075
-0.01035793219
-0.007802664768
-0.02056039497
0.007928633131
0.0006112681585
-0.01377815381
-0.0004448592954
-0.01108213793
0.01328749023
0.009981389157
0.02389159426
0.004215166904
-0.002414364833
0.01370004658
0.0123442784
0.006162251811
-0.02371284179
-0.03537768126
-0.008318564855
0.00605331501
0.005908316467
-0.00753804436
0.004076612648
0.01551869977
-0.02809101902
0.00283378223
-0.005519122351
0.01361240447
-0.007825721055
-0.01248539425
-0.003130683908
0.0009503345937
-0.02986532077
-0.006983208936
-0.02270259708
0.01726226509
-0.00846715644
-0.008536498994
-0.03805890307
-0.002607526258
0.002350661438
0.01951868646
-0.01591606438
-0.005430338439
-0.003115764586
-0.0113233272
-0.012519476
0.005126881413
-0.02115626633
0.004337225109
-0.01178466436
-0.003445920069
0.007325432263
-0.00947410427
-0.04149923101
-0.0252283141
-0.009331880137
-0.003358261893
0.02395043708
-0.009126367047
0.04858022183
0.003541063983
0.002061454579
-0.0004828844976
-0.01342717838
-0.02060803771
-0.004026157781
0.008267770521
-0.003102989867
-0.007249077782
-0.003347904887
-0.01094861329
-0.01837466098
0.004825522657
0.001175586251
-0.002354964847
-0.0146813998
0.004804527853
0.003224449698
-0.005953063723
-0.006856440566
0.007471062709
-0.004754665773
0.002257426968
0.01520331949
-0.008754481561
-0.008601761423
0.005722818431
-0.01150565688
0.006796697155
-0.003264830448
-0.0003791551862
-0.009608388878
-0.0151196951
0.002278348664
0.01016538683
-0.012798273
0.001906676334
0.001612946508
0.0009464411414
-0.01600031368
0.002838630695
-0.008932149969
-0.006554566324
-0.002082002582
5.618291834e-05
-0.00787745323
0.004742359277
-0.004460070748
0.01130830497
-0.009320795536
-0.003974419087
-0.006722510327
0.01045368612
0.001236722455
0.01028501336
0.006238290574
0.0090410579
0.00625724392
-0.008063741028
-0.0009987192461
-0.004240340553
0.004639636725
0.003803347936
0.02316398546
0.073967278
-0.02398525923
-0.04499946535
0.04780306667
-0.014731328
-0.009669476189
-0.06596682966
0.001573736547
0.06488583237
-0.0304526221
-0.05611634254
0.04299762473
0.005759736989
0.06231748685
0.08663924038
0.03898053244
-0.02765055373
-0.0009294367628
-0.06513822079
-0.0462144278
-0.1151676998
-0.00848004315
-0.0101141138
-0.06594245136
-0.02948825993
-0.05081111193
-0.008953209966
0.009847071022
0.09451542795
-0.04033723846
-0.07953316718
-0.02160987258
0.03969366103
-0.01138586458
-0.05799076706
-0.03212380037
-0.05528745055
-0.03347695619
0.004638997838
0.01152945403
-0.05749341846
-0.1478794813
0.001948348247
-0.02890326083
-0.01242120098
-0.0176418107
0.01395226829
0.007113068365
0.06270213425
-0.02034647204
-0.05947929248
-0.003958634101
0.04954595491
0.03816499561
-0.0179322511
-0.001051435014
0.009903294034
0.03639709577
-0.02220887691
-0.05913889781
-0.03032276034
-0.001311111148
0.06509262323
0.09578000754
-0.02182784304
0.03137091547
-0.03424682468
0.05899180099
-0.004551422317
-0.01576107368
-0.008861567825
-0.02188888378
-0.04123750702
-0.01608662866
0.0178413
0.008737267926
0.0109512182
-0.001750171185
-0.040191181
0.002482627984
0.002650844632
-0.007265084423
-0.04002378881
0.0028615091
-0.0008422774263
-0.004836590495
0.02669792995
-0.003167431569
0.001532913884
-0.01284762565
-0.004068482202
0.01014341787
-0.003317644587
0.000409380882
-0.001637080917
0.01160668116
0.04051568732
0.01153067499
0.01026470866
-0.01771151461
-0.003902006429
0.00506781321
0.002995254938
-0.0379207246
-0.03900908306
-0.005241494626
-0.03533991426
0.001921745948
0.01207462978
-0.00500478968
0.02932826802
0.04646303505
0.02338785306
0.005222702865
-0.01614898071
0.02032160759
0.03555070609
-0.001505915774
-0.06326758116
-0.0137572661
-0.02608476393
0.0388337709
-0.0279974062
-0.006868644617
-0.008114679717
-0.004977006465
0.01945084147
0.01062274724
0.02204167657
-0.01410736982
-0.01131563727
-0.00575676607
-0.007559006568
-0.01491625048
0.004704685882
-0.0009669940337
-0.01135685109
0.001343394397
-0.0104147587
0.004185788333
0.005027962849
0.01263109129
0.00153958553
-0.007290780544
0.009722708724
0.009678869508
0.007019036449
-0.01746476628
-0.02379496023
-0.007162759081
0.001008544816
0.01020629238
-0.00710629439
-0.0002879711101
0.008199470118
-0.01999147236
0.0012643683
-0.00250082626
0.006998530589
-0.007746519521
-0.008866397664
-0.003303301288
0.00259188842
-0.02056204155
-0.001545540174
-0.01693603769
0.009882018901
-0.008129798807
-0.004841878079
-0.03024785779
-0.004583664238
0.0007303784951
0.01262966823
-0.01247639861
-0.004547493067
-0.001714050886
-0.004677874036
-0.01155111007
0.005231278483
-0.01622248814
0.0005449026357
-0.01098160166
-0.004265428521
0.00329788262
-0.001933082356
-0.02859382145
-0.01682106592
-0.008113974705
-0.003833653172
0.01246950775
-0.004200770985
0.03487943858
0.001846528612
0.001733298996
0.0008442042745
-0.006737574004
-0.0134614408
-0.003281190991
0.006573063787
-0.0005427999422
-0.005335761234
-0.001004678896
-0.008806225844
-0.01094036456
0.001148060896
0.0002504757722
0.001665846095
-0.01177001931
0.003793023061
0.0009543274646
-0.002557048807
-0.004652061965
0.007049256004
-0.005182314664
0.001013428788
0.01256729476
-0.005036991555
-0.007924684323
0.001653548563
-0.007379517425
0.004506592639
-0.002240377013
-0.001497447956
-0.007662724238
-0.008363467641
0.001942127594
0.008789845742
-0.005043639336
0.003051979002
-1.329297083e-05
-0.0003773526987
-0.01111131441
0.002908003051
-0.006840785034
-0.006851544604
0.0002263392671
0.0005160315777
-0.007809212897
0.004672203213
-0.003463350702
0.01328669675
-0.006318438333
-0.001826277585
-0.004894488491
0.0109831281
-2.048673923e-05
0.008016531356
0.002373095369
0.01051233895
0.008896726184
-0.003561052959
0.0007001238409
-0.003031244036
0.0007069280837
0.005872435402
0.01738701202
-0.01287579816
0.01611149684
0.01671420038
-0.01874360628
0.01058968809
0.01451329328
0.02140205167
-0.0034887027
-0.01076236553
-0.00650075078
0.004672013223
-0.007684026845
-0.00222623907
-0.005690513179
-0.001859731739
-0.01485685725
-0.01271900628
0.001841826015
0.007869022898
0.02443717793
0.03166262433
-0.004160728306
-0.004068615381
0.01224766579
0.001867577201
0.006473022513
-0.006833938882
0.009891865775
-0.01066866983
0.01096503064
0.002734074136
0.0006001216825
-0.01031101402
0.0004665919987
-0.001106528798
0.01510352921
0.009036757052
0.02546066605
-0.002633657539
0.01442663278
0.01447840407
0.04971381277
-0.001482900232
0.002243684605
-0.01388520654
0.01579024829
-0.002263071015
-0.002443752019
-0.003493898315
0.002154120011
0.01491816249
0.008447407745
-0.03960389644
0.00491166953
0.004450022243
-0.005294206087
0.007029863074
0.00332556013
0.01597181149
0.008916783147
0.005611774046
0.005489854608
-0.02087195776
-0.03487403318
-0.0001013337314
-0.00274829031
0.01054363884
-0.004532376304
0.008484102786
0.00864348188
0.000378697936
0.01482403278
0.008602311835
0.01054077316
0.004926133901
0.01236970816
-0.006426883861
0.009112732485
0.032317698
-0.0001828445529
-0.004646778107
0.0006188121624
0.0119884219
-0.001372261555
-0.003371820552
0.0006677765632
-0.003133463673
-0.007740995381
0.001057115267
0.00454720296
0.002241350943
0.009058620781
-0.00617141556
0.003256409429
0.004122928716
0.003871719819
0.003735313425
-0.001676628366
-0.007873071358
0.01840077899
-0.003281856887
5.132729711e-05
-0.0007444487419
0.01455448661
0.02094116993
0.005883496255
0.007450610399
0.003816537792
-0.005398795009
0.007792348508
-0.01635332033
-0.003159641987
-0.009505138732
0.003283479018
0.004385544453
-0.00139161339
-0.006919793785
2.125428728e-05
0.01068909001
-0.003515394405
0.02254262194
-0.003386970377
0.0159064699
0.01242001075
0.002417868003
0.0009954249253
-0.01216806006
-0.01581057161
0.0006002323353
0.001516694203
0.006286460441
-0.004456353374
0.002614527242
0.001057015848
0.0001354132255
0.003222364467
-0.004847672768
-0.001894929213
-0.0007567922585
0.002088661771
0.0009242391679
0.001435504179
0.00033958329
0.001699294895
-0.003329234663
7.528945571e-05
0.003917207476
0.003796869889
0.004800043534
0.001044758246
0.0001422374335
-0.00614109356
0.001776812598
0.002844965085
-0.0001317271817
0.002562812064
0.0001581031538
0.001145403949
9.195953317e-05
0.003447127296
0.0003635848698
5.286332453e-06
-0.002551185666
0.002138813026
-0.0007933085435
0.003136840882
0.001970996847
0.0007995670894
-0.002930201823
0.006300523411
0.001265979838
0.002305481583
-0.0009817804676
0.004586968105
-0.001888990751
0.0005250274553
-0.006174158305
0.002701511141
0.00437585311
0.0007483666413
-0.005248084664
0.001414557453
0.001243595034
-0.002280310495
-0.00462334929
-0.007352719083
0.00481425738
0.00280929287
0.00233667437
0.001830468769
-0.007014833391
-0.003431319259
-0.002148467582
-0.001350112143
0.00369324116
0.00169156515
0.003781500505
0.003056074958
-0.002272783546
0.002713292604
0.001735144295
0.003202610649
0.003118538763
0.004653281532
-0.0002552563092
0.002421875717
0.004359857179
0.002788317157
-0.002309087198
-0.001987034688
0.001866198843
-0.0001023773584
-0.002957576886
0.002887754235
-0.0008961108979
-0.002337313024
-0.001462595537
0.0005460768007
0.002393759089
0.004607675131
-0.002025522757
-0.0009901374578
-0.002033488126
0.007310875226
0.002006682567
-0.002127456712
-0.002441646298
0.003240000224
-0.00304513704
-0.001634002081
-0.001817808021
0.001525209984
0.001395581756
-0.0001023552322
0.001800173777
-0.0007135873893
0.003436062019
0.0051998212
-0.002286533825
-0.001090280246
-0.00466252584
0.003803979373
-0.0008002076065
0.0007648717728
-0.003118301276
0.0002101752325
0.002027867828
-0.001049081213
-7.697561523e-05
-0.004123425577
0.004078703001
0.001468194881
0.00112442649
-0.001800899045
-0.003750393866
-0.00392622361
0.0007371439133
0.001658708206
0.005068402272
-0.004422440659
0.002381689614
0.001249439432
6.098624726e-05
0.002825525356
-0.004500426352
-0.002017644932
-0.0005524188164
0.002198246541
0.001018096809
0.002009287244
0.0008474403876
0.002515780041
-0.003143792739
0.0001847156527
0.002668142086
0.002872456796
0.004412400536
0.001213098876
0.0003548432433
-0.005728552584
0.001653288724
0.002912188182
-2.011239121e-05
0.002760321135
-0.0003370762279
0.000463576609
-9.717456123e-05
0.003511013463
-1.531341695e-05
5.908934691e-05
-0.002396251075
0.002111409092
-0.0004555379564
0.002644413617
0.001600713469
0.001296600443
-0.003073601983
0.005954570603
0.001337252441
0.002484091325
-0.0009988889797
0.004464940634
-0.001821514918
0.0001916272449
-0.006185403559
0.003148557153
0.004095399287
0.0005732593709
-0.004693210591
0.0009718147339
0.001709174714
-0.002121206839
-0.00478943903
-0.007114577573
0.003914969042
0.002926236251
0.002355348086
0.001459741499
-0.006661162712
-0.003015619935
-0.001828611363
-0.0007597287768
0.002711612498
0.001841524499
0.003349615261
0.002696831478
-0.002392959781
0.002322016051
0.0006718310178
0.002720969496
0.00148452376
0.004398590419
-6.380234845e-05
0.002350036288
0.003746412927
0.002911276883
-0.00222801324
-0.001560491626
0.001363368821
-0.0006824931479
-0.002940650564
0.002650715876
-0.000728883082
-0.002866724972
-0.0006101672188
0.0006338250241
0.002526569646
0.00437389873
-0.00066529162
9.153837163e-05
-0.0006648471463
0.006343903486
0.001784189139
-0.0010369909
-0.002243493218
0.00312172994
-0.00231834827
-0.001136965817
-0.001494898926
0.001309945597
0.001263831626
-6.412128278e-05
0.001978753367
-0.0003589938569
0.002892153803
0.004575987346
-0.00253579556
-0.0008412529714
-0.005125772674
0.004026686773
-0.0007774849655
0.0009139272152
-0.003551345551
0.0003225707624
0.001676949323
-0.0006917756982
-0.0009327402804
-0.004560157191
0.003769270377
0.001169145224
0.0007527127163
-0.0008392161108
-0.004679576028
-0.003800299484
-1.697736298e-05
0.0001332211541
-0.001146488474
-8.995927055e-05
-0.0003266052809
-4.80672461e-05
-0.0001853783033
-0.0005788272829
0.0007900237688
-0.0006418417324
0.0004869092372
-0.0004924579989
-0.0001535299525
0.0006144671934
0.0004753445974
-0.0003772705386
0.000714379712
0.0003504675115
-0.0009002411971
-0.0007750199293
-0.0008982038707
9.303528714e-06
5.83032197e-05
0.00129520637
-0.0001478526247
-0.0002087478206
-0.0003134913277
-0.000995227485
-0.000730275875
-0.0008541352581
-0.0003611735592
-0.000460840587
-0.0003752105695
-6.28835769e-05
0.0004538857029
-0.0005718409666
0.0001557319629
-0.0008664498455
-0.0003342626151
0.0005979665439
0.0002398326906
-0.0006304289564
-3.675924745e-05
-0.0003368131875
0.000152922672
-0.000441184442
5.550069181e-05
4.158692536e-05
0.0006487087812
-0.000103829836
-0.0004111226008
-0.0004799707967
0.0006973337731
-0.0005073858192
0.000195186265
0.0006191611174
0.0005627432256
0.0006041802699
-0.001250961679
-0.0002004065027
-0.0003438591375
-0.0002638903679
0.0005143583985
0.000921566796
0.0005588494823
0.0003443253227
-0.0006491485401
-0.0008455817006
-0.0008401878877
-0.0004044390807
0.000134642687
-0.0006580313784
-0.001019569812
-0.0006124018691
-0.0004220950359
-0.001167815062
0.0001604356512
-0.0003291970643
-0.000695290044
-0.001062697265
0.0004328790237
0.000529637502
-0.0002131565707
0.0003551725531
0.0002136660478
-0.0006568306126
0.0003946561774
-0.0002455663634
0.000439060299
0.0001022200813
-0.0008390700677
-0.00138891628
0.00019813978
0.0005074247019
0.0006047572824
-0.002539544832
-0.0006882392336
0.0005265714717
0.0001829214452
-0.0006431092042
0.0005039922544
0.0004321472079
0.0004490810097
0.0001125797426
-0.0005046937731
0.0003724255948
-0.0001970395533
0.0002562996524
-0.00120363303
-0.000727741397
-0.0003294311755
0.0003477571881
4.581188841e-05
-0.0008422522806
0.0009543967317
-0.0003237687342
0.0002960529237
-0.0001293531968
-0.0004216309171
0.0004226355231
-5.822124876e-05
0.000313104305
-0.0009493699763
-0.000174146815
-0.0001591968758
0.0005529450136
-8.649572555e-05
0.0003540558682
-0.02902130038
0.0009821789572
-0.02993307263
0.04467639327
-0.004275798332
0.02333324775
-0.02605145797
0.02881847322
0.04935271665
-0.03954891488
0.01953614317
-0.03384324908
0.008082059212
-0.01027468219
0.05041211098
0.03682722524
-0.05067301914
-0.002065295819
-0.06291022152
-0.02995216846
-0.07452555746
-0.01702910848
-0.02007589489
-0.04170692712
-0.03531564027
-0.06388463825
-0.05844537169
0.05971702561
-0.0002187922073
-0.03145797178
-0.129750371
-0.01689661108
0.03188177198
-0.03948473558
-0.01878393255
0.01960556768
-0.01871602423
-0.03197103366
-0.007020708174
0.00397665007
-0.006790259853
-0.08248883486
0.01029376406
-0.02758082561
-0.06809505075
0.007053823676
0.002692291979
0.001578775467
0.04910719395
-0.005859426223
-0.08357516676
-0.02561457269
-0.007205318194
-0.01936772279
-0.01501450222
0.001730877906
0.006846523844
0.0811638236
0.007584757637
-0.08477289975
-0.03345588967
-0.07223188877
0.07807893306
0.0194660686
-0.03713908046
0.03930423409
-0.03062771633
0.06380690634
0.02835487202
0.003379735164
-0.01873243228
0.002766785212
-0.06114570051
0.02400506288
0.01715284772
-0.001467582071
-0.002286622999
-0.006852162071
0.007169536315
0.03682369739
-0.005747082178
-0.01413888112
-0.01257848553
0.0005558151752
-0.01436609123
-0.01660572924
0.01926562376
-0.03028739803
0.008883135393
-0.01939051598
-0.01594725624
0.006344022695
-0.02493381314
0.005152576603
-0.0003122386406
0.01750800945
0.06776209921
0.003978631925
-0.005382390693
0.0339564234
-0.01099928468
0.004737974145
0.0006595563027
-0.03015664406
0.01509628072
2.221196337e-05
-0.03344775736
0.0006096665747
-0.009803344496
0.00797031261
0.009508746676
0.03966573626
0.01446194481
0.02197120897
0.005076545756
0.01853624731
0.04618235677
-0.02134778351
0.01707935147
-0.03085887618
-0.003066205885
0.03874898702
0.05569172278
0.003726485418
0.003344220109
-0.01011929195
0.005056566559
-0.02776648849
-2.506886449e-05
-0.0002717452007
-0.002362954197
0.0008555268869
-0.0008619919536
-0.0004845499934
0.0001580966637
-0.001319809817
0.001356451772
-5.339110794e-05
0.0002946098975
-0.0007863472565
-0.0003420489957
0.0003849163477
0.0003934490087
-0.001213022391
0.001248936867
0.0002511616913
-0.001477788319
-0.001731570694
-0.001284801285
-0.0002785274701
2.240024696e-05
0.002954195254
-0.0006167700049
-0.0008429926238
-0.0001571079338
-0.002035344718
-0.0004713233793
-0.001030633342
-0.00039371202
-0.001344698132
-0.0007093288586
-0.0001312095264
0.001015363261
-0.001591635169
0.0004464568337
-0.001609400497
-0.0005797390477
0.0001823517086
0.0008730952977
-0.002050959738
-0.0003439375141
-0.0008832800086
0.000402072561
-0.00153170852
0.0004022420035
-0.0001794209966
0.002008277923
-0.0007223830326
-0.001146862051
-0.00079392927
0.001657328103
-0.0006970402319
-0.0001686188043
0.0009926697239
0.001795117627
0.001738841296
-0.00237060152
-0.0008427349385
-0.0009629615815
-0.0004998903605
0.001513275667
0.001656451961
0.0009236386395
0.0005319619668
-0.001137261163
-0.001360217575
-0.002136327093
-0.001244602376
0.0006331168697
-0.00105370814
-0.001259830198
-0.000998011441
-0.001563294325
-0.001977478154
3.006339466e-05
-0.0007985357079
-0.001193830161
-0.002049852861
0.0009051835514
0.0008619335713
-0.0003148641554
0.0004554015759
0.0009335926734
-0.001258035656
0.0003828342597
0.0002332512959
0.0006624899688
-0.0001144971538
-0.001665883581
-0.002622711007
0.0005686564255
0.0006515264977
0.001047164435
-0.004055467434
-0.001040898962
0.0009548186208
0.0007952106535
-0.001141773304
0.001078694477
0.0007172981277
0.0007631517947
-9.051799134e-05
-0.0007750841905
0.0003047753125
-0.0007516665501
0.0002944300068
-0.002169689164
-0.002360617276
0.0002165959158
0.0004620024993
0.001300504897
-0.00166382012
0.001340241637
-0.0007412260165
0.001194804558
-0.0003118549648
-0.0006033328245
0.0006061840104
0.0005717236199
0.001454209443
-0.001634581247
-0.0002922855783
-0.0006785437581
0.0009503006586
0.001213556388
0.001508878544
-0.0005603783065
-0.0005990318023
-0.004359588027
0.002254169667
-0.001762722735
-0.0007863815408
-0.0002716918243
-0.002542257775
0.003608051687
0.0006176222814
0.0008925283328
-0.0016967064
-0.0005830299342
-0.0003433593665
0.0003357006644
-0.002101687016
0.002459234325
0.0001628512691
-0.003006474581
-0.002851553494
-0.003302232362
-0.0005461467081
0.0001536526688
0.005529398564
-0.001531314803
-0.001650151797
-0.0002827449935
-0.00216832431
-0.0007405190845
-0.001319447765
-0.0003918668954
-0.00252291956
-0.0006905581104
-6.993454735e-05
0.002002039691
-0.001526407548
0.000685548177
-0.002314388286
-0.001392355072
5.67825773e-05
0.002059126738
-0.00406195689
-0.000660887803
-0.001651179744
0.0005711000413
-0.003030323423
0.001315159258
-0.000312887918
0.004342118278
-0.001564182225
-0.002960287035
-0.0007039146731
0.003040678566
-0.001122626243
-0.0005310901324
0.001817005454
0.003776549594
0.005116058514
-0.00361870788
-0.001485980116
-0.001729476615
-0.00129959709
0.003977478482
0.002751181833
0.001799697988
0.0009443993913
-0.002420325298
-0.0020965843
-0.003214234253
-0.002557055559
0.001314008376
-0.002166038845
-0.00172393315
-0.002464410849
-0.002547855256
-0.003872208763
0.0003361480776
-0.001795251155
-0.003229897004
-0.003022521501
0.001707934542
0.001580166398
-0.001159696025
0.0003183567605
0.001794973854
-0.002352461452
0.0006761156255
0.0009590262198
0.00126218854
-5.253285053e-05
-0.002278701868
-0.003932692111
0.001468479168
0.001094699255
0.001894399873
-0.006651581731
-0.001967829419
0.001675103442
0.001430682372
-0.002646556357
0.002151541645
0.001325980294
0.00141117
-0.0005005981075
-0.001327073202
0.0004059199127
-0.00146102591
0.0005725281662
-0.0033145817
-0.003983282018
0.0006863250746
0.0009049267974
0.002731840592
-0.003549620509
0.001577011775
-0.0007460150518
0.001990859397
-0.0002846743155
-0.001609662897
0.001092833467
7.903354708e-05
0.002850166522
-0.003261337755
-0.000950753456
-0.0009915221017
0.001830890309
0.002462476259
0.002600368345
-0.02219418809
-0.04533062875
-0.04667238519
0.06396262348
-0.02664900012
-0.01319116354
-0.03210291266
0.02218729071
0.05697264522
-0.05322008952
-0.04725787416
-0.00895409286
-0.004135865718
-0.009809989482
0.07552468032
0.0470245257
-0.06069420651
-0.01574023254
-0.07162450999
-0.09161630273
-0.1300769448
-0.01783933491
-0.01054660976
-0.1671163887
-0.05155099928
-0.07169050723
-0.03196736425
0.01751901582
0.02724387683
-0.02575900592
-0.1458062083
-0.02988809906
0.03002175875
-0.06606895477
-0.09466991574
-0.005783639848
-0.02996322326
-0.04613213986
0.01172746159
0.01675166003
0.003473778022
-0.1380624622
-0.03272285312
-0.03590036184
-0.04896780849
-0.02165831067
-0.01318562403
0.007924778387
0.0967875272
0.02222557552
-0.0760095343
-0.0348158069
0.006164922845
0.03517324105
-0.03530411422
0.009326031432
0.004239144269
0.07544516772
-0.01467761863
-0.07807470113
-0.09433627874
-0.08414901048
0.07268531621
0.02195534296
-0.04934256151
0.04724599048
-0.02975627594
0.1028322279
0.03225800768
-0.01067633647
-0.01878555119
-0.05590267107
-0.08351004124
-0.01433678344
0.02854313329
-0.1163274869
0.02678098157
-0.01143835392
-0.02605853975
0.08015309274
-0.01071618777
-0.01677092351
-0.06897937506
0.01744725741
-0.01791141368
-0.02641554549
0.03230286017
-0.02361600287
0.005245289765
-0.02108456939
-0.02109772339
-0.01408937946
-0.01833270676
0.005761635955
0.0006897590356
0.01930579171
0.03023618273
0.00726366695
0.001707278076
0.003325687954
-0.003383755684
0.003119851928
-0.0001012255671
-0.03531169519
0.1145457104
0.00984693598
-0.03660467267
0.006754175294
0.001125853043
0.02360259928
0.01903909445
0.07557996362
0.01931282319
0.02189440466
0.002712745918
0.03319649771
0.04349636659
-0.02690323628
-0.068471618
-0.03140826151
-0.02577386796
0.04985070229
0.02734446526
0.05466919765
0.006570651662
-0.01233213302
0.009319989942
-0.01885943674
0.0006316503277
0.001710482058
0.004810092971
-0.004061128478
0.002183059463
0.001195540885
7.826901856e-05
0.002730606357
-0.00383780594
-0.002127892338
-4.884629016e-05
0.002195007866
0.0009281323873
0.002250789898
0.001330843661
0.00194102095
-0.002523541218
0.0005522166612
0.002430447843
0.002763517201
0.003616266185
0.001212305622
0.000347132911
-0.004487170838
0.001926366473
0.002686168533
-0.0001265647443
0.00246156822
-0.0008632112294
0.0002843494003
2.423996921e-05
0.003228120739
0.0002405750565
0.0002257305605
-0.002201865893
0.001775796874
-0.000283718924
0.002340746112
0.001296500675
0.001819323283
-0.002536184154
0.005411578808
0.001301909564
0.002221770817
-0.000889609044
0.004307285883
-0.001891556662
0.0005487220478
-0.005768399686
0.002950417111
0.003766902722
0.0003091555845
-0.003867674619
0.0004389413807
0.001775312936
-0.001485277666
-0.00429412676
-0.00675760489
0.003341033822
0.002688767854
0.00213466608
0.001405378571
-0.006009257864
-0.002405042527
-0.001363899675
-0.0006517110742
0.002165940823
0.00131107308
0.002742602723
0.00292137824
-0.002273330931
0.001844232786
0.0002566805342
0.002362149535
0.001672708546
0.00374251185
-3.703492985e-05
0.002098529134
0.002989191096
0.002116448013
-0.001874160254
-0.001150480937
0.0009570133407
-0.0004762326425
-0.002854687395
0.002592270961
-0.0003961835173
-0.003045924241
-0.0007461743662
0.0004999142839
0.00199494604
0.003830610774
-0.0006279444788
-0.0006957345759
-0.001383332768
0.005827249959
0.001365002361
-0.001500616432
-0.001988468226
0.002590613673
-0.002073365962
-0.001040244359
-0.001103926799
0.001196420286
0.0009857717669
0.0002636769786
0.001982166199
-0.0002377577475
0.002490165876
0.004640229978
-0.002685896121
-0.0003910120286
-0.005239337683
0.003475409234
-0.0007095647743
0.000711614266
-0.003175316844
0.0003957808658
0.001359081129
-0.0006225690013
-0.001355902175
-0.004424052313
0.003128877841
0.0009189825505
0.0006392678479
-0.001195058459
-0.005037409253
-0.00317615876
-0.0004426378
-0.0003098107118
-0.003715610364
0.00156688795
-0.001381425071
-0.0006231417065
-0.0002838965447
-0.002148600062
0.002885435242
8.182444435e-05
0.0008734955918
-0.001421124674
-0.00050112186
0.000146810984
0.0005446683499
-0.001745355432
0.002110253787
0.0003296537325
-0.002572559752
-0.002508189064
-0.002592384815
-0.0003943613265
0.0001470363204
0.00449460838
-0.001116574043
-0.001253430732
-0.0003767787421
-0.002196888439
-0.0009074455011
-0.001449953881
-0.0005031567998
-0.002027725801
-0.0007047338877
-7.89531332e-05
0.001601802767
-0.001457112492
0.0004763743782
-0.002109427936
-0.001132472651
0.0004726105253
0.001504754066
-0.00313768466
-0.0004822041374
-0.001390462043
0.0004649696348
-0.002288998105
0.000930404989
-0.0002281358029
0.003363561351
-0.001172602526
-0.002282666042
-0.0007753879763
0.002443335485
-0.001045805751
-0.0003062536416
0.001635976951
0.002890706062
0.003856917145
-0.003336600494
-0.001144029666
-0.001441490138
-0.0009701976087
0.002829845063
0.002426197287
0.001620481722
0.0008276645676
-0.001968218014
-0.002138448879
-0.002821172355
-0.002099194564
0.0009458291461
-0.001894106623
-0.001788103953
-0.00201603584
-0.002004282549
-0.003370340914
0.0002926285961
-0.001417461317
-0.002546545118
-0.002905973466
0.001469131093
0.001448494615
-0.0007903188816
0.0004439205804
0.001338672941
-0.002053130884
0.0006664122338
0.0004506755795
0.00115341472
5.879955279e-05
-0.002244248288
-0.003726696828
0.001091051032
0.001037964597
0.001748158247
-0.006047912873
-0.001781101106
0.001514786272
0.001065002289
-0.002173288725
0.001761286752
0.001210864168
0.00128985662
-0.0001350305683
-0.001242150087
0.0005363431992
-0.00120085536
0.0005382669042
-0.003261854406
-0.003379258327
0.0002273536084
0.0008389280993
0.001925796736
-0.003001975361
0.001822166028
-0.000777460984
0.001609187457
-0.0003186157555
-0.001347179408
0.001044586767
0.0002141142031
0.002160917036
-0.002850894816
-0.0007149172598
-0.0008303948562
0.001674796804
0.00168499304
0.002124819905
-0.000522821676
0.001081259106
0.00488872733
-0.002132227644
0.001722327201
0.001134322141
-0.0005681447219
0.002429177286
-0.003052943153
-0.0005783453817
-0.0004596662766
0.001884876401
0.000782310497
-0.0004516608315
-0.0003450414515
0.002753518755
-0.002489039674
-0.0003496650606
0.003125577467
0.003055728972
0.002872443292
0.0007410299149
0.0002518569236
-0.004228788894
0.001413805643
0.002012399491
-1.908528066e-05
0.003583415411
-0.0002239547903
0.001608106773
0.0004703346058
0.00277528353
0.001062262803
-1.402933412e-05
-0.002329643583
0.003072990337
-0.0009649541462
0.002790871542
0.0006870570942
0.0003915042616
-0.001827314962
0.00398688158
0.0009294520132
0.00173279061
-0.001043878612
0.003361101495
-0.001161977183
0.0004074080498
-0.004461077042
0.001725638169
0.002311446471
0.001163757639
-0.003538171761
0.001170714153
0.0007396807778
-0.001697059604
-0.003448692616
-0.004536203574
0.004541936796
0.002159443684
0.00193130062
0.0007996945642
-0.004538947716
-0.002899842337
-0.001569272485
-0.001107359421
0.00220778794
0.002011562698
0.003328071442
0.002050053328
-0.001522188657
0.001754479483
0.001946442761
0.00166705891
0.002827732824
0.003674945328
-2.938155376e-05
0.001530011301
0.001774249016
0.003293517744
-0.001689799596
-0.001476836856
0.0008555681561
-0.000525923504
-0.002098973142
0.002529668156
-0.0006390825147
-0.001589422114
-0.001127769938
0.0005007038708
0.002739224816
0.004150592722
-0.001026436221
-0.001184456632
-0.001687028795
0.006948778406
0.001879672054
-0.001767403097
-0.001848727814
0.00219342229
-0.002254776657
-0.00126374932
-0.001332609332
0.0006488698418
0.0010630053
-0.0003041687014
0.001629843144
-0.0006398236146
0.003160218243
0.003744183108
-0.001226380933
-0.0008238958544
-0.003199397586
0.003120837733
-0.001800223254
0.00108381547
-0.002722599776
0.0002774835157
0.0009208049742
-0.0009044984472
-0.001552519854
-0.003017042764
0.003049486782
0.0007194872014
0.001228490495
-0.001365059288
-0.002579560271
-0.003271850757
0.1133685783
-0.05372766405
-0.02997779101
-0.02032006346
-0.01018051896
-0.05330691487
0.02792970091
-0.02044888772
-0.04010060802
-0.004472987726
-0.04397048429
0.04170239717
0.02950386889
0.07874646038
0.005566731095
0.005892912857
0.0312852636
0.0192558337
0.004585763905
-0.02662070468
-0.07806225121
-0.01785637625
0.02426303737
-0.01607140526
-0.00946539361
0.02683819458
0.06282109767
-0.09157768637
0.01932317019
-0.003876691451
0.06733220071
-0.02239801921
-0.04602044076
0.003989297897
-0.01766554266
-0.1012427881
-0.02864347957
-0.02538437396
0.05244065076
-0.01343020424
-0.03206674382
-0.0571311377
0.002835349645
0.005730097182
0.05154880136
-0.02828969061
-0.0008802810335
-0.0006439305726
-0.02301065251
-0.02366312966
0.01575102843
-0.03177485242
-0.04007216543
0.003447905648
-0.005013669375
0.01098516863
-0.04685695469
-0.07628051192
-0.07454098761
-0.01377401315
-0.005453315563
0.08994209766
-0.03917641938
0.1668004692
0.01782540791
-0.01446133759
0.01878292672
-0.05611292645
-0.07037816942
-0.01337076165
0.03493211791
-0.03352319822
0.01836799085
-0.02535891905
-0.0249631945
-0.0487999469
0.007545698434
0.01201984286
-0.01910956204
-0.03380472958
0.009947265498
0.01397630665
-0.01550084632
-0.02404589951
0.0245442111
-0.008759682067
-0.00190972595
0.04473571107
-0.01595772803
-0.000519393885
0.02565357462
-0.01344291121
0.02689933404
0.002655703342
0.009553002194
-0.02973086387
-0.06649558246
0.01034234557
0.02764331922
-0.0578058511
0.008695052005
0.004714402836
0.005267994478
-0.03180583566
-0.002304831753
-0.02059653401
-0.004319239408
-0.003539043013
-0.001783542568
-0.01691470668
0.002916336525
-0.01949321479
0.0139336288
-0.01523500681
-0.01393635944
-0.03323626891
-0.001585786929
0.008798755705
0.01750886254
0.02444488928
0.01918519475
-0.003582680831
-0.0270501785
-0.02497217245
-0.02532505617
0.01928534172
0.00647046417
0.05035254732
0.01587171294
-0.01453073509
-0.007420917973
-0.0153525006
-0.005402182695
-0.01328664552
0.01084357314
-0.001928167185
-0.02037136257
-0.004959934857
-0.01519531198
-0.00246814196
0.00517523149
0.01083337516
0.001027907361
-0.02001130395
0.00479674805
0.01518678199
0.01166988444
-0.01169800106
-0.01514259167
-0.01024510339
-0.002519511385
0.002834880259
-0.007917059585
0.002749485662
0.00541167194
-0.02023110911
0.0006704484113
-0.001250477042
0.0007290184731
-0.01054901443
-0.01854466647
-0.007531839423
0.002046198817
-0.02290746942
0.002374915872
-0.010451084
0.01073539443
-0.005170332734
-0.006095373072
-0.0158295203
-0.006064922549
0.002536694519
0.007166315801
-0.00713998219
-0.008945971727
-0.002582447138
-0.006109608803
-0.01304545719
0.01162374113
-0.01693803072
-0.01597476937
-0.01009140629
-0.001500204322
-0.001068970305
-0.004720947705
-0.0307032913
-0.01416970417
-0.00743236253
-0.002967888489
0.01124566607
-0.01313035563
0.01687490568
0.002281575464
0.0009516470018
0.008062119596
-0.0101033058
-0.01538988855
-0.001463422785
0.007613985334
0.004878811538
-0.003392533399
0.0005157758133
-0.009019788355
-0.008307629265
-0.0009441640577
0.003869590349
0.02072093636
-0.01828035712
0.003180060768
0.001253076247
0.003595592221
-0.007170693949
0.006061360706
-0.005660897121
-0.001335880603
0.01129820477
-0.003715424798
-0.00760455383
0.002634656616
-0.006391027942
0.00307430001
0.0003738556697
0.0008533964283
-0.007920885459
-0.01151789911
0.002194826724
0.007709824014
0.004013386089
0.002486006822
0.0005784108653
-0.0005622472963
-0.00732415542
0.01107339561
-0.005452499725
-0.005189565476
0.003948979545
-0.001755344449
-0.007680747192
-0.002903211163
-0.004829180427
0.007186339237
-0.005011280999
0.00207742909
-0.00749999797
0.007345316466
-0.0007664177101
0.01601772755
0.001933356165
0.02611669898
0.005497291218
0.002108209999
0.004700238816
-0.00285608531
0.001944257179
-0.001876537222
0.01327843592
0.0003361202835
-0.0004072641896
-0.001018902985
0.0003709123994
-0.0003459978616
-0.0004661404819
0.0003613157314
-0.0006906379131
0.001060061273
5.282474376e-05
0.0003580937919
-0.0007621225086
-0.0002382930543
0.0001159446547
-5.095991219e-05
-0.0008022011607
0.0004803404736
-8.143429113e-06
-0.0006693791365
-0.0003065216588
-0.0004501207732
-0.000298528932
-0.0001737329148
-0.0003202438238
-0.0004965483677
-0.0005814852193
-1.279459138e-05
-0.001080278889
0.000625580491
-0.0002209331869
-0.0001217916652
-0.0008277961169
-0.0005123674637
5.173079626e-05
0.000651523238
-0.0008874933119
0.0001838709577
-0.0004260829883
0.0001139967499
-0.0002911511401
0.0003925440542
-0.0003271100577
-0.0002976768592
-0.0004840237671
0.0003043093602
-0.0009010670474
0.0006410546484
-0.0001670540805
0.001234170632
-0.0006332022604
-0.0004816151923
-0.0002832755563
0.0006238943315
-0.0001350273669
-0.0003727052244
0.0001930829603
0.000802334107
0.001647349796
-0.0009079526062
-0.000695921015
-0.0005842893152
-0.0001798345475
0.001911193365
0.000369024172
0.0002248881938
0.0001388246019
-0.0001075367254
-0.0005551032373
-0.0007195575745
-0.000641381368
0.0004451587738
-0.0002591297962
-4.723774691e-05
-0.000155438247
-0.0007183190901
-0.0009280261002
-6.204700185e-05
-0.0002808737918
0.0002490844927
-0.0008113120566
0.0003189356939
0.0001714405516
-4.083117528e-05
1.761622298e-05
0.0005997518892
-0.0006484637852
-5.667968071e-05
0.0007982349489
0.0001001153723
-0.0001306558406
-0.0007427260862
-0.0009587806999
0.0002847284777
0.0002292655408
0.0002769498096
-0.001893663197
-0.0004512416199
0.0002729465778
0.000524234667
-0.0003667980782
0.0005386613193
0.0001561014506
0.0001486953843
-7.331350935e-05
-0.0001464546658
-2.541648792e-05
-0.0006016304251
0.0001328917278
-0.0007606568397
-0.0009051839588
0.0004115014744
-2.847691758e-05
0.001121605514
-0.0008692448027
0.0005297625321
-0.0003574149741
0.00090229325
-0.0001814848802
-7.075172471e-05
0.0001361808536
0.0009485143237
0.0009226584225
-0.0006493883557
-0.0001258377597
-0.0003649047576
0.0001828921959
0.001158085535
0.001064061071
-0.001607019221
-0.002462684177
-0.005327747203
0.005528095644
-0.002874707105
-0.001542394049
0.0009064064943
-0.003165326547
0.005017642863
0.003498298582
-0.001373954467
-0.001534613664
-0.001161986263
-0.004270208068
-0.002957257675
-0.0006255111075
0.002427135827
-0.001546362881
-0.002608629642
-0.003235478885
-0.004511002917
-0.001426940318
-0.0001199309627
0.008347767405
-0.002705412218
-0.003469136776
0.0009199478664
-0.001275827177
0.001547032618
0.000369183661
0.0004734960967
-0.004268767778
1.391596743e-05
-0.0003961180337
0.002806633245
-0.001626736252
0.0003992743441
-0.002430749591
-0.001908363774
-0.003264761297
0.00349118514
-0.007705830038
-0.001520354184
-0.002682611113
0.0009265201516
-0.00580141414
0.002605959075
-0.000749459723
0.007168222684
-0.003382562893
-0.005254127085
0.0002211252722
0.004933351185
-0.0003249644651
-0.002304746071
0.001219276921
0.006506079808
0.008131587878
-0.002537370427
-0.00311499415
-0.002627378097
-0.002023948589
0.007267821115
0.003041912103
0.001113575185
0.0007658418035
-0.002817925997
-0.0003799773694
-0.002721252386
-0.003490413306
0.002826398239
-0.002252841601
0.0006297394284
-0.002757105744
-0.00296036154
-0.003448534757
0.0002313536534
-0.002971890382
-0.004703294951
-0.0004396945296
0.002119068988
0.0008629109361
-0.001517075347
2.575228427e-05
0.003262189915
-0.002555237152
0.0004985050182
0.002798289526
0.0005298609613
-0.0007280970458
-0.001519277692
-0.003470563097
0.00253248564
0.0003234660544
0.001191818039
-0.0061092088
-0.001328198239
0.001290120301
0.003229709575
-0.003364540869
0.002634564647
0.0008425776032
0.0009012402152
-0.001808538334
-0.001552883885
-0.001185996342
-0.002297398634
0.0001269645145
-0.001565277809
-0.00539400382
0.003791536903
0.0002154310059
0.006656926591
-0.004122842103
-0.0001053860033
-0.0002576975676
0.002970239148
-0.0003420359863
-0.002061605686
0.0003402182192
0.0002536546381
0.004747682251
-0.00284207752
-0.001184646506
-0.001649032813
0.00105111138
0.007118359208
0.004004523158
-0.0002388091816
-0.0002675337309
-0.003497269936
0.001325002057
-0.001258466044
-0.0005053984933
-0.0003517059376
-0.001924445271
0.002504258649
-8.147527114e-05
0.0009220698266
-0.001357587869
-0.0004495304602
0.0005435250932
0.0008193786489
-0.001931183506
0.001997063402
0.000430450862
-0.002485850127
-0.002409063745
-0.002463096986
-0.0002866192081
0.0001681857393
0.004086573143
-0.001020470285
-0.001107968506
-0.0003813388757
-0.002089910442
-0.0009337756783
-0.001504152664
-0.0005267042434
-0.001820184989
-0.0007224528817
-5.953860818e-05
0.001498462632
-0.0013076904
0.0005436995416
-0.002087523695
-0.0009764490533
0.000567808107
0.001348079764
-0.002771287458
-0.0003999200126
-0.001234693569
0.0004994912306
-0.002040695166
0.0008624410257
-0.0001801041944
0.002976867137
-0.0009502237663
-0.001943193027
-0.0007947278791
0.00209592632
-0.001046079211
-0.0001930131257
0.001578451018
0.002571832621
0.00328717567
-0.003255411051
-0.001002901932
-0.001288418425
-0.0009078906733
0.002521070652
0.002429369139
0.00154445169
0.0006773378118
-0.001891396241
-0.002151227556
-0.002669644775
-0.001936980058
0.000782354793
-0.001723265275
-0.001935289241
-0.0018375332
-0.001654994907
-0.003165624337
0.0003335009678
-0.001250656787
-0.002271160483
-0.002977793105
0.001351791667
0.001411178848
-0.000766289013
0.0004280430148
0.001171292737
-0.001879313495
0.0006388127804
0.0001313653338
0.001004692633
5.892229092e-05
-0.002117546275
-0.003565005492
0.0009259023354
0.000559790933
0.001269668457
-0.005595211871
-0.001770148287
0.001224350417
0.0009171521524
-0.001987647032
0.001705617411
0.001106887474
0.001227235654
-0.0001671919017
-0.001180026215
0.0006005194737
-0.001090835198
0.0005412798491
-0.003227221314
-0.00324851647
-7.193480269e-05
0.0008442641702
0.001530676032
-0.002812128514
0.001729980228
-0.00076051621
0.001432591234
-0.0002606409544
-0.001193252159
0.0009542903281
0.0001362633338
0.001845788094
-0.002703909995
-0.0006378988037
-0.0007117516943
0.001347455196
0.001260733814
0.00188864232
0.01344133727
-0.05751724914
-0.06236255169
0.03648135066
-0.02838556468
-0.002646496752
-0.05600118265
0.01185328048
0.02931791358
-0.04920234904
0.003950370941
0.003530068323
-0.0004419690231
0.04785243049
0.07363662869
0.03296517208
-0.03908534348
0.009325182065
-0.07414908707
-0.1014221236
-0.1168484092
-0.008194959722
-0.009110708721
-0.06936659664
-0.04635944217
-0.06642651558
-0.03668437153
0.02185419202
0.05285843462
-0.07541164756
-0.1739735007
-0.02521232888
0.05425441265
-0.05584922805
-0.02865320444
-0.02848744579
-0.0380201675
-0.06068176404
-0.004446241073
-0.004648331553
-0.03145965189
-0.1536413133
0.01938936301
-0.03568653762
-0.01954550855
-0.006170170382
0.0228547845
0.0009516744176
0.05986581743
0.001310158521
-0.07323447615
-0.003602775279
0.08816941828
0.02212771587
-0.02500683628
-0.003301690333
0.001028172555
0.09409880638
-0.0054864618
-0.05779081956
-0.03376179561
-0.0565196164
0.08483914286
0.04450166598
-0.03713380918
0.04147400334
-0.03579736128
0.0705159381
0.006725146435
-0.0141048599
-0.0129793454
0.0153233381
-0.08116434515
0.0009589645197
0.00821399875
0.01823945157
0.01310009975
-0.008928137831
-0.02811077051
0.01142103877
0.001959283371
-0.01070891321
-0.04020199552
0.007348013576
-0.006174420938
-0.009520916268
0.03366504982
-0.01895562187
0.008605429903
-0.01543326117
-0.01395146549
0.01828004606
-0.01389093976
0.004841709975
0.006720469799
0.01640195958
0.04684456438
0.01183782425
0.00268514757
0.0003962593619
-0.00628293911
0.008846056648
0.007976695895
-0.04424268007
-0.05146118999
0.001813523239
-0.04032931104
0.005830958486
0.01250954531
0.009982520714
0.02654532902
0.06584531814
0.01731969416
0.01042424329
-0.006964844652
0.03289008513
0.05203064531
-0.01821161807
-0.0147455046
-0.02732828259
-0.0290181879
0.04693773016
0.01292982232
-0.01698021963
-0.001736465376
-0.002886670642
0.01279373374
-0.01027563121
0.0302782245
-0.01795491576
-0.01463644486
-0.004504277837
-0.008469033986
-0.01850190759
0.00165875745
0.0004108803114
-0.006777958479
0.002017220249
-0.0091644153
0.008847986348
0.00759100914
0.0186615102
0.00361890276
-0.0001974678453
0.01254474092
0.009438581765
0.004343657754
-0.02351420932
-0.03233091906
-0.006746565923
0.004051949829
0.004337392747
-0.007768447511
0.0001484603708
0.01134504844
-0.02379655652
0.001970045036
-0.004863275681
0.009398214519
-0.007582471706
-0.007251082454
-0.002522767289
0.0008715777658
-0.02438799478
-0.005739110988
-0.02289953083
0.01295507699
-0.01023037173
-0.007486919407
-0.04018061608
-0.003266798332
0.001061181189
0.01676485315
-0.0160549283
-0.004122105427
-0.00254968158
-0.00149728416
-0.01181567181
0.002237654291
-0.02021979354
0.004353401251
-0.01282901037
-0.00537982583
0.006124641746
-0.006436972879
-0.02890560217
-0.02157513797
-0.0105173355
-0.004856709391
0.0170542039
-0.0006533001433
0.04322737083
0.002342113992
0.002424359322
-0.001827547443
-0.009208323434
-0.01706504077
-0.004917483311
0.007757798303
-0.003266453743
-0.007659013383
-0.002613779623
-0.01000208873
-0.01510161441
0.003644269658
-0.0003974151041
-0.004030545708
-0.01091052033
0.004844399635
0.001680649584
-0.005308447871
-0.00571447704
0.007821195759
-0.004826471675
0.002286721487
0.01458070893
-0.007045522332
-0.008593373001
0.00332675688
-0.009593083523
0.005930508021
-0.003048434155
-0.001701124012
-0.008708139881
-0.01026984956
0.002177389571
0.009947570972
-0.01005013566
0.002687460976
0.0005461377441
0.0002216592984
-0.01525418274
0.001722100307
-0.009610289708
-0.008268112317
-0.001596472925
0.0007868289249
-0.009136943147
0.007411617786
-0.003605494043
0.0149021158
-0.007926258259
-0.003567581531
-0.005468399264
0.01162476931
0.0003398277622
0.007211685646
0.004289422184
0.00682356162
0.008739978075
-0.006788488943
-0.00119339209
-0.004021079745
0.002354859374
0.008235085756
0.02181361243
-0.07536574453
-0.02085442655
-0.03939986974
0.04138664156
-0.008247748949
0.03472941741
-0.01954311132
0.03978766501
0.05605393276
-0.04460145533
0.1246581078
-0.04700756446
0.01431069337
-0.03807605803
0.05615058914
0.04236670956
-0.0600056164
0.003144104267
-0.07177400589
-0.0827107057
-0.09493861347
-0.02213869058
-0.02342882566
-0.04640446231
-0.04919683188
-0.081154719
-0.08670509607
0.05691951513
0.05955532566
-0.04980656877
-0.1753290147
-0.02260065824
0.04460152984
-0.05897382274
0.003049656749
0.03376334161
-0.01588207111
-0.05592498928
-0.01501825824
-0.001795026707
-0.006704688072
-0.08527478576
0.0133311972
-0.03482244909
-0.07860188186
0.01735415496
-0.006691966206
-0.01344838273
0.07016059011
0.009563295171
-0.09814763814
-0.04544066638
0.06525212526
-0.02964580432
-0.01915878989
0.003608378582
0.01931290701
0.0932385698
0.02990914695
-0.1009482145
-0.04889510572
-0.09692290425
0.06703301519
0.01064062212
-0.04708797485
0.04725167155
-0.02557854727
0.06768917292
0.02964751795
0.01003057323
-0.02006925456
0.02562203445
-0.07971470058
0.01401560009
0.02429613844
0.005864767823
-0.0001287321938
-0.0001375312713
0.03079704195
0.0287606474
-0.008264069445
-0.01649987511
-0.01209788583
-0.0003524973872
-0.01463414822
-0.02063120343
0.02156727016
-0.03214125335
0.01056602318
-0.0304706376
-0.02405688353
0.01306312997
-0.03457194194
0.007774116471
0.001370719634
0.01796503924
0.04390326515
0.005159556866
-0.0070475908
0.04498055577
-0.01180093735
0.004720702767
0.001215627883
-0.03747431561
0.01209490746
0.003044534242
-0.03682474047
0.001598489704
-0.0163375698
0.01636890881
0.007926811464
0.04532088339
0.0137172481
0.02759498172
0.008633114398
0.0198756922
0.05343638733
-0.03370330483
0.001119005843
-0.04093159363
0.01138579287
0.04732720181
0.02013592422
0.01792941429
0.007804776076
-0.01256625541
0.00190556387
-0.03987785429
-0.0001917156915
0.001473673503
0.005708507262
-0.003255054587
0.002194606466
0.001320100739
-0.0005776816397
0.002900399966
-0.003870208515
-0.001224481268
-0.0004640576954
0.002217876259
0.0009487200296
0.0003433070087
3.600263881e-05
0.002935700584
-0.00300688995
-0.0002127364569
0.003387137083
0.003497297876
0.003794342279
0.001032013446
0.0003571939887
-0.005245887209
0.001720134984
0.002577654086
-1.477858677e-05
0.003672627499
-0.0003135582083
0.001407751464
0.000311886135
0.003338442184
0.0008920349646
-1.612547203e-05
-0.002765163546
0.003153294325
-0.0009719656664
0.003113165032
0.001078163739
0.0007899774937
-0.002461649943
0.00521737244
0.00124239584
0.002151002176
-0.001159806503
0.004192514345
-0.001458115177
0.0004286204639
-0.005648899823
0.002410778543
0.003140692599
0.001081147813
-0.004372565541
0.001272301772
0.0011162468
-0.002005033195
-0.004385532346
-0.005977229681
0.004993624054
0.002720537828
0.00231207977
0.001095775398
-0.005877976306
-0.003262957325
-0.001820134348
-0.001234335476
0.002762389369
0.002055269433
0.003564046463
0.002497081645
-0.002006971277
0.002137366682
0.00174928084
0.002260952955
0.003153929021
0.00433720788
-3.32713098e-05
0.001980625326
0.002661775798
0.003360685427
-0.002045521745
-0.001686271513
0.001193310134
-0.0003785453737
-0.002641730476
0.002856730018
-0.0007166762371
-0.002331343945
-0.001276692492
0.0006580729387
0.002873467281
0.004666131455
-0.001362821786
-0.001203829772
-0.001887386199
0.00734601263
0.002060625935
-0.002044022083
-0.002342551714
0.002766316058
-0.002642152598
-0.001466738293
-0.0015427256
0.001040225499
0.001158010447
-0.0001408853277
0.001905282727
-0.0006724686828
0.003323898651
0.004406060092
-0.001881958568
-0.0009292443283
-0.004233389162
0.003625652287
-0.001524361316
0.001068816055
-0.003321970347
0.0002817256027
0.001272028079
-0.0009493898833
-0.001533404924
-0.003922029398
0.003671147628
0.001019656775
0.001410430763
-0.001540026395
-0.003478443716
-0.004000444431
-5.086194869e-05
-0.0002122245787
-0.002820643364
0.0008151083603
-0.0009438816924
-0.0005590062356
-5.204536137e-06
-0.001614590408
0.001887151855
-0.0002662748448
0.0005786605761
-0.001031074557
-0.000415277289
0.0005333608715
0.0005535390228
-0.00143803237
0.001525758416
0.0003443677851
-0.001879683696
-0.00190718472
-0.001582344645
-0.0002768336271
7.277142868e-05
0.003082310315
-0.000724690326
-0.0009175023879
-0.0002386400593
-0.002265897114
-0.0005902120611
-0.001351713319
-0.0005525731249
-0.001583063859
-0.0007638981915
-0.0001032122964
0.001253042952
-0.001735499129
0.0004354733974
-0.001727491734
-0.0006458511343
0.0004125246778
0.0009510477539
-0.002108132467
-0.0003427968477
-0.001055059722
0.0004673389194
-0.001670371974
0.0005528224865
-0.0001815697469
0.002352510812
-0.0007946381229
-0.001399736269
-0.0008029738674
0.00187099434
-0.0008041450055
-0.0001872710855
0.001144684618
0.002018429339
0.002426458523
-0.00274926587
-0.0009033429669
-0.001135613769
-0.0005664776545
0.001926611993
0.001775390119
0.001163666137
0.0006312681944
-0.001300166361
-0.001737481332
-0.002361913212
-0.00147291203
0.0006680281949
-0.001322816475
-0.001601024996
-0.001251683803
-0.001665177289
-0.002472113352
8.509588952e-05
-0.0009369907784
-0.001375091728
-0.002333873417
0.00108238426
0.001050143037
-0.0003482363827
0.0005076106172
0.0009881522274
-0.001563533442
0.0004766736529
0.0001793470437
0.0008383549284
-1.708108903e-05
-0.001999849919
-0.002990244189
0.000650633825
0.0008251470281
0.001295386814
-0.005080733914
-0.001327326754
0.001148734824
0.0007958178176
-0.001431992278
0.00128743588
0.000899957784
0.0009518128354
6.225662946e-05
-0.0009782385314
0.0004511820734
-0.0009347798768
0.0003979234607
-0.002605440095
-0.002629465889
7.347369683e-05
0.0005630938685
0.001409040997
-0.002178020775
0.00170649169
-0.0007812276599
0.001277275151
-0.0003408688353
-0.000826337724
0.0008200733573
0.0006550457911
0.001523820334
-0.001992903883
-0.000364070962
-0.0007132689934
0.001207684167
0.00125882274
0.001706710202
-0.0003632248845
-0.0001608340681
-0.00289500854
0.001185445581
-0.001050001127
-0.0004522005038
-0.0004907100229
-0.001730328426
0.002223908436
-0.000137242896
0.0007299593417
-0.00128513237
-0.0004889557604
0.0002240686881
0.0005835116026
-0.001750482712
0.00172156503
0.0003506235662
-0.002089134883
-0.00191084668
-0.00209848932
-0.0002953425283
0.0001147175208
0.003195237834
-0.0007986461278
-0.0009417568799
-0.0003715739585
-0.001718010521
-0.0008510529296
-0.00128324551
-0.000505340111
-0.00157118577
-0.0004986790009
-6.823461445e-05
0.001200215309
-0.0009232596494
0.0002633607655
-0.001664539566
-0.0009091518004
0.0005305957166
0.001201565843
-0.002259480767
-0.0003544197825
-0.001108602155
0.0003149555414
-0.001650691614
0.0007970413426
-7.823486521e-05
0.002508545062
-0.000902517233
-0.001791870221
-0.0006421182188
0.001645235578
-0.0008448823355
-0.0002298988547
0.001339311828
0.002000349341
0.003020113334
-0.002651661634
-0.000852194964
-0.001121707144
-0.0008010498714
0.002039299114
0.002086511813
0.001374131883
0.0005880765966
-0.001585359103
-0.002092683222
-0.002205906902
-0.001807692926
0.0006738569355
-0.001568007399
-0.001725314069
-0.001588435727
-0.001530352049
-0.00272954884
0.0004247963079
-0.001116270781
-0.002114401897
-0.002625572262
0.001119394787
0.001156802056
-0.0006488508079
0.0004580533132
0.0009609116823
-0.001775420969
0.0006090360694
8.917748346e-05
0.0009772002231
0.000155161164
-0.001866466482
-0.003100221977
0.000859471329
0.001041242853
0.0014345292
-0.005393279251
-0.001595228328
0.001218498102
0.0007223398425
-0.001833091024
0.001392589416
0.00101913407
0.001053081709
-6.031768135e-05
-0.001115222811
0.0005939665716
-0.001027632505
0.0004866897361
-0.00287703448
-0.002940731589
-0.0001819441095
0.0007025006926
0.001334553119
-0.002457730472
0.001810785499
-0.0007197398227
0.001181905391
-0.0003301672405
-0.001116821892
0.000902781554
2.905573638e-06
0.001611365587
-0.002339336555
-0.0005575211253
-0.0006726557622
0.001365028671
0.001124986913
0.001607115031
0.0008615272236
0.001822376158
0.006438612472
-0.00517492136
0.002781282878
0.001056925044
-2.307834438e-05
0.00330119906
-0.005390031263
-0.002473727334
-0.0005251007387
0.002170030726
0.00091561093
0.002199046081
0.0009369768668
0.001471602591
-0.003370322986
0.000399542565
0.003769146279
0.003802847583
0.00503667444
0.001158806263
9.88352258e-05
-0.006638892461
0.00203826325
0.003138528205
-0.0004138560034
0.002292356454
-0.0001613326313
0.0008202047902
-2.554229286e-05
0.00374941295
4.233181244e-05
7.446410018e-05
-0.002677050186
0.00210867147
-0.000793663552
0.003101106733
0.0020772391
0.001279602642
-0.003217864782
0.006952127442
0.001367846737
0.002478708513
-0.001057522139
0.00502627762
-0.002112544142
0.0004986914573
-0.00682256138
0.003018941032
0.004853999708
0.0005100101698
-0.0057898378
0.001217983779
0.001537105883
-0.002135449322
-0.005239912774
-0.00842123013
0.004577986896
0.00302575971
0.002441565739
0.001987155061
-0.007808289956
-0.003384292591
-0.002076966222
-0.0011249854
0.003820567625
0.001333855325
0.003443078138
0.003159556538
-0.002548368182
0.00271142181
0.001225739717
0.003370422637
0.002494754037
0.004545769189
-0.0002098233672
0.002687183209
0.004644929897
0.002196620684
-0.002411453053
-0.001902135904
0.001844520215
-3.297178773e-05
-0.00321399793
0.002738398733
-0.0008175332914
-0.002603045665
-0.001122541493
0.0006245527184
0.002160055097
0.004570918158
-0.002217518399
-0.0002011886972
-0.001333483146
0.006808790378
0.001756596495
-0.001603992307
-0.002690661466
0.00322763389
-0.003111971309
-0.001472946256
-0.001769909402
0.001755111269
0.001430430799
0.0002084470907
0.001885068486
-0.0005972750951
0.003032658249
0.005400672089
-0.00285256817
-0.0009923279285
-0.005229806062
0.004002112895
-0.000371664355
0.0006271200255
-0.00324258185
0.000223773357
0.002201018622
-0.0008399310755
-3.844381717e-05
-0.0044464604
0.004078922328
0.001414755476
0.001115527819
-0.001356002409
-0.004533959087
-0.004153894261
0.007194406819
-0.0070765852
-0.002849465702
-0.008626492694
-0.002349449322
-0.006857012864
0.005950476974
-0.00339571503
-0.01018486079
-0.004441542085
-0.008436427452
-0.004242129158
0.0007208890747
0.005516383797
0.0002664521162
-0.01308302581
0.002756256144
0.008114600554
0.003376365406
-0.006319144275
-0.00560241472
-0.004933685996
-0.002590679331
0.003310594242
-0.00442575058
0.001072247163
0.002434202936
-0.01159564964
0.0001155262071
-0.00143652712
-0.001097450848
-0.005413610954
-0.01134336833
-0.003683494637
0.002484151861
-0.01249647234
0.003423654474
-0.005356611684
0.005881953984
-0.003590274602
-0.002506958321
-0.006374417804
-0.00330344541
0.001520091901
0.002612772165
-0.002705571242
-0.005361776333
-0.001282302197
-0.002836066065
-0.006810343359
0.006211360451
-0.008234486915
-0.009493442252
-0.005401347764
-0.001612831606
-0.002285818802
-0.0003674624895
-0.01609387808
-0.007269875146
-0.004549491685
-0.001950478647
0.004061210435
-0.006820500828
0.008039380424
0.0009188134572
-0.0001282691228
0.006126564462
-0.004058616236
-0.007186795585
-0.001035821158
0.003751157084
0.002314154524
0.0009192502475
-0.0003405435127
-0.005342809018
-0.00518728001
-0.001692987047
0.001790722134
0.01187388226
-0.01105817594
0.001442867797
-6.110976392e-05
0.001270669745
-0.002706664847
0.00332686468
-0.003567585023
-0.002194907283
0.008180186152
-0.0008916909574
-0.003426055424
-0.0002372205927
-0.003055330832
0.001259929966
0.001168362214
5.209453957e-05
-0.003840430407
-0.005887134466
0.001330722473
0.00462619774
0.001864838297
0.002166243503
-0.0003642767551
-0.0008970494964
-0.003763692221
0.005102966446
-0.002758302959
-0.00295343902
0.00297437096
-0.0005713967839
-0.002838809276
-0.001152108307
-0.0027417643
0.004591219127
-0.001448441297
0.001886623795
-0.003058932722
0.005150668789
-0.0001876013121
0.007829496637
7.731129881e-05
0.01374932751
0.003817056306
0.0007118353387
0.0007835504366
-0.00187837868
-0.0005218780134
-0.0006382080028
0.006451448891
0.04505791143
-0.0187519826
-0.01615810208
-0.008150083013
-0.006495651323
-0.02027979679
0.007875597104
0.001280305441
-0.009579764679
-0.001348496531
-0.007854277268
0.0168394465
0.01137695834
0.02717699483
0.005326809827
0.006142669823
0.01720810682
0.01123678777
0.002395435004
-0.02675225027
-0.03965763003
-0.00528866658
0.01063306816
0.007868112996
-0.006092799362
0.005243903026
0.02008639462
-0.02890824899
0.001922673546
-0.009752174839
0.01535740215
-0.005644574761
-0.009077399038
-0.003141833236
0.0006750384346
-0.03099726699
-0.009932038374
-0.02634069137
0.01933565363
-0.008881501853
-0.007701104507
-0.03878150135
0.0007517496124
0.002521646209
0.02401103638
-0.01702572964
-0.00350614544
-0.003498881357
-0.0134638818
-0.009607329033
0.002177460585
-0.02097702213
0.01375847124
-0.009765694849
-0.002556881635
0.009719893336
-0.008906174451
-0.04356576875
-0.02849090099
-0.008857347071
-0.002824405441
0.02665076964
-0.008248067461
0.05555644259
0.004408223554
0.001590262167
-0.003029688494
-0.01296470687
-0.02121545933
-0.004578894004
0.007538749836
-0.00688334601
-0.007831907831
-0.00648468826
-0.01055988949
-0.02259773761
0.007193349767
0.000192404128
-0.01183239091
-0.01407975983
0.004953912925
0.004071440082
-0.009406149387
-0.006001253612
0.00660853181
-0.003037752816
0.002995893126
0.0151924286
-0.009381894022
-0.007969924249
0.006568159442
-0.01333260164
0.007439644076
-0.003628001548
-0.0006045819027
-0.008697452955
-0.01603911445
0.002669760725
0.009810286574
-0.01959004812
0.00131620327
0.00221164152
0.001675747451
-0.01821113005
-0.001074309344
-0.008961288258
-0.00577885285
-0.003930334467
0.001116608735
-0.006427940913
0.006797266658
-0.003615997965
0.009698760696
-0.009777874686
-0.006170727313
-0.005553028546
0.009543067776
0.002377211582
0.006785233971
0.007792861201
0.0006769449683
0.003860958153
-0.01324202493
-0.00478683738
-0.004540889524
0.005161367357
0.004579724278
0.02505572513
0.008278620429
-0.007800444495
-0.009437618777
0.00623331219
-0.005520223174
-0.007086080033
-0.001518768258
0.001311256085
8.807358972e-05
0.007056092843
-0.003016840434
0.004232924432
0.00225941278
0.003768997965
-0.001648851205
0.004342772067
0.008036406711
0.001014278852
0.001510865986
-0.01284188498
-0.0135523295
-0.001194703858
0.002717392752
0.006220829673
-0.003349278588
-0.003753747325
0.005389649887
-0.006934791338
-0.0001974735787
-0.002109844936
0.006207310129
-0.003086062614
0.003478989704
-0.0001041817886
0.002239988651
-0.006940128282
-0.002259851666
-0.0132299494
0.001990642631
-0.007642518729
-0.0006473884569
-0.02196541056
-0.001997790067
-0.001732425182
0.01120165922
-0.01187351067
0.001096090884
-0.0007460897905
0.002911943011
-0.004954289179
-0.001262358157
-0.007252701093
0.007015861105
-0.005703782663
-0.003964777105
0.004304549657
0.0003110826947
-0.007585060317
-0.008793309331
-0.004405014217
-0.002613308607
0.004446058534
0.005161345936
0.02286413871
0.0006987875677
0.001376828877
-0.005071861204
0.0003781542473
-0.004305161536
-0.002923903987
0.003162067384
-0.002898628591
-0.004463139921
-0.001103552291
-0.00462599704
-0.006112001371
0.001872990979
-0.002485973528
-0.009773212485
-0.00382151152
0.002647185232
0.0002609242511
-0.004132408183
-0.0006459912402
0.004950745963
-0.002096900251
0.001766448957
0.007166372146
-0.003246194217
-0.005355488975
-0.0006262899842
-0.006050698925
0.003944569733
-0.003095731605
-0.002260189969
-0.004434029572
-0.001185888192
0.001054070541
0.006035985891
-0.005987292621
0.002232389525
-0.000231146958
-0.000210766113
-0.007343355566
-0.001340074581
-0.004291767254
-0.004446661565
-0.002410309622
0.002172551816
-0.006229551975
0.009539427236
-0.0003585616651
0.01058708597
-0.004681081511
-0.003768783528
-0.0004204962461
0.007950837724
0.0006522757467
-0.000602474669
0.001106812269
-0.00299507915
0.006256756373
-0.005239423364
-0.0003564336221
-0.001897770795
-0.00117967336
0.00963517651
0.01371372864
-0.0005333360168
-0.0003946486977
-0.003738025436
0.001801558887
-0.001455052756
-0.0007163146511
-0.0002138566488
-0.002100207377
0.002884444548
0.0002033431811
0.0007988808793
-0.001401418936
-0.0005915456568
-0.0001120579691
0.0003968338133
-0.001756244339
0.002151859459
0.0002729352273
-0.002490990795
-0.002511992352
-0.002646780107
-0.0004796420108
9.798847896e-05
0.004520118237
-0.00108041265
-0.001377870562
-0.0003555648145
-0.002233067993
-0.00083546323
-0.001383290743
-0.000481087307
-0.002158283954
-0.0006230916479
-0.0001151706383
0.00159557478
-0.001513900235
0.0004570358724
-0.002169715241
-0.001202283078
0.0002948269248
0.001621412463
-0.003340978641
-0.0005521063576
-0.001491126372
0.0004659206606
-0.00245714793
0.0009180280613
-0.0002514442895
0.003479731502
-0.001340517076
-0.002414981835
-0.0008129556081
0.002615274396
-0.001050603227
-0.0005175364204
0.001658445573
0.002956947777
0.003898573807
-0.003167506773
-0.001291017164
-0.001536894822
-0.001008392777
0.002994069364
0.002328989562
0.001621739822
0.000757254893
-0.00200725696
-0.002092740498
-0.003091626102
-0.002212363994
0.001068464131
-0.001901379437
-0.001716998406
-0.002000330715
-0.00146859372
-0.003393346909
0.0001310355437
-0.001464859466
-0.002655463526
-0.002910537645
0.001513565192
0.001426067436
-0.0008457977674
0.0005049383617
0.001475963509
-0.002059876686
0.000663002138
0.0006367361639
0.001093820669
-1.248959597e-05
-0.002307300223
-0.003652330954
0.0002891359618
0.0007966650883
0.001570588094
-0.005760967731
-0.001615888206
0.001466184505
0.001015504822
-0.00227384665
0.001658893307
0.001217697049
0.001306209248
-0.0002382250241
-0.001230321592
0.0005349584389
-0.001174864243
0.0003737614607
-0.003293807153
-0.00361669925
0.0004186642182
0.0007835617871
0.002278076252
-0.002883712295
0.001764620538
-0.0008535012603
0.001750335796
-0.0003621783981
-0.001304852194
0.001029526116
0.0002619005973
0.002397300443
-0.002867519855
-0.0007390853134
-0.0005071286578
0.001590249245
0.002014028374
0.002132992493
