-0.000810335041
0.001344117336
0.0009850149509
-0.0005063468707
-0.0004439951445
0.006585143507
-0.05353406817
-0.02500517853
-0.00393452961
-0.001427572221
0.022904424
-0.0001691984799
-0.06248190999
0.00151904393
0.001127677737
0.0002839981462
-0.0003160359629
0.003168158233
-0.0002724154328
0.001236282173
-1.551566311e-05
-0.009828896262
0.001031639986
0.0007170973695
-0.04856327549
-0.002016867278
-0.0008952718345
0.02546048909
0.0007439964102
-8.781874203e-05
-0.07068686932
-0.0006764544523
