-0.1134594381
-0.04452874511
-0.03785539418
-0.0002390645532
-0.0970203951
0.0390076451
-0.09262697399
-0.02869573794
-0.005214731675
0.00803143438
-0.001051645959
0.006002084352
0.01574013941
0.05683767423
-0.02561889961
0.02041813917
0.00913772732
-0.01228121761
-0.02764846385
-0.02304295264
-0.1787548661
0.09067812562
-0.01545378845
0.01007074583
0.003484697547
-0.06280139834
0.01338848192
-0.01485196967
0.02366914786
-0.05659874901
0.008522780612
0.02273177542
0.07994316518
-0.009538485669
0.03507877141
-0.004903745838
0.008169138804
-0.02655820921
-0.02190659009
-0.02465651743
-0.01951161027
0.04684484378
-0.07512709498
-0.009427658282
0.09739051759
0.0207340084
0.1033760384
0.08395046741
0.05692073703
-0.0485452041
-0.04040815681
0.06752175093
0.01194105111
-0.01387296803
-0.03610718623
-0.007513403427
-0.03262983635
0.01287729945
0.007770152763
0.03098434024
-0.01963323727
0.1228640527
0.05241277069
-0.03007707
-0.006333991885
0.0005509851035
-0.002226421842
0.005682566203
-0.008202404715
0.021648027
-0.02814790606
0.03285523877
0.04269187525
0.02206825279
0.0255805105
0.03551923856
-0.01088062488
0.0105306264
-0.01863494329
0.05239631236
0.004964197986
-0.01486374158
0.013381931
0.01450532582
0.01615733653
0.02026518062
-0.03007552214
0.01486773696
-0.008103928529
-0.005650998093
0.01739719883
0.001422009664
0.02382243611
0.008001730777
0.002680439502
0.05252497271
0.0261805132
-0.003417290049
-0.01736469008
0.02281001396
-0.01993070543
0.00618397817
-0.0504725948
-0.0315723978
-0.004469794221
-0.0007741309237
0.002278374741
-0.00408280734
0.02058769576
0.01306408644
0.02001963556
0.01677938364
0.01195154618
0.03755106777
-0.007877478376
-0.007837798446
9.894847608e-06
0.02478695475
-0.002328932518
-0.009464497678
-0.004634549376
0.0110237021
0.03354265913
-0.01010315586
-0.01150280144
0.006503999699
0.002562685171
0.01566915959
0.05663831905
-0.06780266762
-0.0001873055153
-0.01665104739
0.181826055
-0.01405803394
0.08715739101
0.02063158713
-0.04991104826
-0.05613157526
0.01814551465
-0.06233742833
-0.002085513435
-0.005589070264
0.0568395257
-0.002622793661
0.1134656072
-0.0006994032301
0.03308433667
-0.1307307333
0.08897976577
-0.09260775149
0.2479857504
-0.05888194963
-0.01771542244
0.04651591554
0.09871044755
-0.008139595389
-0.1476091594
-0.06503240764
-0.1431224346
-0.0314210169
0.03722164407
-0.02172707021
0.09047097713
-0.02721787058
0.002344084438
-0.1207168847
0.1059400067
-0.08549520373
-0.04709897563
-0.08402844518
0.1104823872
-0.05298575014
-0.136737898
0.02626250684
-0.05096682161
0.06811751425
0.04196970165
0.02272949181
-0.04106465727
-0.0897578001
0.02353747189
0.03745754808
-0.01107563637
0.01522946451
0.09574055672
0.01867073402
-0.09022619575
-0.01399163529
-0.07344909757
-0.04200950265
-0.1239814386
-0.1376252323
-0.00337037188
-0.01942674257
-0.007766666356
-0.02022748627
0.01794547029
-0.03547016531
0.007962656207
0.00648207264
0.04114129022
-0.0305153206
0.01611545309
0.03178716451
0.01094417926
-0.03292422742
-0.005741077941
0.005941118579
-0.02522978559
0.002724071732
-0.01070485171
-0.02513872832
-0.05398989469
0.004646172281
0.03396862745
0.02337849699
-0.01319356821
0.01249521133
-0.01187424455
0.06837228686
-0.03906686231
-0.04098072276
-0.02675990202
0.004664442502
0.004176902119
-0.01012731437
0.03676553443
0.007571444847
-0.0220557414
-0.0191748701
0.03936451674
0.01787204854
-0.02411652915
-0.002426643157
0.01086710952
-0.01819550805
0.04795944318
0.02648351714
-0.03088818677
-0.02068622783
-0.01994035766
-0.03038063645
-0.007422145922
0.009954548441
-0.007446443196
-0.03820640221
-0.0363009721
0.02768211439
0.01666345634
-0.03746396303
-0.00553337764
-0.0002272577258
-0.04073665664
-0.03482562676
-0.01005749125
0.02594463155
-0.1055962816
-0.03155565262
-0.01915531047
0.03295709938
0.001490698894
0.03214062005
-0.1059276536
-0.04570456967
0.008138894103
-0.05833427608
0.01747910492
-0.04354505613
-0.01502844412
0.03025573492
-0.02127483487
0.01847616769
0.04005140811
-0.04493949562
-0.01057780627
0.01583706215
0.01055469643
0.07973130792
-0.1392927021
-0.02013690211
0.007954923436
-0.01350331586
0.06679090858
0.04222638533
-0.1540345699
-0.02877615951
0.008969215676
0.01095329598
0.0379364863
-0.006209963933
0.01973794401
0.001538397511
-0.002499302616
0.03034510836
-0.0671518594
0.02430220135
-0.00183593703
0.03383944929
-0.09215006232
0.007846375927
0.01510436088
-0.009109953418
-0.07536437362
0.06559578329
-0.02301692963
-0.03019959107
-0.03741452843
0.008088954724
-0.06802979857
0.1641276032
-0.005972115789
0.01902525313
-0.02086890675
0.01728642359
0.01831704006
0.004910224117
0.03835591674
0.0911418125
0.05927399918
0.07918674499
0.004350489005
0.004858445842
-0.003031158587
0.01178134512
-0.02076408081
0.008513307199
-0.008775480092
0.01873052865
0.0184892863
0.006862053182
-0.002226911951
0.006501554046
-0.006870592013
0.0001606257429
-0.006404986139
0.04126701877
0.007607385982
-0.001621717354
0.008920475841
0.00757322181
0.007310767192
-0.004459393211
-0.02040663362
0.004230575636
-5.770234202e-05
0.00368228415
-0.001366746612
-0.01291052625
0.02225527726
0.008783447556
0.004275701009
0.0216884613
-0.00124997925
0.001800607191
-0.004127538297
-0.00326844235
0.0005336173926
0.005989195313
-0.02335993759
-0.0100029083
0.000317627826
0.00430211518
0.002675174037
-0.001535749878
-0.002079700818
-0.01565879956
0.01282447018
0.01204990968
0.01712449268
0.0194971934
0.0006434107199
-0.005840132479
0.00136399793
0.01112621371
0.009695998393
-0.007213971112
-0.002674578456
0.01093720086
0.01082467195
0.004531446379
0.0009338771342
0.00617092615
0.00636633439
0.008336685598
0.03237358853
-0.005024821497
-0.0101351887
-0.00596908899
-0.04568293318
0.01352408342
-0.03888391331
-0.01579969004
0.02421100438
0.001866514562
0.003623727011
0.004159588832
-0.007343094796
0.0393229872
-0.01858731918
0.008904621936
0.002544585615
-0.02326178364
0.009945737198
0.03865512088
-0.01642837748
0.08277513087
-0.05159397051
0.02509906515
0.009083347395
-0.008562775329
0.05757820606
0.005410807673
0.05892677978
-0.002188830171
0.01442507748
0.006250140723
0.03570155427
-3.643960008e-05
-0.00599932624
0.005971675739
-0.006465789862
0.003408148419
-0.02152646147
0.005825047847
-0.001405999064
0.04570480064
-0.02504342608
-0.003974887077
0.04849842191
0.02319089323
-0.03504861519
0.03729801998
-0.001359480084
-0.01679610647
-0.01727455482
-0.01126773469
-0.1712046117
-0.07031712681
-0.009795949794
-0.00918660406
-0.02072807401
0.007074252702
0.005143544171
-0.00527502317
0.007279663812
0.03206299618
0.01646407507
0.02255798504
-0.005748220254
0.001547815162
-0.001638026675
0.005109227262
0.007859217003
0.0110304663
-0.01061448175
0.008032412268
0.01488796622
0.008396646939
0.00683115609
0.01551609673
0.0009760714602
-4.104526306e-05
-0.01218957081
0.02887972444
0.005313192494
-0.004877306521
-0.001222580671
0.01121008955
0.009762482718
0.005684156902
-0.01216278877
0.01127306465
0.002070674207
-0.003728563897
0.008780560456
0.005803128704
0.004828363191
0.004999922588
0.003001538338
0.007943294942
0.006021047942
-0.000232831866
-0.01715829968
-0.00537858624
-0.004847927485
0.003298704512
-0.01479920838
-0.01596767083
0.001268252032
0.01223295927
0.002575674094
-0.002841537818
0.002904087305
0.01355997287
0.007781642023
0.008078704588
0.004002565984
0.00366752781
-0.003708201461
0.0004585690622
-0.004628131632
0.01173181273
0.007069392595
-0.01282635797
-0.009276063181
0.005166929215
0.01643572003
-0.006392280571
0.01005428843
0.005971417297
0.00481343409
-0.004928146955
-0.04029837996
0.007724776864
-0.01862178743
0.01910719648
-0.03246029839
0.03364862129
-0.02894612961
-0.0119005274
0.003381148679
0.01210459042
0.02721508965
0.05489927158
-0.03353275731
-0.1127650961
-0.07935248315
0.03042783774
0.0235682372
-0.03410905227
0.01390666794
0.06050050631
0.02550781518
-0.07180050761
-0.1306644678
0.03279760852
0.0285661947
-0.01913856156
-0.1609785259
0.02261087857
-9.949179366e-05
0.008058738895
0.02029893361
0.02314310707
0.02342353947
0.007882181555
-0.02885562181
-0.01767993532
0.0398588255
0.107725054
-0.1298017204
-0.01310306974
0.02699340694
0.05829434469
-0.1503721029
0.01278228592
0.06755115092
-0.001312525128
-0.005241957493
0.03248783946
0.08519549668
0.005192562938
-0.002042582259
0.03519628942
-0.05409432948
-0.02256703563
0.007031217217
-0.01605165936
0.03250526637
0.1015925109
0.04433978721
-0.01401860174
-0.01477878354
0.009314287454
0.02227572165
-0.01422769204
0.000237124681
0.00203625299
0.007305457722
0.01774863526
0.02767674997
0.02490298264
-0.01940317452
-0.0003840224817
0.02228119224
0.01624762453
0.009370565414
0.03166911751
0.002663427498
-0.009695291519
-0.01196207292
0.03928399459
0.003276289674
-0.0158201959
0.01741390303
0.01483370271
0.01842478663
-0.02057056315
-0.02472792938
0.02712462656
0.003219706006
-0.007398496848
-0.006090585142
0.009260771796
0.01962981001
0.003656729823
0.0005716109299
-0.002025038237
0.01732646115
-0.004126384389
-0.02053192258
0.02758500353
0.02245436795
0.005816608202
-0.03246055171
-0.01489116065
-0.008597353473
0.0332253091
-0.02462385409
0.00061486091
0.05202240124
0.03539623693
0.02217046358
0.002328529954
0.02314084023
0.009211146273
-0.01436774433
0.01688219793
-0.006509753875
0.02909022197
0.01587776095
-0.007870549336
0.02289846726
0.01674484275
0.05077385902
0.03460479528
0.006207950879
0.008370837197
0.003100704867
-0.009414919652
-0.0742649287
-0.0007176697836
-0.003769945586
0.006989681628
0.005626126193
0.004408082459
0.01408141293
0.002407639986
-0.01338815037
-0.0009344823775
0.001463833265
-0.0178959202
-0.01900251582
-0.05197371542
0.004373060539
-0.007112099789
0.01317570638
0.006940788589
-0.001344685093
-0.03499337658
0.03279956803
-0.006986709312
0.04359773174
-0.002210451523
0.004228431731
0.005836977158
0.04571688548
0.005332100671
0.01422130782
-0.007778063416
-0.0120301377
-0.002076555742
-0.01100140251
-0.005275628529
-0.01416861173
-0.00194534089
0.01211410481
-0.0262905322
-0.05455709621
-0.03308934346
0.003375797998
-0.005482899956
0.008501242846
0.001276150346
-0.02160695754
-0.006606744137
0.008684966713
0.009346804582
0.01367420703
0.01112934109
0.008818970062
-0.001184845227
-0.04928065091
-0.01266564056
0.007987400517
0.008539060131
-0.00240839785
0.02049508691
-0.0007935269387
0.01406900119
0.003075207351
-0.01686793193
-0.005438445602
-0.05713068694
0.002463826444
-0.003206098219
0.004035991151
0.00666212244
-0.006927128416
-0.005119387526
0.006201676093
0.005265042651
0.006797263399
-0.001531388843
-0.001977001084
0.004511848558
0.002669573296
-0.004773969762
0.006158603821
-0.01465346385
-0.002261629095
0.0002037590311
0.00668024784
-0.004958237521
0.0006956710713
-0.003794506425
0.004370389506
0.003193559125
-0.00335696945
0.002289810218
-0.00730325887
-0.002971375827
0.005110197701
-0.002990402048
-0.004140277859
0.003227846231
-0.002962016966
-0.002691104775
0.01098355372
0.003609380452
0.001417090651
-0.002778610215
0.007635348011
0.006748402957
-0.00129938894
-0.008813766763
0.0003708410077
-0.001709031989
-0.004252925515
-0.01211715862
0.002893992933
-0.004085582215
0.001515609794
-0.0005176264094
-0.0002753091394
3.993823339e-05
0.005897713359
0.0008849553997
-0.0008539512055
0.009149533696
0.008647567593
-0.00147303124
-0.01176747028
0.004490403458
-0.005378305912
-0.004336735699
-0.003787109163
0.006982114632
0.03823534772
-0.3297127485
-0.1655672342
-0.1264976114
-0.06776972115
0.134810701
-0.1402322352
-0.1191173643
0.03014064021
-0.06191326678
0.1046203971
0.08871565014
0.1049410105
-0.02339171059
0.02618846856
0.1226755828
0.05437191576
-0.02195743844
-0.03713836148
0.0541674383
0.1754977256
0.3943068981
-0.04853724316
-0.06767518818
0.07469934225
0.09571228921
0.04761303961
0.08430296183
-0.2303193808
-0.220588401
0.04997384921
0.01382951904
0.2294934392
-0.03613664582
-0.02570719458
-0.04021043703
-0.04597640038
0.03284392878
-0.1565717906
0.1014783457
-0.01424439438
0.02418305539
-0.09387117624
0.01694340631
0.0433124043
0.1021251529
-0.08833424002
0.1810419112
-0.18379125
-0.2000462711
-0.228028208
0.05580718815
0.1418860257
0.1333761513
-0.02583883516
-0.1327458471
0.2673039138
-0.1423827261
-0.05403462052
-0.1708128452
0.03173851967
0.04042333364
-0.1054693907
0.2021522373
-0.03855952248
-0.006714056246
0.02184886485
0.008298072033
-0.04065227509
-0.001727942261
-0.01510248613
0.07744617015
0.07131747901
0.04588557035
0.07112199813
0.2182424068
0.002733463887
-0.0107957013
-0.02913033031
-0.1037827209
-0.01748088002
-0.02497443371
0.04537281767
0.0526329875
0.05681679025
-0.03182803467
-0.06652997434
0.02024925128
-0.020532934
0.03551751748
-0.007614284754
0.1288731843
0.1285673529
0.007749802433
-0.02917663753
0.1082598343
0.02710527554
0.001547675463
-0.01834427938
0.1278356314
0.006471185479
0.02664736845
-0.07073976845
0.01113345195
-0.01489176508
0.1712769121
-0.03376036882
-0.02127888612
0.1019206569
-0.08175182343
0.07483832538
0.02239684947
0.0415667668
0.1164158583
0.03559149429
-0.02651233412
-0.0279096812
0.04313508794
0.05761776119
0.01036384702
-0.04600846395
0.02159542218
-0.01210293453
0.0251204893
-0.09769075364
-0.01741527207
-0.008602581918
0.03926362097
-0.02466807142
0.0807806477
0.02389383875
0.04343948141
-0.07360398769
-0.01641049236
-0.0006571062258
0.01270132419
0.005137380678
0.00923569873
0.01518163551
0.1345417053
-0.05719183758
-0.09070963413
-0.0813094601
-0.00407913141
-0.07801672816
0.03394177184
-0.01655938663
0.15405339
0.09800057858
-0.031762667
-0.228324458
0.05947573856
0.05357869714
-0.01653179526
-0.2260928303
-0.0456828773
0.06039996818
0.102038689
0.06298265606
0.02658542432
-0.09996638447
0.0931976065
0.1013066098
-0.007425834425
0.008502433077
-0.027341621
0.05974315107
-0.009611845948
0.04023649544
0.0709464699
-0.1968048364
0.0144287115
0.04830245301
-0.07426069677
0.2260193378
-0.1172644347
0.09121308476
-0.04156364128
0.06628096104
0.03537373245
-0.01847923361
-0.08878782392
0.04948825762
0.005059474614
0.08595389873
0.1800206304
0.0658306703
-0.08351527154
0.07627100497
0.07413189858
0.05123412609
-0.1808183789
-0.007062745746
0.003635748988
0.009314472787
0.03063262999
0.04606688023
0.03797964379
-0.002972180257
-0.01428622101
-0.02787871286
0.01180247497
0.004631790798
0.07363740355
0.001442129491
0.01788039319
-0.004430542234
0.03237473592
0.002119249199
-0.01517300867
0.01311315317
0.009836293757
0.03757413477
0.002207069425
-0.01786040515
0.003826208413
0.00773491431
-0.0004610534816
0.005517707206
0.006922501605
0.004004633985
0.006602513138
0.004292247351
-0.02370925806
0.04155066982
-0.007874125615
-0.03319569305
0.0240573734
0.02631028555
0.001681650872
-0.02096993662
-0.0008992440416
0.01014870033
0.06822117418
-0.004070693627
0.008390270174
0.04876462743
0.04148210958
0.01274479087
0.00568280369
0.007127664983
0.005507663358
-0.01698456891
0.02405846491
0.02034647949
0.02029309981
0.02697965316
-0.01191734709
0.009680734016
0.01785120741
0.0368995294
0.06402021646
0.03269932419
0.01142762229
0.001634468557
-0.001396017731
-0.05048566684
-0.0226457268
-0.01646417938
-0.001318065799
0.03752130643
0.01521145739
0.02319310978
0.001008759718
-0.02336939052
-0.02055776492
-0.00441167783
-0.02460039593
0.01937007532
0.01520884503
-0.001666374388
0.004744563717
0.03307944536
-0.01849270985
-9.951183529e-06
-0.03196379915
0.0418080315
0.0327578187
0.1053756624
0.008291029371
0.009719777852
0.003760654014
-0.00961972028
0.0126873944
-0.001683418639
-0.03272440657
-0.02986579947
-0.0005408227444
0.005173054989
-0.02017051913
-0.02634159103
-0.007668700535
0.005488512572
-0.0595484972
0.04511187226
-0.03515103459
-0.0002994194219
-0.002172126435
0.03807034716
-0.01423735917
-0.06386666745
0.007907856256
-0.03763627633
0.04925826564
-0.02438398078
-0.001403268077
-0.02138086222
-0.01219117735
-0.09326357394
0.04960652441
0.006042582914
0.01484886929
0.00964140892
-0.01090071537
-0.004966279957
0.02159455046
0.0004510601284
-0.02614624798
-0.004655986559
-0.03460814804
0.002557425294
-0.004448896274
0.009565606713
0.004303579219
-0.01886140183
-0.01247354131
0.004588690586
0.0197039973
0.02958769538
-0.001860016142
-0.0005432472681
0.0137453936
-0.003155416576
-0.01290157717
0.006679312326
-0.0103108706
-0.002977710217
-0.0006467044586
0.01228812896
-0.004676990211
-0.003845698899
-0.001144681009
-0.002576471306
0.01390149351
-0.005414353684
0.005521393381
-0.004574741237
0.01233630069
0.009814733639
-0.002126197563
-0.004592569545
0.02074723504
-0.007513848133
-0.001873563975
0.01983279549
0.005081268027
-0.005884081591
-0.00305916206
0.0005500104162
0.005513395183
-0.001854531351
-0.02001231723
0.001388772042
-8.738141332e-05
0.004381468054
-0.01118280925
0.003160296706
-0.003980770707
0.004172693938
0.008814534172
0.003938287962
-0.004680841696
0.002308197087
0.001057888265
0.002897054655
0.01693295129
0.01208565012
-0.002150510671
-0.007580980193
0.00598237291
-0.01708076149
-0.007650201209
-0.003464831039
0.01499246154
-0.001080580521
-0.0001727722993
0.004053185228
0.0007189373719
0.05565512925
-0.00177078147
0.05397734419
0.007574642077
-0.01653172821
-0.008837081492
0.004491100088
-7.524735702e-05
-0.03419648111
-0.0335201472
0.00147176336
-0.008024550974
0.00646225363
0.000573832891
0.005831680261
-0.01085183676
0.03773390874
-0.06409838796
0.09787953645
-0.01171546709
0.01028498355
0.006326581351
-0.07206709683
0.01167668588
0.003586363979
-0.005240854807
-0.01130227651
-0.00607618643
-0.0216003824
-0.002929478418
0.01034185663
-0.006959091406
-0.00183940283
-0.002702486236
0.06503052264
-0.03865115717
-0.001589214313
0.001384583535
0.06504676491
-0.004867604934
0.001823050785
-0.0009326054133
-0.008865837939
0.007875570096
0.002008346375
0.001196999685
0.006040920969
-0.002214712789
-0.004780959804
0.00882865116
0.005064612255
0.002936129924
0.02291599661
0.00571303023
-0.001826115535
0.003031041706
-0.000290008029
-0.04423841462
-0.03274679556
0.01827702112
-0.002986969659
-0.008776830509
0.009361601435
0.01291839965
0.001383010647
-0.008826115169
0.003980779089
0.01081386954
0.01326788776
-0.006027671508
-0.002707993146
-0.00829284545
0.008696122095
0.0007924126694
-0.0002201095049
-0.02870247141
-0.008983335458
-0.005074963905
-9.077930736e-05
-0.003220767481
0.003059293842
-0.001120802248
0.01105384436
0.008055634797
-0.006716588978
0.001112018945
0.01053970866
0.01091617998
0.003261503531
-0.008478983305
-0.007620519027
0.003268853761
-0.007095301989
-0.007392520085
0.00996820163
-0.003157999367
-0.003722173627
-0.007222504355
0.01230220683
0.01190034766
-0.001787683927
-0.003727127332
0.01141665783
-0.001937845955
-0.001002497273
-0.006401055958
0.002169203479
-0.008499443531
-0.005378879607
-0.0008207635838
-0.0006806134479
0.005359168164
0.01978353411
0.00480737444
-0.001356064226
0.0115901297
0.01297761407
-0.007412676234
-0.01137674134
0.002585427836
-0.007120214868
-0.009152012877
-0.00697382167
0.01281135902
-0.0264546629
0.09160503745
0.008550239727
0.005376294255
-0.04519125074
-0.03082879633
-0.01341266651
0.05716554448
0.0840441063
0.0406255722
0.03834747151
0.04581626132
-0.1346875131
-0.03511369601
-0.06235684827
0.03753170744
-0.06637848169
-0.01157563273
-0.008722318336
0.1715025902
0.1133191586
-0.07240965217
-0.1745107472
0.03026719764
0.03123089857
0.05004583299
0.03399083763
0.05194396526
-0.1739615351
0.1012638584
0.1159603968
0.01498868223
-0.09857510775
0.07504143566
-0.02541953139
-0.008056692779
0.01795200631
0.07676121593
0.07554711401
0.07240782678
0.04149569198
0.04249557853
-0.1066953465
0.037042588
-0.01665517315
-0.161694333
0.1063013822
-0.09526243806
0.06182578206
-0.02260732278
0.05229406431
0.195226714
-0.07814011723
0.03497736156
0.01582390815
-0.07547274232
0.03457736596
0.08335047215
0.1010615304
0.02175361477
0.1067119986
0.04401347414
0.03705344722
0.01292833593
-0.01603500918
0.006577398162
0.01445240527
0.010803896
0.02453066595
0.0252492018
0.004970902111
-0.01874493808
-0.03237244859
-2.75739585e-05
-0.01009932719
-0.06307198107
-0.002451456152
0.01386868954
0.003253128612
-0.003986019175
0.008728145622
-0.00407832535
0.009846061468
0.02145146951
0.03104741685
0.0008083987632
-0.008687340654
-0.001116067055
0.01277837623
0.001173340017
-0.001177853555
-0.02703302912
-0.005585321691
0.01426388044
0.01031591091
-0.04218360037
0.01622986235
-0.001015690854
-0.03060075268
-0.006620223634
0.01916355267
0.003120896174
-0.009435387328
0.001796306577
0.007624797989
0.01583764888
-0.002956373617
0.01150237676
0.0150246527
0.01723432727
0.003447825788
0.002586304676
-0.004094827455
-0.01478900108
-0.004849879537
0.01810148172
0.009813331999
0.01043494977
0.01013751607
-0.02077411301
-0.003703515045
0.01391742751
0.02308075689
0.0344344005
0.03802565485
0.01561646443
0.004523786716
-0.01069815736
-0.01194932405
-0.005041768774
-0.005190135911
0.006531960797
0.02182771824
0.008585725911
0.003200905165
0.004034243524
-0.01210424397
-0.002490026411
-0.003420126624
-0.02254509181
0.01667702571
-0.02807563916
0.01805675589
-0.001587269595
0.01802296191
0.001173118711
-0.007471003104
-0.05442682654
-0.01206739247
-0.01647456922
0.04696374014
-0.01146766171
0.004982963204
0.009071117267
-0.05484420806
-0.0004796960275
-0.04306652769
-0.01787617058
-0.02076399513
0.001421892201
0.007450071163
-0.01695700362
-0.01304561459
0.002169393934
0.005031528883
-0.04279403016
-0.009845620953
-0.02802348696
0.00190068956
-0.0178452637
0.02318452857
0.001407366246
-0.01694776304
0.004087895155
-0.01855246164
-0.008245407604
-0.006899059284
0.01944408938
0.006203869358
-0.01135188341
-0.01916143671
0.01722957939
0.002361118095
0.01533747185
-0.0009723809781
0.004481846932
-0.003409828059
0.0204265099
0.0049778088
-0.02595827356
-0.01107481401
-0.05072657764
0.005003803875
-0.001028685016
0.0004340669548
1.413723658e-05
-0.01520278584
-0.00769780064
0.01047585346
0.003809923306
-0.000340065395
-0.002989880741
0.00027106778
-0.01249320526
-0.0004489490238
-0.006973784417
0.00882857386
-0.02289254777
-5.279861216e-05
0.004928909242
0.005308784544
-0.01003588084
-0.004224371631
0.005044929683
0.005321851
-0.01224947162
-0.004101895727
0.004323848058
-0.006913490593
-0.01562033501
0.001831598347
-0.001303084427
-0.001857136027
0.005501977168
-0.001274078852
0.0001431127603
0.009256461635
0.001683871844
-0.009757743217
-0.001922732918
0.009229366668
0.002276838059
-0.0003313326451
-0.01878971979
-0.002213134896
0.0006678061909
-0.01068554074
-0.01225243602
-0.003306367667
-0.002965352032
-0.0007603832637
-0.0005041580298
0.003117052838
-0.003693993203
0.0006681259838
-0.004531761631
-0.01120079868
0.008160337806
-0.00630789157
-0.001658959896
-0.02253518999
-0.003141643247
-0.00821919553
-0.004334293772
-0.001252784976
0.004155826755
-0.0396409668
0.06039169058
0.03375023603
0.006916479208
-0.1085921526
-0.05585975945
-0.002943271305
0.04621630535
0.04321644455
0.04147475213
0.001873434288
0.07727604359
-0.045072373
0.06594242156
-0.06295260787
-0.007697925903
-0.04741507396
0.008503272198
-0.02310248464
0.120563142
-0.00925122574
0.1320705861
-0.2803365588
0.05991806462
0.0140536176
0.01964417286
-0.02245135792
0.03286737576
0.03942578286
0.09191666543
0.1079996452
0.006611036137
-0.09975917637
-0.008178616874
0.04100656509
-0.05073168874
0.0007939465577
0.04243225604
-0.0327048935
0.08056566864
0.03778225929
0.06282629818
-0.09143162519
-0.006956379861
-0.01083559263
0.01968367212
0.01476526726
-0.1240963116
3.191909491e-05
-0.03661346808
0.008790482767
-0.01324651483
0.1612104475
0.0113048302
0.002554627834
-0.05444769934
-0.0142507907
-0.05064073578
0.03987230733
-0.0548821874
-0.08596873283
0.08426850289
0.08442147076
0.1647128314
-0.01846947521
0.005335855298
0.003849967616
0.004881729838
0.01847984642
0.03569705039
-0.002531297971
-0.01959518343
-0.03845183551
0.01183768082
-0.003782225074
-0.02745062485
-0.006010704208
0.02442353591
-0.005949744955
-0.00506837666
0.01111177262
-0.004304287024
0.001910767285
0.02596464381
0.03403242305
0.009607182816
-0.002271333011
-0.01130787935
0.01184298657
-0.002248785924
0.0201889649
-0.02314797416
0.003065025434
0.01868648641
0.01107851602
-0.04051231965
0.003614964662
0.000866224349
-0.03207940236
-0.01163148601
0.01664777659
0.002326527145
-0.005701920483
-0.004118527751
0.01070265006
0.03216214851
0.0004120361118
0.005096892361
0.0009107241058
0.01954164729
0.008175244555
0.01160374377
-0.008144028485
-0.01463231444
-0.004363320768
0.01383571606
0.007600211538
0.01720177196
0.02123109624
-0.03392711282
-0.007765364833
0.009855927899
0.01706450805
0.004017088097
0.05006183311
0.0208655633
0.007383378223
-0.01197194029
-0.1489936858
-0.0843872577
-0.08716885746
-0.03739905357
0.01493054722
0.08364805579
0.001512272283
0.01113461982
0.05541436374
-0.1372831464
-0.1053658277
-0.009020602331
0.04219194129
0.2418670654
0.1056381389
-0.02077620849
0.08020055294
0.02026654221
-0.07172112167
0.02564202249
0.07145677507
0.2940609157
0.05791205913
-0.02455688268
-0.001867595594
-0.02251503244
0.3294656277
0.08036937565
-0.07355609536
-0.0731741488
0.03674886376
0.001613446511
0.128892079
-0.0430813469
-0.1311189383
0.01151213143
-0.08894152194
0.003011723049
0.04574874043
-0.1074097827
-0.008691278286
0.08555939049
0.04360961914
0.003245466622
0.1736955941
0.03258694336
-0.07297942042
0.08535256237
-0.0937834233
-0.1544523537
-0.05638225377
-0.08750261366
0.186262697
-0.1532146782
-0.187943235
0.02570948564
-0.09885959327
-0.05001118034
-0.01081905235
0.09714481235
-0.01602764241
0.05587144941
0.005769462325
0.1761169881
-0.003577948781
-0.0045832498
0.01669061184
-0.00901365187
-0.05937539041
0.01080723573
-0.007298185956
0.05071956664
0.007794922683
0.02099612541
-0.02797207795
0.00277942745
-0.01948378608
-0.00919008255
-0.009144753218
0.01786965318
0.008884833194
-0.005428150296
-0.0009268212016
0.01006447431
0.02664182149
-0.01214340795
-0.02221828513
0.007766402792
-0.00658485014
0.004203134682
-0.001590856933
-0.02310771309
0.05702184141
0.02181015164
0.002447745763
0.04720101506
-0.04067809135
0.002902085194
0.01031999663
-0.0210388191
-0.01085110661
0.007226091344
-0.03074435703
-0.006215978879
0.01201236807
0.02958634309
0.01881881431
-0.002916020807
-0.001140585635
-0.01571168937
0.02976804972
0.01776725985
0.01647609659
0.05095499754
0.0111337183
-0.01882377267
-0.0007399480091
0.02540013753
0.05000540987
-0.008828004822
0.006522511598
0.01315719262
-0.02422884293
-0.02285446413
-0.01487765275
0.00354479393
0.001797755715
0.0002958515834
0.02690936439
0.01541430037
0.008601528592
-0.003741691122
-0.02320450731
0.001681008725
-0.001350795617
-0.001416300773
0.003371796804
0.003175065387
0.007313542534
0.006254541688
-0.009471443482
0.04666349292
-0.001139795175
-0.004691247363
-0.00347996247
-0.006912980694
0.001918889116
0.05744555965
-0.04182801396
0.03727145866
-0.06198912114
0.01110277418
0.008069661446
-0.008463429287
-0.0111277476
0.001821390586
-0.01435565017
0.01197926141
0.02423045225
0.001540145022
-0.01014975086
0.01037426293
0.06540614367
0.001135596423
-0.003125839867
0.03920045123
0.002385148779
0.03043648228
0.01085465681
0.03469773754
-0.04340828955
0.005965651013
-0.01759083383
0.006001407746
0.0103376722
-0.01295839343
0.009662128985
-0.01645221747
0.002920044353
-0.0002198999282
0.01561315078
-0.0009978211019
0.005159237422
-0.008874567226
-0.03308976442
-0.01063110679
0.01673168316
-0.005769086536
0.01177945081
0.01778190956
0.00764261838
0.01932662167
-0.002923398977
0.004117324948
0.004335991107
0.002127313055
0.008365021087
0.008716524579
-0.0002174701513
-0.001916777808
-0.02480159514
0.001973111415
-0.0006151807029
-0.01623590849
-0.001011219807
-0.003535645781
0.0002867667936
0.006691869814
0.007155763451
0.0007220185944
0.005857192446
0.01184645481
0.01492977794
-0.006319614593
-0.00792108383
-0.003279958386
0.003924368881
0.004527519457
-0.002678060438
-0.00576408999
0.007687032223
0.008917781524
0.006569095422
-0.01692204922
-0.006892981008
0.00274184579
-0.004533800296
-0.01047245227
0.006805794314
0.004466983955
-0.006538349669
-0.007601168007
0.004006947856
0.01240443718
-0.00653123064
0.001141901594
-0.01579284854
0.005383535288
0.00531328097
0.004281027243
0.005989554338
-0.003421768546
0.005889012478
0.002435150091
-0.003902289085
0.009960714728
0.01569500938
-0.008540756069
-0.001660975511
0.006785932928
0.01385270059
0.009689878672
0.01071627252
0.008780428208
0.004035181832
-0.01119811274
-0.02864451148
0.001624554163
-0.01021593623
0.02024776302
-0.04906837642
0.02967547625
-0.06060396507
-0.0001497921476
0.03144272044
0.02408917062
0.01254741661
0.03843991458
-0.01867478527
-0.06569328159
-0.0325277783
0.02493720688
0.002581215929
-0.008402483538
0.03355997801
0.03644166514
-0.02203768864
-0.03826458007
-0.1484543681
0.01906964928
0.005722505506
-0.01040501427
-0.09068957716
-0.004710797686
-0.08843484521
0.01122143306
0.007000502199
0.02393393032
0.02580149099
-0.005737438798
-0.03167434409
0.02120480128
0.02095659636
0.05170408264
-0.1704211682
0.001116731204
-0.0001615303481
0.04496688768
-0.1006727591
0.01174096018
-0.01148934476
0.04422710836
-0.05004696175
0.0264536608
0.04933363572
0.01293341536
-0.01230293605
0.02690045908
-0.1338409036
-0.05965998396
-0.00229567918
-0.003114178078
0.01515382156
0.05540403724
-0.0006252262392
-0.01209168788
-0.003167962423
0.003631548258
0.002378300065
-0.07292883843
0.001193781965
-0.0009812153876
-0.0140222935
0.009208893403
0.02243804
0.02165345289
-0.01687482372
-0.01785523444
0.02067053877
0.01159604825
0.01412009727
0.02117326669
0.0007969666622
0.001143037574
-0.0231717024
0.03991148993
0.001903166529
-0.009693771601
-0.004644651432
0.00780504616
0.004810455721
-0.01530002337
-0.01187394559
0.01244365517
0.004212782253
-0.02032644488
0.003200879786
0.00154621189
0.005891430192
-0.005750712473
-0.006229664199
0.001671434846
0.005221907981
-0.00244981586
-0.022399351
0.01238320488
0.002173350425
0.00348650082
-0.02072250098
-0.01425976679
-0.00672923401
0.0327161178
-0.01921222731
-0.004686644301
0.03379386663
0.03288049623
0.01505579799
0.008484912105
0.01376374625
0.001918218797
-0.02260266244
0.007508467883
-0.01029517502
0.01224966627
-0.004317245912
-0.01728985645
0.003825725755
0.01209197566
0.01224434841
-0.006220351905
0.006907565054
0.002569161123
0.005449433811
-0.008428391069
0.3284538388
-0.07139721513
-0.01679096185
-0.05145471916
-0.1720910817
0.09410727769
-0.05618756637
-0.1948707253
0.02256596647
-0.0885502547
0.090897277
0.05059105158
-0.06470228732
0.1312351674
-0.06813087314
0.02946205065
0.04469007254
-0.08410988003
0.1166270524
-0.00967727229
-0.03819174692
0.09300800413
-0.07291866839
0.0698659867
0.04310463741
0.0968471095
-0.09069350362
0.007875277661
0.03100113757
0.01033768896
0.02416197583
0.03056854382
0.05902251974
0.1358761787
0.02884306759
0.05320142582
-0.08771709353
0.03044777922
0.1191702783
0.05738959834
0.04664024711
0.03737416863
-0.00315595232
-0.02485541627
0.02477466129
0.04989752173
-0.02122038789
0.06454272568
-0.1120047718
-0.129782185
-0.03641023114
-0.007361543365
0.0005414007464
-0.07732595503
0.006786704995
0.04006474093
-0.02193441242
-0.0155627327
0.007068728562
-0.02652635798
0.03721643239
0.188169986
0.1211695746
0.30905357
-0.004918260965
0.00889371708
0.02195583284
0.003014580114
-0.0273203142
0.01504787896
-0.02065119892
0.03628629446
0.01928735897
0.04463544488
-0.01876638457
0.05002849922
-0.01917827129
-0.0006842382136
-0.00718906289
0.04389812425
0.01229134016
-0.01356461085
0.03655418009
0.02700469084
0.05186832324
-0.006543770898
-0.04662809521
0.01308820769
-0.000931143295
0.005452764221
0.001271491405
0.05252937973
0.08144693077
0.03817308322
0.01331693586
0.05164978281
-0.01752536185
0.005832480732
0.001268340391
0.03156133369
0.01465206128
0.0187316183
-0.06764231622
-0.005639410578
-0.01154419128
0.05085172132
0.002044670517
0.001595078036
-0.1002230942
-0.01893309318
0.04831502214
0.01692438684
0.03129592538
0.06068875641
0.008517560549
-0.01863116026
0.00239792373
0.04304828495
0.02578233555
-0.009368183091
0.03778569773
0.03035414405
0.005039916839
0.01530768722
-0.01363275945
0.02591190301
0.007088084705
0.002254518913
0.0211484842
0.03947339952
0.0333581306
-0.04128219187
-0.1047064066
-0.05694169179
-0.05674926937
-0.03820204362
0.01286246441
0.05142761022
-0.01700969227
0.0785985291
0.08114210516
0.1170708537
0.07307448238
-0.02088172361
-0.02714036219
-0.04747434705
-5.060980766e-05
0.05284744874
-0.1152120158
0.06458967924
-0.1024093479
-0.05301588401
0.01683664136
-0.01235573087
0.03953104839
-0.07597977668
0.1392153502
0.06524658948
0.1165911108
-0.003744311165
0.02092230506
0.04488003999
-0.02679028548
0.02241206169
-0.05128731579
0.1189946681
-0.1202770993
0.1033924371
0.01648670435
0.02375290915
0.0008717988385
-0.0006920774467
-0.1190718561
-0.004738735966
0.139921248
-0.09752098471
0.003162758192
-0.0697292015
-0.01108239498
-0.02816796862
-0.001871352899
0.1004162356
-0.008431626484
-0.04827590287
-0.1054557636
-0.1232948154
0.05793245137
-0.05978548899
0.06846416742
0.1555804014
0.06405640393
0.1014430597
-0.0195899792
0.004642639309
-0.009974179789
-0.002754016547
0.001406375202
0.03274499252
0.0006723802071
-0.02154345065
-0.04837109149
0.009703338146
0.001757963677
-0.03662713617
-0.009567897767
0.0396108143
-0.01244448312
-0.01516277529
0.01132977009
0.001974879531
-0.004462225828
0.02019455284
0.02805169672
0.02282845788
0.0055595343
-0.027874358
0.01013375446
-0.01191405579
0.03638243675
-0.04260556027
-0.006013080943
0.0123765422
0.009547619149
-0.03309299052
0.001476694248
0.003926733509
-0.03102933429
-0.01933107153
0.001968572382
0.0003787932219
0.002388976747
-0.004670554772
0.01146714762
0.02148095146
0.008414758369
0.001783694257
-0.02740343474
0.007499202155
-0.00247073127
0.01360413246
-0.02495493367
-0.01743019745
-0.003777909791
0.006624390837
0.01330899633
-0.004977373406
0.00433284184
-0.04108863324
-0.02592744678
0.0005405994016
0.008378145285
-0.01085750293
0.04892032966
0.01627050899
0.01100553013
-0.007752684411
0.019604275
-0.07711116225
-0.03015435301
-0.04248115793
0.1144717112
0.01940310188
0.05325705931
0.02670093998
-0.01329075266
-0.06082884222
-0.02519805357
-0.07160208374
-0.03094046377
0.050224334
0.04715593904
0.03221918643
0.03638362139
0.1332570612
0.0006655097241
-0.09765983373
0.06091558933
-0.000240497
0.2196062803
-0.06948456168
0.007339658681
0.009196576662
0.04082334042
0.09387874603
-0.1347106546
-0.1289196759
-0.1444744617
-0.01867605373
0.06080792099
-0.07882611454
-0.1047444344
-0.005649010185
0.04504863545
-0.03544332832
0.08168765903
-0.112203151
-0.04866906255
-0.04992479086
0.1631567776
-0.03250262514
-0.02996724471
0.007213712204
-0.03513090685
0.09205795079
-0.06836750358
0.03134209663
-0.07750976086
-0.02224395983
0.07671181858
0.168642655
-0.005054420326
0.04846065119
0.1155308485
-0.04763258994
-0.07997804135
0.01848547533
-0.04005400464
-0.09937544167
-0.1403256953
-0.02504763566
-0.0005130869104
-0.01546803582
-0.01939607598
-0.02123228461
0.005822610576
-0.03387792781
0.002541266615
0.01073292084
0.03565097228
-0.02157298289
0.01701195538
0.02092501707
0.009351313114
-0.02774671093
-0.01225509122
0.02978913672
-0.02069029771
0.003284614766
-0.0151311215
-0.02894825861
-0.04796984419
0.004057705402
0.03467636183
0.01410113275
-0.0133875357
0.005887800828
-0.008446210995
0.05615491793
-0.03351384774
-0.03548556194
-0.02336469479
0.02170927636
0.00424223952
-0.006961059757
0.03217871115
0.007939743809
-0.02669202723
-0.0163114015
0.03271931037
0.002980439225
-0.01894037426
-0.0008527400205
0.01201928779
-0.01720019057
0.03445119783
0.0167768728
-0.02288659662
-0.01417324413
-0.01813848689
-0.01770936698
-0.006065676454
-0.0006008992204
-0.0129595222
-0.02995526418
-0.04046191275
0.02218567953
0.00501353899
-0.03381257132
-0.002574899467
-0.01796630025
-0.04035635665
-0.02931607515
-0.008292500861
0.01659111306
0.01104041003
0.001798135228
-0.001762581756
0.003776080674
-0.004156762734
8.484962746e-05
-0.002225053031
0.0004312513629
-0.0008743252838
0.001708206022
-0.002586643677
-0.001485648449
0.01276007667
-0.00656908378
0.002341834363
-0.002428698586
0.0004274144594
-0.0009903995087
-0.005604811013
-0.008706666529
0.007256038021
0.001554791583
-0.001880577067
-0.004474104382
-0.002607118338
0.00248380471
-0.03187646717
-0.0001872316789
0.01067313179
-0.0008939230465
-0.002646605019
0.002320104046
-0.001702393289
-0.002162455115
0.002857704181
0.000651209848
0.002251488855
-0.002417959506
0.002236586064
0.004700431135
-0.0008143778541
-0.00622854894
-0.005529598799
0.001994500402
-0.004548104014
-0.001111498568
0.001711047022
-0.003367085941
0.00568604609
0.004161440302
0.002803282579
-1.825549589e-05
-0.01955265366
0.002480633557
0.003467769828
0.001583380392
-0.005437612999
0.003016117495
-4.471684406e-06
0.002897944534
-0.0007196486113
0.002876641229
0.005518523976
0.02312902734
0.001899877447
0.0006994833238
-0.002578253858
-0.000187983911
-0.002546342555
0.0007226202288
-0.00204677647
-0.00139882951
-0.001914751483
0.001074965228
-6.611580466e-05
-0.001516335993
-0.001766486559
-0.002473215805
0.001633125241
-0.006944417022
0.001469296403
0.0003051604726
9.282890096e-05
0.000118776763
-0.001298158313
-0.0004705543397
-0.002881252673
-0.002464088146
0.001125827548
-0.0007510019932
-0.004515317734
-0.003916210495
0.000411025947
-0.0001198632381
-0.000343507214
0.001060572919
-0.0003795167431
0.0008376401383
0.001157752937
-0.0002165136393
0.000606465037
0.001428345568
-0.002494415734
0.0002323749795
-0.0001308547071
-0.0001199723847
-0.003984166309
-0.0006191252614
-0.00348300836
-0.001186928595
0.0007185583818
0.0005223334883
0.002251053229
0.0004800701863
-0.0002013347257
-0.000316661637
-0.0008637428982
-0.001522569568
-0.0002468948078
-0.0006724498235
0.0004159585224
0.001777883503
-0.004993168171
-0.001501442748
0.0006642642547
0.0004103188694
-0.0001395860891
-0.001014502021
0.006126022432
0.02486858517
-0.002541655675
0.01482944004
-0.02108137123
-0.0007178497035
-0.004876224324
-0.008114981465
0.02858390659
-0.003716401057
0.02335740253
0.03323448449
-0.01797057688
-0.04227460921
-0.01143109892
0.007253545802
-0.01547960751
-0.01704274118
-0.003265402513
0.09565921128
0.08635725081
-0.03620417789
-0.1247721463
0.02446914092
-0.003503395012
-0.01679525338
-0.0598731339
0.007280533202
-0.06704840064
0.03082742169
0.03019300848
0.008211431094
0.004637765232
0.02137301862
-0.0306179449
-0.00999970641
0.01089404896
0.1106393784
-0.03820731491
0.03213161603
0.01133496594
0.02857021429
-0.08218806237
0.01248949766
0.002552263206
-0.01965888776
0.03950571641
-0.02087949216
0.06966979057
0.006558864377
0.01036561467
0.04367307574
0.02259631455
-0.0988445878
-0.001318729599
-0.02328043804
-0.002339782892
0.05433009565
0.008148699068
-0.02831462584
0.0009184668888
0.03146842122
0.02596593276
-0.1218364611
-0.005618327297
0.003015602473
0.0004490736465
0.01483619306
0.03393663839
0.02540982142
-0.01151568722
-0.01230693422
0.0001922681258
0.004283059388
0.005088019185
0.0151921669
0.001789228409
0.002480099443
-0.01013281941
0.03722979873
0.001859594951
-0.009648984298
0.0008069669711
0.01108575147
0.009530398995
-0.01342015434
-0.01223820634
0.0056637167
0.007140685339
-0.008611313067
0.003117415821
0.01023664232
-0.0002091738861
0.001333910273
0.002541813999
-0.01252364554
0.0193953868
-0.002306737704
-0.02849002555
0.01081908587
0.01356409676
0.003057538765
-0.0137030445
-0.01032885816
-0.0002088960755
0.03682764247
-0.009386599064
0.001714291982
0.02632610314
0.03387362882
0.003368146019
0.006209609099
0.007279142272
0.00489934627
-0.008522232063
0.01398812141
-0.005337411072
0.01140156295
0.006836541463
-0.01377858501
0.0003422760346
0.01071659196
0.02183605172
0.01806647703
0.01738821529
0.007386150304
0.004354732577
-0.01487871539
-0.0159224458
-0.05798340589
-0.01172788348
-0.03619833291
0.1867516488
0.01792625524
0.03571932018
0.003469279036
-0.03501072526
-0.006251067854
0.004180238117
-0.04900463298
-0.02648716979
-0.02017948031
-0.01448669937
0.06057748199
0.02632636018
0.01625885814
-0.009668116458
-0.1336029172
-0.01464912482
-0.05756801739
0.1441239715
-0.07040708512
-0.03768305853
0.03767034411
-0.0882871449
0.04616706446
0.1952617764
-0.1174589694
-0.1234445497
-0.0237108171
0.05781554803
-0.04824990407
-0.06938498467
-0.006699033547
0.01668747328
-0.05421154201
0.1338900775
-0.03700517118
-0.05001134425
-0.06662805378
0.1107012108
-0.03815143183
0.08063085377
0.08207108825
-0.1026023328
0.02489046939
-0.03483332321
0.04461177066
-0.03159058467
-0.01382210385
-0.1140443161
0.08005098999
-0.007203757297
0.05819677934
0.03933435678
-0.04531424493
-0.08251961321
0.02345639281
-0.07906279713
-0.1235936955
-0.1312131137
-0.06123239547
0.00993906334
-0.006236828398
-0.03191772476
-0.005291047972
-0.01411481854
-0.03310187906
0.01517742034
-0.008339099586
0.01580477506
-0.03211554885
0.005240162369
-0.01536929701
0.01881133392
-0.01051217411
-0.00259108725
-0.02863179892
-0.01249879505
0.01264513936
-0.02890035883
-0.03115664981
-0.04534327611
-0.005682802293
0.0483511202
-0.00331037119
-0.005004014354
0.00755422283
0.0003201839572
0.02162896842
-0.02858520485
-0.02225844748
-0.01300573535
0.0141770076
-0.01024459582
0.001337797032
0.03231392801
-0.02206474356
-0.02965075523
-0.01054496039
0.04398865625
0.01134976838
-0.009764374234
-0.02819996141
0.01689695008
-0.008688244969
-0.002368863439
-0.003049333347
-0.01588392816
-0.004990760237
-0.008162862621
-0.02241688035
-0.005523328669
-0.009621676058
0.007391205523
-0.0177795738
-0.04816485569
0.02302978933
-0.004968320951
-0.02250541188
-0.05361076072
-0.02779456601
-0.02836859226
-0.02108567208
-0.002208985854
0.03109867312
-0.1032114848
0.07381485403
0.1223847941
-0.02031882666
-0.195347026
-0.1221774071
0.07124679536
0.06463263929
-0.02622679248
0.06660640985
0.04606633633
-0.2340014577
0.03207359836
-0.04695117846
-0.08703573793
-0.1302122623
-0.1042855531
-0.009764838964
0.05392399058
0.07008203864
-0.1216532663
0.07249277085
-0.1492450833
-0.09274891764
-0.04575789347
-0.02112899907
-0.08048462123
-0.09893313795
0.0906059891
0.1189514697
0.2026322633
-0.02715837955
-0.1098052859
0.2685492635
0.05827303976
-0.03044484369
0.03511906043
0.3058824539
-0.1997137517
0.1520284116
-0.04727387801
-0.003260192927
-0.1682289094
0.02850068361
-0.06373599172
-0.09731126577
-0.04121171311
-0.3735122979
0.0877552405
0.04103909433
0.04563549161
0.09003337473
0.1474341303
-0.1421152055
-0.0169061143
-0.04959809035
0.0322441794
-0.01289442275
0.1645023972
-0.1727635264
-0.02704758383
0.2948566377
0.05629169196
0.006123334635
0.01121810544
0.004904197995
-0.007109071128
-0.01074357051
-0.05988266692
-0.02871177904
0.04003820568
-0.03207784891
-0.06762682647
-0.009104246274
-0.04191624746
0.002287712647
0.002984157531
0.08078700304
0.01480664779
-0.1234149337
-0.006550836843
-0.00694277836
-0.02899068967
0.01450652443
0.05342892557
0.03793974593
0.05234129727
-0.04676753655
0.001066257828
-0.01760060526
0.06261067837
-0.0802141726
0.02767277695
0.01497834735
0.01363817975
-0.06680244952
0.01558595337
0.005062378012
-0.006441488396
-0.0796584487
0.01057894621
0.005496495403
0.05607780069
0.03375355899
-0.02043329179
-0.03676907346
0.03354660049
0.01307677664
0.05384657532
-0.02835607156
0.04201480746
-0.01762237959
-0.02484035119
-0.04219368473
-0.01149231195
-0.004694118164
0.08380310237
-0.004693556577
-0.00933327619
-0.03033078276
0.01162454393
-0.005183758214
-0.02118580975
-0.01435460988
0.02411631681
0.01196836121
0.002420641016
0.08225987107
-0.003210366005
0.002773597138
0.007009064313
0.009613659233
-0.006380219012
0.002115149051
-0.02660650946
0.02050155774
0.001227149041
0.01279153768
-0.005515058991
-0.01569152996
-0.0005564089515
-0.009446206503
0.03378780559
0.002095117932
-0.00793355424
0.02350648865
-0.02088271827
-0.05877437815
-0.06928430498
-0.009668328799
-0.005091301166
-0.01113666221
-0.009710447863
0.0125441663
-0.04505639523
-0.0108108744
-0.06722896546
0.002648714464
-0.01205160841
-0.00113497756
0.001371031743
0.002905891743
0.004726745654
0.008888119832
0.01059587114
-0.02990422957
-0.05579385161
-0.02815090306
0.004928495269
-0.0346952267
0.01330602821
0.0104754921
-0.02036769502
-0.003117429093
-0.04508746788
-0.04558452219
-0.007034564391
0.02601348609
0.01365407184
0.004845552612
-0.05559404939
-0.01612440869
0.008895715699
0.01747010089
-0.01559503749
-0.01543964725
-0.005418464076
0.007607341278
0.006313886028
-0.02380743809
-0.02901019342
-0.08594062179
0.0007657532115
0.003311700886
-0.01637859829
-0.006347247865
-0.01110971812
0.0009506707429
0.0118755931
-0.01088096667
-0.01599329896
-0.005247276742
0.0008005096461
-0.03642078117
-0.002669024514
0.01021893136
0.0005059094401
-0.03652912751
0.00115358585
0.01100550219
-0.01730873436
-0.01286227349
-0.006558095105
0.001903825323
0.0216631908
-0.02478498034
-0.003183331108
-0.006119990721
-0.001196117373
-0.03528080508
-0.007827769965
-0.001649478101
-9.156585293e-05
-0.003356763395
-0.006508463994
0.004140695557
-0.0006409338093
-0.01484433841
-0.007434736937
-0.001054134686
0.01595238596
0.001987326425
0.001835493837
-0.0111025041
0.003349150997
0.002558490261
-0.01420011651
-0.01191405207
-0.008968438953
0.001377980108
-0.004953022581
-0.007114095613
-0.005622715224
-0.007065268699
8.941299166e-05
-0.01189330127
-0.01923955977
-0.003836445278
-0.02145069279
-0.002457611728
-0.03619128466
-0.02147859894
0.001139427535
-0.003158260137
0.00168781972
0.001194266137
0.06718385965
0.1094704643
-0.01708457246
0.06157770008
-0.05800945312
0.03154024109
-0.01106710266
0.03155819327
0.001884359401
0.09192065895
-0.01793449
0.1764931977
-0.03227154538
-0.04569388181
0.04063792527
-0.04471286386
-0.09274143726
0.009303136729
-0.01597127505
0.2558806539
-0.1452729553
-0.02745892853
-0.2515375018
-0.04513289407
0.1161577553
0.03120739013
0.001407729578
0.04872992635
-0.2129012793
0.06530887634
0.147654742
0.02669537812
0.1744990647
0.02160431072
-0.05431114882
-0.1146599874
-0.02700704895
0.1131347865
-0.1723743826
-0.007383220363
-0.007180303801
-0.001102803624
-0.08292491734
0.03301586211
0.04674337432
-0.1322376877
-0.06255324185
-0.09864865243
0.1419959962
-0.0401458703
0.1341523826
-0.01903608814
0.0216011554
-0.1164694726
-0.03559514508
-0.09857726842
-0.0132571673
0.04566980526
0.01538440306
-0.08573738486
0.03769144043
0.09867765009
0.08645009249
-0.0801500082
-0.005276239943
-0.008726632223
-0.01960297488
0.03925557435
0.07560031861
0.0460906662
-0.01451425347
-0.01613881253
-0.004597136285
0.01152295899
0.01774276793
0.02970951609
-0.0007554292679
0.01110696513
-0.02563010901
0.04593201354
-0.008478161879
-0.02768637426
-0.01903904043
0.007730775513
0.01897645369
-0.006115646567
-0.02555408888
0.03043957055
0.0007660033298
-0.02877756394
0.01089832187
-0.004716735333
0.0007982261013
-0.01783832721
-0.0135907745
-0.03566480055
0.04747973382
-0.01741642877
-0.04055966064
0.03458318487
0.03812218085
-0.006337171886
-0.02821132168
-0.004476222675
0.001338504837
0.06155158952
-0.02488517947
-0.003021235811
0.06278025359
0.05319983512
0.005660221446
0.009406555444
0.004090156406
-0.01317888033
-0.03849253803
0.03110724688
-0.002813735744
0.008747689426
-0.008315474726
-0.02562072314
-0.009629181586
0.00766141247
0.006772705819
0.02696385793
0.04129379615
-0.006324239541
0.00401790347
-0.0108506484
0.2512207925
0.2033115327
0.1204910055
0.0655746609
-0.2089354694
0.01171533577
-0.04583479837
-0.04553369433
0.07172379643
0.1361475438
0.07359501719
0.2801353037
0.1762022376
0.183604598
0.1615006179
-0.04212517664
-0.09686503559
-0.1647218913
0.01787919551
0.3166040182
-0.09518206865
0.1657161564
-0.09821371734
-0.18858172
0.1522778422
0.01372062601
0.001893051201
0.007791263517
0.1152811721
0.309347868
0.238534838
0.04673034325
0.07643645257
0.2104744315
-0.04668154195
-0.04200170934
-0.1522631645
0.2295826674
-0.3186739683
0.1509019434
0.1079015583
0.05588831007
-0.03540398553
0.04430827871
0.01154811587
-0.09736119956
-0.07152433693
-0.1596481651
0.020715544
-0.2673316896
0.03253919259
0.01727743819
-0.1195210144
0.09258756042
0.0671107322
-0.1421779543
0.004728398286
0.06916690618
0.09018129855
-0.07196835428
0.1383833587
0.1830087304
0.1871958375
0.1584584415
-0.02313174121
0.005651926156
0.03493375704
0.01670297422
0.06606749445
0.03703923151
0.01183255948
0.01700108871
-0.05201123282
0.01833996363
0.04085242376
0.04832453653
-0.002138791373
0.07031574845
-0.003202842548
0.06319019943
-0.008974571712
-0.02485717833
0.006011028308
0.02534460649
0.07768438756
0.06817422062
-0.004905777052
-0.01275989972
0.01739050634
-0.03236588463
0.08037636429
-0.05060725659
0.006588299293
0.01566955447
0.01089484151
-0.04045759141
0.04391501471
-0.01510064863
-0.06338591874
0.03971871734
0.03609951586
-0.003625914687
0.007873739116
0.02730849572
0.0462115407
-0.04545866325
0.007412516046
0.01272864081
0.06407950819
0.02788210474
0.01633431949
0.01970337145
-0.05849887803
-0.0270972494
-0.03333289176
0.03817956522
0.05656459928
0.01363041345
-0.01342967898
-0.05450823903
-0.008295321837
-0.002048941795
0.02336728573
0.01547981426
0.06891180575
0.02290973999
9.986693476e-05
0.04541686177
-0.1544957608
-0.1309311688
-0.005524089094
0.002085564192
0.1567870677
0.1133095324
0.05990514159
-0.02949287742
-0.09822942317
-0.1323086023
-0.03756611794
-0.1670610458
0.002418948337
0.01720157824
-0.01745662279
0.05337313563
0.08328460157
0.03987178206
-0.09699603915
-0.05282955989
0.245233953
0.1548032016
0.206461668
-0.05642876402
0.03246219084
-0.1221361756
0.06873844564
0.0766518265
-0.03927865997
-0.1137613654
-0.1601673216
-0.02126224339
0.09513513744
-0.07327484339
0.04975086078
-0.08383325487
0.09761627018
-0.03866451606
0.2337789088
-0.1017035395
-0.09106439352
-0.07746810466
0.1610488445
-0.06174430996
0.2373849303
0.0163920112
-0.05626581609
0.07289412618
-0.03878652677
0.1004144996
-0.09529412538
0.03520862758
-0.05181939527
0.07518960536
-0.04706072435
0.07808569074
0.1643420607
-0.0141827818
-0.1373719871
-0.01308041625
-0.1163449436
0.01817189157
-0.1742778718
-0.202298969
0.0002834687184
-0.02115534991
0.005916415248
-0.01349112857
-0.003338895971
-0.03317614272
-0.01106596552
0.05485038459
0.04761840403
-0.005767398048
0.01248965319
0.005806010216
0.001664251671
-0.03720357269
-0.007534828968
0.005143371876
-0.02172296681
-0.002281734254
-0.005394180305
-0.01859390549
-0.05224030837
-0.01350580435
0.006842583418
0.01476482023
-0.02476654388
0.008633157238
-0.02139277942
0.1044105887
-0.01021791436
-0.03163504973
-0.02545485832
0.0467996113
-0.01183609664
-0.01178172324
0.0406415388
0.01546367165
-0.02489983104
-0.01666577719
0.009048628621
0.007918671705
-0.02553670853
-0.00610963814
0.01041184925
-0.01916232519
0.03616498783
0.01482983958
-0.02042389475
-0.0142914094
-0.0004221416311
0.01606751047
-0.001460051397
-0.009664807469
-0.01352394931
-0.01843790151
-0.02627235092
0.04107988626
0.02015903965
-0.02871862613
0.01380945183
-0.03479683772
-0.0557368435
-0.03485142812
-0.01669738628
0.002914004959
0.0260834489
-0.009995030239
0.002776711946
-0.01896644384
0.1903383136
-0.04023728147
0.1231942028
0.0438692607
0.0007008074899
-0.009785359725
0.008920223452
-0.0755264312
-0.05719409138
0.02816946991
0.04473531619
-0.008126409724
-0.008890707046
0.1080754772
0.02262333222
-0.1178274378
0.06705868989
-0.07408048958
0.1766024828
-0.1151125357
-0.007822234184
0.03341230378
-0.05424266681
0.001773189637
-0.1360288858
0.008926827461
-0.1307052672
-0.05994041637
-0.1029034629
-0.09175495058
-0.01040352043
-0.03008699417
0.028237883
-0.05468254536
0.1445090771
-0.04721363634
-0.06249390915
-0.117903173
0.2235669792
0.009025018662
-0.0339095965
0.01261252165
-0.003171404591
-0.04310986027
0.00750637427
0.06495343894
-0.001082728035
0.05302630737
-0.01364333462
0.08311393857
0.001751942327
0.001814397168
0.1194233298
-0.03851874173
-0.1231446713
0.01509329118
-0.007205028553
-0.191357851
-0.2246523052
-0.06936810166
-1.140061795e-05
-0.01290902775
-0.03395346552
-0.01548732352
0.0379971154
-0.01677507162
0.02568032593
-0.04572237283
-0.002071295632
-0.05705915391
0.01850525104
-0.01191666164
0.01713859849
-0.01996709593
-0.0003798142425
-0.02443484962
-0.01262208913
0.02204798721
-0.04030472413
-0.02895684354
-0.0753634125
-0.006876568776
0.0655829832
-0.002260227455
-0.0001804816857
0.01963464543
-0.01697070524
0.0477488637
-0.09403381497
-0.04948711395
-0.02071752213
-0.06170131639
-0.005340948235
-0.005548189394
0.01199372299
-0.02327148803
-0.003641854739
-0.02858836204
0.08961208165
0.01963047497
-0.01372900605
0.01750675961
-0.002835040679
-0.01183303166
0.02083812468
0.04800807312
-0.0644075349
-0.01611253619
-0.02975595556
-0.0810662657
-0.007440681104
0.02244392224
-0.008675828576
-0.05665990338
-0.05377692357
0.008133492433
0.002586590825
-0.04241752252
-0.03417196497
-0.01000073366
0.01884218678
-0.0355598554
-0.007900610566
0.0003205862595
-0.02263032831
0.1264208406
0.08948472887
-0.05454872921
-0.09418789297
-0.2023454756
0.01300458238
0.09565583616
-0.03596311808
0.09154184908
-0.001100957394
0.1100243926
-0.1196854413
0.007637084927
0.05970645696
-0.05176799744
-0.09548468888
0.02327864803
0.104368031
0.115256831
0.07485488802
-0.07743000239
-0.08957283199
0.1216763034
0.09160726517
0.1169703379
-0.03534533083
0.00621956028
0.1618038565
0.2043367028
0.212898761
-0.0155733861
-0.2668617666
0.1091381386
0.1630453467
-0.04690348357
-0.08675052971
0.2318272591
-0.007973550819
0.03840406239
0.0154571468
-0.0660687983
-0.1277291626
0.0252130162
-0.3122499287
0.09991968423
0.02164890617
-0.1129383817
0.03407855704
0.01272528619
0.1093007252
0.03506959975
0.3094877899
0.01446807105
-0.001639506663
-0.04107866064
-0.04489609972
0.1890343577
0.05678180233
-0.05053405091
0.1241009012
0.1161770523
0.08129419386
-0.05876391008
0.00525185978
0.01472541224
0.0002356452314
0.01009682566
0.02774740942
0.02014832012
0.02382120676
-0.04874354228
-0.06659498066
-0.009561567567
-0.01690400951
-0.03753598407
-0.0002553419326
0.0305167567
0.0212897025
-0.02702488005
0.01121548004
0.007079950534
-0.003602218814
0.0145044392
0.03573039547
0.01380942389
0.01452222094
-0.03823068365
0.02495935
-0.007418753579
-0.00043624721
-0.05109167099
-0.01535204705
0.0191802755
0.02110653929
-0.07348145545
0.0195463635
0.007315455936
-0.03359462693
-0.002783104777
0.02318964712
0.01012910344
0.01473946963
0.003855694085
0.02104925737
0.03296211734
-0.001219855272
0.0247079134
-0.02006242238
0.01480361167
0.002995604184
-0.0005829161964
-0.0196877867
-0.04971671477
-0.003844458144
0.0156501513
0.02742738277
0.003377729096
0.02880925126
-0.03402458876
0.001697102445
0.01505727228
0.04450339824
0.05799144134
0.06651540846
0.02251993679
0.003623697208
-0.007181939203
-0.0005573764793
0.004260377493
-0.005314237438
0.01509079151
-0.03494571894
0.0115780104
-0.03364841267
0.004085676745
0.03210889548
0.02008000948
0.00718668988
0.02673234791
-0.01313861366
-0.03500004485
-0.02015484683
0.007638460957
-0.009476510808
0.004661265295
0.01879744232
0.03459972888
-0.05538833141
-0.009346086532
-0.1002584398
0.01480998471
0.003639231902
-0.0091433255
-0.08784459531
-0.01276202593
-0.08244945109
0.01341321412
0.003412825521
0.01472159475
0.01162053924
-0.002474172739
-0.015063053
0.01755811833
0.006720136385
0.04772590473
-0.07494439185
0.02367026545
-0.002316056285
0.02070009895
-0.05354930088
0.007815415971
0.04322848096
0.02102823183
-0.02655773796
-0.00469387928
0.04332776368
0.01405685674
-0.003566016676
0.01598630473
-0.1167797595
-0.05049911141
-0.005120470189
-0.002782712923
0.009953020141
0.007582651451
-0.0015250328
-0.02442287467
-0.001158443978
0.001060235547
-0.001071444945
-0.04573731124
-0.001088321907
-3.888681022e-05
-0.01339237113
0.007763840258
0.0206137076
0.01606613025
-0.01275236718
-0.01642991044
0.01025837753
0.006452220026
0.009701161645
0.01347436197
0.002394633833
0.006728641223
-0.02275649644
0.02412397228
-0.001011806075
-0.007629968692
-0.01028061379
0.004398628604
0.002620230429
-0.01410065498
-0.0009401856223
0.006041616667
0.004710755777
-0.01694551483
0.009151360951
-0.0005525077577
5.767717448e-05
-0.005602732301
-0.003785372712
0.002260246081
0.005708238576
-0.001492431853
-0.02077875659
0.001804460073
0.001579985372
0.00178604119
-0.007641271688
-0.00943515636
-0.003368985374
0.02761219069
-0.007801097818
-0.00225149584
0.02670909837
0.02666485682
0.007095817011
0.007748515811
0.00479449844
0.001187889953
-0.01567395031
0.005934106186
-0.007431375794
0.008970582858
-0.004535363056
-0.01431189757
-0.002587089781
0.006700651255
0.002707563341
-0.009168174118
0.007746546064
0.0004932121956
0.003798691556
-0.006676431745
0.3037014902
0.2225709558
0.1081670672
0.1142402813
-0.1995874792
-0.131407842
-0.03936257213
0.110196054
0.0379977189
0.1598604769
0.09888100624
0.1378778219
-0.03515730053
-0.1971296072
0.07029546797
-0.1105778441
-0.2956271768
0.0705165118
0.1126668379
0.1879331172
0.1301359385
-0.2088514119
-0.2060892433
0.07783854753
0.1457030773
0.0542012006
-0.04494956508
0.02586110495
0.1168666482
0.086987257
0.1948158443
-0.01714681648
0.02872051485
0.114838101
0.1058609337
-0.139681831
-0.0353048332
0.2813647091
-0.1418626606
-0.02458107658
0.0182271339
-0.09161227942
-0.102540642
0.008842061274
-0.10983219
-0.1302917004
0.02885729447
-0.2964830995
0.08346933126
-0.1041531265
0.1408236623
0.04666497931
-0.0659987554
0.2610431015
0.04660246149
-0.1457150578
-0.05499864742
0.1528152227
0.1155919731
0.09360958636
-0.05521328002
-0.005141905509
0.1655767709
0.08642634004
0.04225509614
0.03620766103
-0.008392819203
0.04236987606
-0.02704234421
0.008782176301
0.03696246445
-0.07975740731
-0.08794286847
-0.01526570041
-0.04011277109
-0.07921896875
0.0146144731
0.07350625098
0.04641386867
-0.09284054488
0.01419107243
0.03330331296
-0.0248728469
-0.001745419693
0.05731011182
0.05517466366
0.02532163635
-0.01001241617
0.03419715911
-0.02975210175
0.04923726618
-0.1050617844
-0.004658616614
0.008088415489
0.03610855341
-0.08207945526
0.01474845875
0.01737986319
-0.03868685663
-0.05004883558
0.03134112805
0.009791902266
0.03651544452
0.01542787906
-0.01211332064
-0.009577419609
0.01769231446
0.03347315639
-0.05351843685
-0.1000711769
0.009285706095
0.005583235994
-0.03277192637
-0.06076804176
-0.01360241137
0.02553874068
0.08154755831
-0.004017380998
0.002005942399
-0.04700057581
-0.06463431567
0.01273221429
-0.07593455166
-0.01795514673
0.09334640205
0.0224344898
0.01268935017
0.06315610558
0.01351122838
0.02214772627
0.003045196179
0.02561446838
-0.06708020717
0.009217958897
-0.03039863333
0.0007301247679
0.03925539926
0.03213776276
0.00882348232
0.08962538838
-0.02668195963
-0.08988263458
-0.0509757176
0.002233711537
-0.02905975282
-0.008600189351
0.02260031737
0.1053801402
-0.09242931753
-0.01301697735
-0.1810910553
-0.01319961064
-0.008181384765
-0.01736843958
-0.1601166576
-0.03824163601
-0.1415433884
0.03660041839
0.02911320329
0.01543779671
0.01249747165
0.0340510346
-0.03540296853
0.0060575963
0.01559465379
0.09462303668
-0.09203698486
0.04048418999
-0.007436835673
0.01988487132
-0.03101863153
0.02113807946
-0.02576475404
0.01179051492
-0.03317928687
0.00536487205
0.03954039887
0.03262485564
0.008833454922
0.06057812646
-0.003249386558
-0.04788851738
-0.0004139899975
-0.008200655691
-0.0131803751
0.03696002811
0.001658792142
-0.009613788687
-0.02474876679
0.02417899668
0.006967080757
0.04356261343
-0.003558075055
0.0007471494027
-0.01477848273
0.008483885787
0.02343632653
0.02375925146
-0.0153796114
-0.02908252925
-0.002285459777
0.01001344062
0.01294870581
-0.01220034529
-0.0006767731393
0.009483186528
-0.02399752103
0.0110952016
-0.0007704347954
-0.01195206027
-0.01030233596
0.008933410048
0.004405552056
-0.01615622081
-0.006463231519
-0.0007594073541
0.006387337111
-0.02028883807
0.009108205326
-0.01054030657
-0.001637509791
-0.007328273728
-0.003534269286
-0.01145287883
0.01291874424
-0.003187243128
-0.02597479708
0.003598968266
0.008815470152
0.0006067429204
-0.01493293047
-0.007509808056
-0.002719772048
0.03834468871
-0.01405578293
0.000244916213
0.01246455405
0.03207972646
0.005338776391
0.01035755686
0.005193594377
-0.004812107887
-0.02129667811
0.011497356
-0.01094688848
0.01028281171
-0.004955457989
-0.02154944278
-0.000774301705
0.009212250821
-0.01060687378
-0.006916020066
0.01645540819
0.001583752688
0.00701625878
-0.007858146913
