0.3210551441
-0.1513361931
0.2113316357
0.08683589101
-0.2036115229
-0.05396492779
-0.05171107873
-0.3586986065
-0.195800513
-0.1120426953
-0.6595280766
0.1278730184
-0.5278626084
-0.05233372003
-0.1584156752
-0.3244378567
0.4265359044
0.7316172719
0.2092663795
-1.030774832
0.2378282696
-0.2408440113
0.2134433687
0.03591300547
-0.3992113769
0.04273202643
0.3827794194
-0.3471291065
0.04719031975
0.07815296948
0.2940436006
-0.08350423723
-0.07668145746
0.1336993128
-0.492680788
0.2973928452
-0.3183449805
0.1784861982
0.3140618205
-0.172766611
-0.02867723629
0.1591377854
-0.6607288718
-0.40831846
0.02310788073
0.07896482944
-0.3676355481
-0.1840068102
-0.03264893219
0.01224571001
0.1683458388
0.2047356516
-0.09128095955
0.1559475958
-0.009877784178
0.03690775111
-0.05490892753
0.05340798199
0.4462795854
0.2276163548
-0.2293412536
-0.1581675559
0.688087523
0.1212533936
-0.0178205464
0.02143877372
-0.01438208576
-0.05349137262
0.01984001137
0.02412317321
-0.02113297582
0.01700818911
0.0168482922
-0.0005969042541
-0.06043927744
0.008942745626
-0.04038105905
-0.01342472155
-0.01159794815
0.1207467318
-0.6361741424
-0.3898521066
-0.09373675287
0.8125517964
-0.6107221842
-0.005821209867
0.5754097104
-0.03693679348
0.1550479233
0.1054846123
-0.1627558619
-0.01780581474
0.3621191978
0.6204755306
0.4734724164
-0.9455952644
0.2346635163
-0.2580821514
0.3088029325
-0.09293203801
0.07095140219
0.07950744033
0.04116230831
-0.05422629789
0.196983099
-0.01464475505
-0.4110513031
0.06866275519
-0.01359974872
-0.1546527594
-0.1502196491
0.007423226256
0.2514078021
0.1110535711
-0.04398486018
-0.1946189553
0.03013551235
-0.03454323113
-0.1137314737
-0.04063831642
0.1770692617
-0.05614717305
0.03156772256
0.04986377805
-0.06302470714
0.1333043128
0.401450187
-0.3187914491
