-0.1287925392
-0.008977268822
-0.2460188717
-0.09849580377
0.1494669467
0.2868121266
-0.004195610061
0.06458234042
-0.04562810063
0.06036546454
-0.3482645452
-0.0006787664024
-0.05917916447
-0.002648087917
0.1140685305
-0.03398384154
0.04280018806
-0.0700269714
0.01794031076
0.1494657844
-0.02878575958
0.002538813511
-0.003410897218
0.05621243641
-0.1871298999
-0.2422376722
0.06527246535
-0.0009604780353
0.01329465117
-0.1218948513
0.002780190902
-0.1551884711
0.02023687027
0.002349934774
-0.02876155078
0.0002422341786
0.003241947154
-0.01316640712
5.842633254e-05
-0.001353743603
-0.01065299381
-0.01629436575
-0.00328763877
-6.856219261e-05
-0.002836827189
-0.008363269269
-0.001415684586
-0.0005431265454
-0.09368278086
0.09160028398
0.01744000241
0.02244728804
0.04892064631
0.0142737329
-0.0004447723622
-0.01152282953
-0.02124060318
0.007880672812
-0.0282511767
0.0004662674328
0.01256118342
0.1031824648
0.04026627541
-0.01726222038
0.2799381912
0.7495948672
0.3951600492
0.1376394928
-0.03358694538
0.2988910377
0.001193814445
0.03825638443
-0.1041674167
-0.2723626196
-0.07610846311
0.0002505193697
0.156477645
-0.2097360641
-0.01115864702
-0.002224391792
0.4911627173
-0.1379667372
-0.1533190012
-0.2236434221
-0.06469534338
-0.677040875
-0.01232439093
0.2689366639
-0.2090685815
-0.3902181387
-0.0488872081
0.00153455697
0.04916915298
-0.01157950424
0.1526720226
-0.4504407942
-0.5059292912
0.6619720459
0.2937849462
0.2305666804
-0.04233463481
0.2087795287
-0.00902784802
0.05014307797
0.4615062177
-0.2848679721
-0.2015382648
0.001279808697
-0.05465523899
0.4684235156
-0.0007713625091
-0.0005562748411
-0.102353707
0.01936646737
-0.2425292283
-0.02457401343
-0.00371430465
-0.01228403579
0.001065146178
-0.0202103667
-0.1274813265
0.2917978764
-0.01176880673
0.00091703207
0.003804314882
-0.1068421826
0.02519019879
0.006748529617
