0.3919639885
-0.2086700648
0.3808603883
0.2735682428
-0.2927659452
-0.08031503856
0.002983747749
-0.4809531868
-0.2423985302
-0.1218799427
-0.7081006765
0.07360839844
-0.6715449095
0.1010616124
-0.1603876203
-0.3631711602
0.5635060668
0.6718866825
0.2502599955
-0.8957921267
0.1719951928
-0.3208251297
0.2318468094
-0.03274291381
-0.4473184645
0.02238566615
0.3612793088
-0.4040180743
0.01784990914
0.08820696175
0.3288459778
-0.05310814455
-0.02487262711
0.109928593
-0.3960649967
0.420137614
-0.4361462295
0.1884764731
0.3862368464
-0.1604564041
-0.04648285359
0.2199327797
-0.6939995289
-0.583966434
0.04896999523
0.1232312173
-0.3996381462
-0.2044230402
0.03733640164
0.003215522738
0.2780651748
0.2761597335
-0.1937339753
0.1736726463
0.0006949973758
-0.07091762871
-0.1683152169
0.06801389903
0.4940986037
0.2534773052
-0.3954619765
-0.1583376229
0.8611431122
0.1275686175
0.001058105496
0.003603690071
-0.005163520575
0.001587272738
-0.000192527863
0.0005167308263
-0.00240626419
-0.001109051751
-0.000967836706
0.001926717698
0.0008859957452
0.002818012377
0.0004287775955
0.0002833361505
0.002332341159
-0.001446765731
-0.588752985
-0.3622187972
-0.03023032099
0.8633213639
-0.7228233218
-0.05947040766
0.6273207664
-0.1406354159
0.08225362003
0.06379279494
-0.2210834771
-0.08821060508
0.3417667449
0.6588686109
0.4649193883
-0.986682117
0.504904151
-0.4595943093
0.589327991
0.007545834407
0.04216844961
0.06358398497
0.06042775884
-0.1783005595
0.3614622056
-0.1221042424
-0.5517826676
0.1988049597
-0.1327620745
-0.2138966322
-0.37574476
0.0109492382
0.377515465
0.08365648985
0.01649466343
-0.2110656351
-0.03625926748
-0.08851641417
-0.07262418419
-0.1317788959
0.1650296599
-0.1075656414
0.01149476878
0.06206643581
-0.1253700852
0.1812195033
0.6174943447
-0.2843138874
