0.3403925896
-0.2065431625
0.2299023718
0.1558854878
-0.2742900848
-0.0565276593
-0.01578173973
-0.3086145222
-0.2045815587
-0.1244030893
-0.6460205317
0.1340785474
-0.5897222757
-0.05518012866
-0.1312033832
-0.3266233504
0.5046817064
0.7457009554
0.2438441068
-1.089080215
0.1309002787
-0.2201095223
0.2449852228
0.09452084452
-0.3671394289
0.05775842443
0.3807190061
-0.3770510256
0.04913924634
0.05045208335
0.3065086305
-0.07441221178
-0.06501719356
0.1743743569
-0.541874826
0.3481299579
-0.3557412624
0.1485685557
0.3364814222
-0.1625025272
-0.02752764896
0.214172408
-0.6544180512
-0.4156735241
0.04995809495
0.09626945853
-0.3528930843
-0.175006032
-0.01565160602
-0.04020064697
0.2370193005
0.286192745
-0.1459876001
0.1773632169
-0.01605325937
0.02146989293
-0.05869591609
0.06373430789
0.4847679138
0.2562188506
-0.3462748528
-0.1875810176
0.7828497291
0.1309384853
-0.0790380612
0.0537581481
-0.05140421167
-0.1473486274
0.02710163593
0.04546096921
-0.03957933187
0.05516276881
0.05245612562
-0.01006301399
-0.1040614322
0.04286451638
-0.1533900052
-0.03641131893
-0.02839601412
0.1715608686
-0.6708495617
-0.4016317427
-0.08242291212
0.8797610402
-0.626636982
-0.03145669773
0.5897244215
0.01321507338
0.1935121268
0.1228102893
-0.1414434612
-0.001876979833
0.3827984035
0.6379753351
0.4775882065
-0.9024279118
0.3904960454
-0.3416407108
0.4427702129
-0.03140624985
0.0127674425
0.08220617473
0.06186628342
-0.04565289989
0.2304587662
-0.04369875789
-0.4127448797
0.08060299605
-0.06379269063
-0.1797847599
-0.1542962193
0.009271483868
0.3962388039
0.1699887961
-0.06005950645
-0.2269061953
-0.01977336779
-0.03374537453
-0.1080956981
-0.03696974739
0.2137215137
-0.06665223837
0.05172749236
0.08234900236
-0.07360655069
0.1658671945
0.4581798613
-0.2545773089
