0.04994628206
-0.1800529808
-0.2425152361
0.006905578543
-0.07320482284
0.1179999113
-0.05919777229
0.06131638959
-0.1243507341
-0.07040519267
0.0576764755
-0.1110908017
-0.0850411281
0.05986362696
-0.05136539787
-0.0828211084
0.2153666019
-0.01634953544
-0.0761333704
-0.02709117346
-0.07797075063
-0.1416101605
-0.07150379568
-0.02163145132
0.02779485658
0.1299533397
-0.00790765509
0.07401158661
0.1831365079
-0.1451239586
-0.1669055969
0.0618990548
-0.2367605418
-0.09866700321
-0.1722389311
-0.2283587754
0.05912080035
-0.03142033517
0.2802965641
-0.09787656367
-0.04746965319
0.2166717798
-0.01255122665
-0.1166226119
0.0283357352
0.06002752483
-0.09144798666
0.2302179188
-0.00758982962
-0.09910845011
-0.08528540283
-0.05267442763
-0.1458357871
-0.06530755758
0.002829581965
0.06325160712
-0.04127096012
0.01927331649
0.006753541064
0.006755581126
0.06756673753
-0.1009596065
-0.05267565697
-0.1000390723
-0.02244013734
0.07065647095
-0.0629215017
0.1009778008
0.02465559542
0.0149636995
0.05611337721
0.01800672151
7.681163697e-05
-0.0351309441
-0.02882970124
-0.0870968923
0.09585302323
-0.1392585784
-0.002565564821
-0.003225181717
0.150830552
-0.01822371595
-0.01494669076
0.02142856643
0.04391974583
-0.06018818915
-0.02495632507
-0.04945781827
0.04242951795
0.05112360045
-0.01452941541
-0.06615415215
0.08381104469
0.09396074712
0.08947794884
0.05157294124
-0.006441575009
0.03088843077
-0.03741292655
-0.06193289161
-0.0781872794
0.08476676047
0.01270962134
-0.08947721869
0.08457036316
0.03166814521
0.02816872671
0.06713360548
-0.06227154285
-0.01736469008
0.006506526843
0.01450557914
0.02775548957
0.05152248964
0.04732036218
0.04752101749
-0.01195775811
-0.01090649609
-0.053447254
0.0951789096
-0.03135955334
0.1038171947
-0.04646512121
-0.002093161689
-0.006652529351
0.09920635074
0.1716635972
-0.02500969172
-0.08779386431
0.01446949411
0.001745046698
0.0003246963606
-0.04100390896
0.004140000325
-0.01676386967
-0.1135396287
-0.01486064121
-0.01772641577
-0.09037321061
-0.1118358597
-0.004535296001
-0.2821292281
-0.0957948491
0.07093576342
-0.005304697435
-0.1017727852
0.07902244478
-0.0516429916
-0.02573264949
-0.04738170281
0.171957016
0.03195249662
-0.02313002385
0.03654762357
-0.04872228205
-0.09020441025
-0.007028989494
0.01649572887
0.04595830292
-0.02835357375
-0.06926856935
-0.03968628123
-0.09643406421
-0.1005713567
0.0497322306
-0.07107689977
0.01642600074
-0.03948813304
0.07400094718
-0.08121593297
-0.02463819087
0.0967739597
-0.1539646834
0.09493145347
0.04094749689
0.04088222608
-0.1819713712
0.0495422408
0.03891603276
-0.01152332034
0.03207122907
-0.07923097163
-0.07591931522
0.02199902944
0.08862721175
0.03096299991
0.004458383657
-0.02845737897
0.06352166086
-0.0004869914264
0.02713848278
-0.04995306209
-0.009175376967
0.0004851394333
-0.06335510314
-0.08790976554
-0.07113462687
-0.03798364475
0.1025724635
-0.01507383212
-0.06605622917
0.07219515741
0.02120470814
-0.06254056096
-0.02009641565
-0.1207527816
0.05053012073
-0.1515427232
0.1010729596
0.02035271004
0.03717126325
-0.06236542761
-0.02254167572
0.01843313314
0.03435932845
-0.09351185709
-0.008826238103
0.01864954084
0.0584339425
-0.1157778651
-0.02420870587
0.05328989774
0.05212654918
0.01736828871
-0.02876264602
0.02151137032
-0.0406424813
-0.0651615262
-0.09462293237
0.04194603488
0.05926070362
-0.1566858441
0.01960438862
-0.09409756213
0.004585475661
-0.02002828568
-0.0637037307
-0.0447210446
-0.01373085845
0.0131530147
0.04489326105
-0.04703850299
0.01486560982
-0.08007378131
0.04614169151
0.002536702901
-0.1237457991
0.02279228717
-0.03810544312
0.04299040884
-0.2335237712
-0.04206812009
0.05400798842
0.03456273675
0.1117594317
-0.04395205528
0.1759648323
-0.01610592194
-0.1960501224
0.07603839785
-0.08935669065
0.07790821046
-0.1108326092
0.004690098111
-0.03951143846
-0.1057362184
0.01890109107
-0.2401254177
-0.0175075531
0.1688193828
0.09449094534
-0.03033392504
0.08197679371
0.02513890155
0.08850391209
0.02883217111
-0.02288987488
-0.01585575379
0.003003134392
-0.07280831784
0.3020552397
0.1552965939
-0.04626308009
-0.008355935104
0.1435912997
-0.1457943916
-0.1402289122
0.05269680172
-0.0644723177
-0.04887850955
-0.01458060835
-0.2700408101
-0.09137642384
0.03104626574
0.2289577723
-0.1757493168
0.00783898402
0.04796861112
0.07006447762
-0.05760157108
-0.2292925268
-0.004132363014
0.08565527201
0.1093757376
-0.08456468582
-0.001558566815
-0.01400845777
0.002518712077
0.08068405837
0.05179333314
-0.1609982848
-0.04230459407
-0.1448195577
0.1367179006
-0.0673693344
0.06931596249
-0.03821682557
-0.1022538841
-0.08555901796
-0.07468686998
0.04287138209
0.06865863502
0.09637707472
-0.1178772449
0.03630849719
-0.02344536409
0.03483266756
-0.07459272444
0.004237398971
-0.04881871119
-0.005387081765
-0.01904291473
0.07717420906
-0.04628109187
-0.072812289
-0.09489150345
0.115214549
-0.04251720384
0.06746506691
0.1287228614
0.03557486832
-0.03631949052
-0.000577597355
0.03199187294
0.1255759597
-0.03710473329
0.007080290001
-0.179242909
0.04014790058
0.1475631297
0.0740916431
-0.0706024766
-0.05065697804
0.004355969373
-0.1091339514
-0.002446145983
0.05902384594
0.06583072245
0.02058124729
-0.04419117793
0.03469789773
0.05288839713
0.02305155061
0.02089480124
-0.06751327962
0.005440852605
-0.07909887284
0.03618878126
0.06841175258
0.02486318536
0.1310661137
-0.02365380339
-0.02039526589
-0.03197164088
-0.1197887808
0.02752868645
0.07684982568
0.1193592548
-0.02540521696
-0.01121269725
-0.06398046017
0.2234556079
0.1250850111
-0.03435603157
0.2905244529
0.120077461
0.1399365067
-0.03535411879
-0.1210679188
0.04105285183
-0.05456956103
-0.06440334767
-0.1011234224
0.0734314248
-0.1229026839
0.09989610314
-0.07498250902
-0.09255027771
0.1308777481
0.01029798482
0.2226053178
0.224314481
0.08651243895
-0.004912417382
-0.1470722258
-0.1225938722
-0.203923136
-0.08918790519
0.1837783903
-0.01706981286
0.02016824484
-0.05339910835
0.08364703506
0.1291716248
-0.06404839456
0.03170958534
-0.0812497884
-0.02777354605
-0.007274432108
0.04847994074
-0.1498202831
0.02532703988
0.09987068176
0.09070801735
0.1109906808
-0.01154140383
-0.2373886406
0.05835973844
-0.1901742071
-0.04533563927
0.05089308694
0.05465760082
0.1611486226
-0.2136339545
0.06067018211
0.09097034484
0.008958223276
-0.0445420742
-0.01425463334
-0.02380866557
0.09506255388
0.05202716216
0.03679915518
0.1248232201
-0.07819465548
0.05667341501
0.1588880718
-0.06151337177
0.004925031215
-0.01165008545
-0.01183640491
-0.09340961277
-0.06506495178
0.07407782227
-0.05720785633
-0.1149515808
0.1786700934
0.01049565617
-0.02594974265
0.1543432623
-0.007673982065
-0.03811514005
-0.09117873013
0.03286142275
0.02858193591
-0.01557342708
0.07205860317
0.04205914959
0.0407942459
-0.06129816547
-0.02530274913
0.06222518906
0.04546835646
0.00133368175
-0.06919983774
-0.079372935
0.07947016507
0.01364505012
0.06632281095
-0.07168576866
0.09665441513
-0.02490156703
-0.05580057204
0.04430704564
0.08093354851
-0.01302463375
-0.006062129978
0.02697462402
0.02356453985
0.1591590047
0.02769858576
-0.03675372526
-0.01569766551
-0.002229041886
-0.07411111146
0.00863872841
0.02018495463
0.05930688232
0.04814232141
0.05073913187
-0.1299105138
-0.08746808767
0.002983416896
0.0443588458
-0.09366244823
0.07399072498
0.01450908184
0.3416537344
0.04623827338
0.1203429773
0.06738043576
0.05598177016
0.05986533687
-0.133923322
-0.1083808243
0.07505021989
-0.0308183562
0.03604440391
0.03285177797
-0.06721512228
-0.05507225543
-0.03569085896
0.08205920458
-0.1523774266
-0.02056610398
0.01523243543
0.03839457035
0.0769425109
0.07092119753
0.02187621221
-0.01754565537
-0.04378081113
-0.05943346396
0.1403143853
-0.05680706725
0.08241604269
-0.002455340698
-0.03298647329
-0.05742112547
0.1036964357
-0.1190170497
0.005824854132
-0.04167537391
-0.02480048127
0.02122349106
-0.1136747301
-0.08582936227
-0.01248131599
0.01367513277
-0.07489491999
0.08661027998
-0.07599340379
-0.06435615569
-0.01112078037
0.03099863045
0.005925328471
0.05053896829
0.05453551188
-0.01118027233
0.06625864655
0.1092151925
0.0369935818
0.06230964512
-0.07857818156
-0.08454775065
-0.01736733876
-0.1370724291
-0.07231782377
-0.1341551095
0.1402587444
0.07186378539
0.05358105153
-0.02669966407
-0.1118030772
-0.05524542183
0.07200624049
-0.01595014706
0.008842665702
0.1534230858
-0.03593101352
0.007647322025
0.05853867531
0.03755643591
0.0741039291
-0.03620781377
0.05852110684
0.04214689508
0.1232673302
0.01982260682
0.05681631342
0.09021732956
-0.0788686797
0.000532957667
0.01173156966
0.01580910198
-0.1010371223
0.02509126253
0.03371200711
0.02071783878
0.08275531232
-0.04875101894
-0.04004749656
-0.004581063986
0.04464614391
0.03951540217
0.04304712638
0.01440960448
0.01261942741
0.07715950906
-0.0333853811
0.08880599588
-0.09515111893
0.04505422339
-0.01278220862
-0.01597806253
-0.01503004786
0.03026039153
0.009098381735
-0.05636072531
-0.01388277765
-0.025122758
0.01454721298
0.02577545308
-0.01732506603
0.07862391323
0.01601968147
0.01282091532
-0.009019073099
-0.03201086074
0.01540427562
0.04913333803
-0.03048018925
0.01222795248
0.03495589271
-0.01825015433
-0.02823850885
-0.01194437314
-0.05679481477
-0.006791887805
0.06912621856
0.08630270511
0.1012733057
-0.1624532491
0.1967010498
0.1334830672
-0.004574757069
0.08518093079
-0.04567056149
-0.08464002609
0.1345300972
0.083275415
-0.1242070943
-0.02303490043
-0.1712930202
-0.2234485149
0.09879505634
0.1466818601
0.03480687365
-0.1318273395
-0.143399775
-0.04813844338
-0.1533201039
-0.08194746077
-0.02112351544
0.01929701492
-0.08887170255
0.08677338064
0.00989023596
0.03306455538
0.2465219051
0.09444284439
-0.1203293577
-0.3380749524
0.00672298437
-0.0006070722593
-0.1584440768
-0.02846461721
0.1885873824
-0.1012376472
-0.04987389594
-0.0006852529477
0.0722149685
0.1086464152
-0.03460995108
-0.04917655885
-0.107644096
-0.005789731629
-0.09380945563
0.01696476899
-0.0236883685
0.05144869536
0.3862482905
-0.05760702863
0.2305178493
-0.1545154452
-0.06773383915
-0.008765187114
0.05705305189
0.120325394
-0.06947217882
-0.05872670934
-0.05296900496
0.03744327649
0.2010618299
0.1170598194
0.03729314357
-0.07649827003
-0.1320358068
-0.1904036105
0.1011818722
0.08582333475
-0.2015625238
0.03221123293
-0.126774624
0.1261257678
-0.1917808652
0.05560888723
-0.02423708513
-0.07937730104
-0.0759190619
0.2211914659
0.03359031305
-0.02764355578
-0.07933361828
0.009048116393
-0.04963187128
0.03966039047
-0.0580843389
0.06864211708
-0.01676958799
0.09074622393
-0.1904412806
-0.02253554203
0.07626818866
0.09734626114
-0.01570879482
-0.0714000985
0.02938230149
-0.2086870074
-0.1356535256
-0.1958229244
0.10741321
0.08799793571
-0.2465799153
-0.01518569421
-0.01941278018
0.04842179269
0.005664218683
-0.1418908387
-0.02213492617
0.04370666668
0.09355396032
0.1091688275
0.02138582058
0.05776259303
-0.06731241941
0.1603616476
0.02039735205
-0.3259348273
0.001574243768
-0.167103976
0.2164140642
0.02076383121
-0.1839566082
-0.03232569993
0.1562852114
0.2454482168
-0.120211795
0.1189247593
-0.1171069071
-0.0651076287
-0.007973742671
0.1273448169
-0.005577773787
0.07626515627
0.3139453232
0.02941467613
-0.1181957424
0.06292098761
-0.0331258066
-0.156747207
-0.1234083474
0.06865206361
-0.1561370045
-0.07058019191
0.1378908157
0.1924676448
-0.2038002163
-0.1515697837
0.04383761808
0.1392436177
-0.003965436481
0.08516638726
0.01059599873
-0.1395729482
0.2288109511
0.05455946922
0.0222177282
-0.2474309057
-0.07110889256
-0.05376578122
-0.2808456421
0.05551183596
-0.413508743
-0.007310989313
-0.08931028843
0.04395653307
-0.08619584143
-0.05429914221
0.1736470461
0.1624707133
-0.1267760247
0.07757311314
-0.00795073621
0.08434459567
-0.03392444924
-0.04016169906
-0.02329671383
0.120282717
-0.1476684958
0.02745618485
-0.01690073684
0.006235429551
-0.06273642927
-0.1086428314
-0.1662834138
0.1452587247
0.04093565792
0.1574035883
-0.03879774362
-0.07409923524
-0.001195967896
-0.0007944910321
-0.08166975528
0.1199059859
0.2164945155
0.2270056158
0.06295600533
0.001673535677
-0.09813316166
0.03900715336
-0.0794056505
-0.1133810729
0.01836976223
0.1957644224
0.04666252062
-0.1056284904
-0.002618812257
-0.01882499643
-0.01989460364
-0.03143814206
0.2497625798
0.01725162007
-0.07369210571
-0.06535252184
0.1342090219
0.02402852662
0.18342188
-0.1076335758
0.03398235887
-0.009903454222
-0.0777368322
-0.08341804892
0.01413738541
0.07871145755
-0.03805551305
0.04703766108
-0.03144875541
0.07844959944
-0.04412376881
-0.01913722232
0.06868822873
-0.04381034523
-0.07481745631
0.1072354242
0.06561774015
0.07871479541
0.02582803741
-0.03892381117
-0.03785802796
-0.03881844133
-0.1165613011
-0.02440419421
0.1706459522
0.01907632314
0.04790900275
0.0146865584
0.06285503507
-0.01691882685
-0.04739738256
-0.01331128087
0.09788891673
0.1920080334
-0.001532162889
-0.06550205499
0.08550613374
0.0347286649
-0.1500393599
-0.01230859291
-0.006263594609
-0.1516248137
0.05070656165
0.05827639624
0.03898398951
-0.1638899297
-0.02405940369
0.07098603994
-0.05565769225
0.04642588645
0.2223550975
-0.03940582275
-0.03099353425
-0.04157850891
-0.0155517906
-0.06441130489
0.171469301
0.1028720215
0.1818416119
0.1260896921
-0.03189126402
-0.03407589719
-0.02471505105
-0.09894668311
0.2631260753
-0.02930538543
0.03851233423
-0.09215187281
-0.07177177072
-0.1423698366
-0.0887439847
-0.05449159816
-0.1429479271
0.03340647742
0.05586147681
0.09096878767
-0.06242407113
0.02786018886
0.01828439534
0.1028941348
-0.009521611035
0.0589572303
-0.1135774478
-0.1615317613
0.06620582193
0.01686685719
-0.05520251393
0.06909869611
0.007393645588
-0.1582055092
-0.0621518828
-0.003149077762
-0.0473100692
-0.1524359584
-0.1230810881
0.06653369218
0.09087235481
0.1070505306
0.009515983053
-0.07343325019
-0.1226697043
-0.03888240457
0.04561538249
-0.02625470608
-0.001684331335
0.002651395509
-0.01460974663
0.04410165548
0.003086458193
-0.04335246235
0.03439870849
-0.02343152277
-0.02228611521
0.1037727818
-0.06092275679
0.05642884225
-0.07446397096
0.03047337569
0.009183781222
0.1408342272
0.10196013
0.03881948441
-0.05053094402
0.01763660274
0.1073078886
-0.02653765865
0.08499258012
-0.08261557668
-0.005161143839
0.02660798654
0.04966446385
0.1110647693
0.009724604897
0.02501166984
-0.001805815613
0.01385749318
-0.004497331567
0.01569698751
-0.008364810608
-0.01041665766
0.0660784319
-0.06215495989
0.051931642
-0.003729647025
0.08207063377
-0.02274543233
-0.01926718652
-0.07478053868
-0.02577769011
0.01280861627
-0.03382088616
0.006683615502
0.03617916629
-0.07556509227
-0.04158618674
-0.003713923506
0.03901876137
-0.02209672332
-0.01261278428
-0.01997295767
0.03412874043
0.001376703032
0.06705898046
0.04088326171
-0.05102182552
0.1230601445
-0.07014662027
-0.06333228946
0.04711354151
-0.1054798514
0.05098767206
-0.01062968001
-0.05975522473
0.02447584271
0.04541168362
-0.05514825508
-0.154296279
0.02771757543
0.04180178419
0.04763400182
0.01883764565
0.009597056545
0.01795518398
-0.1112240553
-0.2067495286
-0.04152448103
0.05376070738
0.1098869368
0.05201231316
-0.04121293128
0.02446740866
0.04168530181
0.1353336126
-0.1075082496
0.01978114434
0.05532144755
0.009404222481
0.04125816002
-0.01320230402
-0.1142378151
0.04672413319
-0.01447043288
-0.004733488429
0.02681952529
-0.1312877536
-0.02311181836
-0.1666872352
0.02045969293
0.04723717272
-0.06472083926
-0.01627090387
-0.04927830398
0.04687204212
-0.01841244288
0.04521932453
0.0944243893
-0.05931632966
-0.08046128601
-0.03492420539
-0.06498157978
-0.01298804767
-0.0167081058
0.09494920075
0.05013683811
-0.0009042081656
-0.02074491791
0.07708957046
-0.01175337564
0.09331215918
-0.02442320064
-0.0006636376493
-0.02794273943
-0.06114716828
-0.03528569266
0.1310481429
0.01524165086
0.02902449854
-0.03037464619
0.06202404574
0.04712178186
0.06484939158
-0.01018678583
0.02000558935
0.05691059306
0.09238061309
0.005027506035
0.03705073893
-0.0133024212
-0.06789973378
-0.04011645913
0.03424651921
0.01537809987
0.0004527798446
-0.0523814261
-0.02849668823
0.02854037285
-0.002299249405
-0.03524405882
0.04103111103
0.03883046284
0.01953567751
0.03508572653
-6.974959251e-05
0.008422620595
0.03153552487
0.003059138777
-0.00541713601
0.004771057051
0.007700391114
0.04126147553
-0.08074013144
-0.04608370364
-0.00224454212
-0.05516815931
-0.0139386002
-0.04096101969
0.008625845425
-0.01643893309
0.0558728911
0.03587729111
-0.0009091979009
-0.08354678005
-0.03421055526
0.04397719353
-0.05082878098
-0.05801925063
0.004874778911
-0.02579123713
0.02889721841
0.0406405516
-0.01783742383
0.03296131641
-0.004145286512
0.2334779501
-0.009220610373
-0.006013542879
0.03134622052
0.1262009889
0.0536830239
0.07671606541
0.04821790755
0.1437620521
-0.09156923741
0.02968378551
-0.08710069954
-0.04497527704
0.07961679995
-0.0351257138
0.1365296692
0.04327572137
0.05437636375
0.1603901386
0.09858398885
-0.1885129809
0.00974442251
0.07990205288
-0.004970872309
0.02230261825
-0.03919366002
-0.008351861499
0.10750103
-0.1473366618
-0.209771961
-0.1266445816
-0.06282540411
0.04419780895
0.01085305121
0.1049867943
-0.07267512381
0.05874123052
-0.06734599173
0.03788400814
-0.05140434206
0.1441219598
0.06610567868
-0.04692199454
-0.1672530621
0.02203898877
-0.006118566263
-0.07187762111
0.08541824669
-0.01627666317
0.1776247621
0.1232109591
-0.1111964956
0.03388320282
0.01664855145
0.09602645785
0.02392176539
-0.06912413239
-0.163564086
-0.1312414855
0.1164996698
0.08462273329
-0.1339135617
0.04230118915
0.056904383
-0.001159704756
0.03535637259
-0.1260323524
0.190655902
-0.02710516192
0.106620878
-0.04923747107
0.09396011382
0.06362583488
-0.09732344747
-0.07791019976
-0.03047706559
0.04980009794
-0.102253221
-0.1244558915
0.1131013557
-0.01027025469
-0.004304931965
-0.1651611477
-0.02101335861
0.0419229418
0.02960718237
-0.02809404209
0.1594922692
-0.039678514
-0.02915485203
-0.03315648064
0.00296200905
0.03885074332
-0.09639000893
-0.004419384524
0.1101233438
0.1072886214
-0.02960475162
0.192880854
-0.1771024019
-0.04677187651
-0.02198332921
-0.01280052308
0.01370356418
0.05138975009
0.01061283704
-0.0129807312
0.01758849993
0.02363415994
-0.004302764777
-0.06250730902
0.02510935813
-0.03199907392
0.00830233749
0.00959569402
0.1262118518
-0.04914193973
0.008960005827
-0.005958347116
0.07087345421
0.0314069055
-0.02252093889
0.02055451274
0.09877625108
0.1254069507
-0.0489513725
-0.002825248288
-0.003744765185
-0.001397393993
-0.1039364561
-0.004241080955
-0.0459824726
0.04538574442
0.1537376344
0.02756055817
0.001649182756
0.01007039566
0.02901348099
0.04495303705
-0.03250781074
0.02649911679
0.04816070944
-0.04502460361
-0.04776122421
0.03511281312
0.09141489863
-0.03971928358
0.1165971681
-0.1072793752
0.07063527405
-0.008293109946
-0.04422655329
-0.02704099938
-0.008006636053
0.04587317631
-0.05250358209
-0.09515438974
-0.1077407449
-0.03359051421
0.00256267935
0.005458990112
-0.1282270253
-0.1599413455
-0.0950524807
0.02642628923
-0.05067368969
0.04094495997
-0.03616391122
-0.02059916034
0.04180799797
-0.01923771203
-0.0509567298
-0.05949505419
-0.007141155191
-0.04863439128
0.007005134597
0.006953648757
0.006975812837
-0.0003817101824
0.01773953438
-0.1766949296
-0.04292957857
0.03010654449
0.03488796949
-0.1121866852
-0.07776847482
-0.1511061937
0.007482187822
0.1233981773
-0.08417030424
-0.00201102416
-0.1747833192
0.01757915504
0.0196675472
0.06339515746
-0.01882486604
-0.03490552679
0.01687951013
-0.008382973261
0.05934854224
0.08556687087
0.1412784904
-0.05756445229
0.07375242561
0.0872386992
-0.07357076555
-0.002825391479
-0.02403839119
0.002772497945
0.003950600978
0.05994233117
0.02188426629
-0.02090661041
0.01632289961
0.0008008010918
0.03218495473
-0.03281622007
-0.04526356608
-0.01526671555
-0.06340815127
0.0445308648
-0.02109051682
0.0321791321
0.04583064094
-0.05744510517
0.01343770325
0.05482843891
-0.06635058671
-0.06348216534
-0.01488497667
0.0258572232
0.005021448713
-0.07321086526
-0.01553520653
0.01365980878
0.04582199827
0.03257869184
-0.03836992756
-0.04479669407
0.026026804
-0.04262498766
-0.03981089592
0.004028650001
0.0587268807
-0.01995361969
-0.02909401059
0.1050008833
0.05507922918
-0.05938578025
-0.005782756489
-0.0596546568
0.04032754526
0.0310528893
0.02579531446
0.027513735
-0.07552571595
0.07293053716
0.0234815497
0.2299814224
-0.1042867154
-0.007498147897
-0.09866958112
-0.1603826433
0.07765732706
-0.07747873664
0.04758816585
-0.009290128015
-0.09171950817
-0.1364181042
-0.06121791899
-0.1084322408
-0.1104866117
0.00104558235
-0.1148219928
-0.03582894057
0.06275641173
0.1230273768
0.06649591774
-0.0759389475
-0.07743594795
-0.01124295779
-0.00759538915
-0.07298817486
0.02415671572
-0.1865748465
0.2945109904
0.1241638958
-0.05657567084
-0.02016578987
0.05427034944
-0.08879406005
-0.01400628872
0.04699526727
0.03569319472
-0.1409646571
-0.02682528272
-0.03536255285
-0.2774530053
-0.03224140033
0.1622361094
-0.1574203223
-0.1374853104
-0.06850576401
-0.09357450902
0.00350127928
-0.004415496252
0.02599281818
0.02754261903
-0.05528450757
0.07512490451
0.07113663852
-0.02187982388
-0.07894108444
0.1668065488
-0.06704242527
-0.02785645984
-0.0323950462
0.2305998653
-0.05036823824
0.03296012804
-0.002813450992
-0.07513092458
0.07268698514
-0.06221994758
-0.0223669745
0.03706213459
-0.05870872363
-0.1121514961
0.01736986078
0.08607313782
0.007917037234
0.1011716276
-0.1041122898
0.07979045063
0.07122131437
-0.03849582002
-0.1237695217
-0.01277212985
-0.02117149346
0.04244250804
-0.01083106734
-0.04146588594
0.04236815497
-0.0237657167
0.01084827818
-0.01644182764
0.02953895554
0.007019574754
-0.05250100791
-0.007820802741
-0.01470014267
-0.1108053252
-0.02690937556
-0.01196346711
-0.02984730713
0.0146994954
0.01556826103
-0.03046877868
0.002536515007
0.09063833207
-0.02298928238
-0.08786401153
-0.02715297416
-0.01683850773
-0.03859585151
-0.01673471369
-0.01590943336
-0.00995575916
-0.001987895695
0.001636211178
0.05142362788
-0.09796974063
-0.05415182561
-0.0484748967
0.02293903753
-0.06201373413
0.02704032138
-0.01998060197
0.04945025966
-0.009403374046
-0.03118861094
-0.05250372738
-0.08882431686
0.05339351296
-0.05476081744
0.09065566212
0.006488930434
-0.004553189501
0.2207348943
0.06597430259
0.02965161577
0.02778281458
0.1761876494
-0.06254159659
0.02643906698
-0.05831640214
0.01821741462
-0.06826855987
-0.1042816117
9.331760521e-05
-0.0748668462
-0.07021864504
0.1107336879
-0.2479818314
-8.27305048e-05
0.07114537805
-0.1556160003
-0.0529457368
-0.00259294454
-0.03651867062
-0.1036047265
-0.08184108138
-0.03138493001
-0.4194031954
-0.2004947513
0.0914548263
0.1337229013
-0.07321732491
0.08231019974
-0.05182196945
0.1360417008
-0.2330853045
-0.01698136702
-0.02208592929
0.02143930085
0.2876885831
-0.003424384398
-0.1271775961
0.2177197933
0.09375361353
-0.199761495
0.1104220003
0.02006005496
0.161952287
0.1038217172
0.03616363183
0.02072565071
-0.02221383899
0.1163878292
0.1267000586
-0.1849950552
-0.2764493823
0.2648146451
-0.1505229175
-0.08099003881
-0.1308879852
-0.05941772461
0.0494999215
-0.05296920612
-0.04100544378
0.0003205498215
0.3273278177
0.08153446019
0.04183067754
-0.08957771957
0.1262839288
0.1839346588
-0.08866816759
-0.07188887149
0.02664373629
0.03360547498
-0.06246158853
-0.1585934609
0.136523962
-0.1131381541
0.003041483229
-0.2680821121
0.1351904571
0.05695161968
-0.009050141089
-0.0321809724
0.08320832253
-0.03646666184
-0.127230674
-0.03670543432
-0.07331413031
0.009372022934
-0.1060905829
-0.01475660875
0.1009634435
0.008542136289
0.01007627882
0.01567193121
-0.2876547873
-0.1227814704
-0.04646147788
-0.01175623015
-0.01777340285
-0.09634432197
-0.09911106527
0.02137866989
0.08409139514
0.1507539153
0.01690904051
-0.03145189211
-0.03986861557
-0.1629217416
-0.02615584992
-0.08042383939
0.1875377297
-0.05540250987
-0.008278573863
0.04526850209
-0.04091303051
-0.176969856
-0.1100784615
0.1305801421
-0.09669089317
0.139182657
-0.1771815121
-0.1121729612
-0.005961405113
-0.04797400907
0.1007243097
-0.08641789109
-0.05707526952
-0.02394833602
0.1354368627
-0.05612509325
0.1648060828
-0.0502323769
-0.1044625118
0.2688832283
0.09053221345
-0.03701433912
0.1491764635
0.07274214923
0.08609119058
0.09065921605
0.1266143769
0.1060733125
-0.1545749903
-0.1444473714
0.08117157221
-0.01029703952
5.753150617e-05
-0.01124193612
-0.1293660253
-0.08661870658
0.03830660507
-0.09325322509
-0.1649329364
-0.1070289537
-0.04657135531
-0.04162488878
-0.08417357504
0.1137668788
0.1340091825
0.01263339724
-0.2471221983
0.1346265972
0.0622786656
0.06546036154
0.1645205766
0.0132341804
-0.09644842148
-0.05210144073
0.06477960199
-0.01396309398
-0.07531061769
-0.07685554028
0.03688413277
-0.1151947007
0.09026970714
0.04989378154
0.0997358188
-0.01106168702
0.04204850644
-0.06894563884
0.04079626501
-0.1243808791
-0.0747461319
0.06593364477
0.02047092654
-0.01558395009
-0.1095184684
-0.005513414275
0.04818367586
-0.02076980844
0.04542740807
-0.02252783999
0.08596336097
-0.04940405861
0.06654684246
-0.01602108404
-0.01259936206
-0.0562703535
0.008283336647
0.01162610669
-0.02345309779
-0.01259421371
0.1525973529
0.007666547783
-0.01222654153
-0.02857117914
0.04650773108
-0.02582132816
-0.06577456743
-0.01664526761
-0.05954514816
0.0004307677154
-0.009611620568
0.003217220306
-0.006238182075
-0.02443953976
-0.02021626197
-0.02375425771
0.02755676955
-0.05302808061
-0.01028045639
-0.04495960847
-0.04840808362
-0.04195505753
0.008335570805
0.01651051268
0.005339182913
0.01015460771
-0.02829206176
0.01264650654
0.01145906001
-0.04962071031
0.05509131029
-0.0394654721
0.007204636466
-0.002336089266
0.07445182651
0.01743311062
0.04270620272
-0.07269478589
-0.02171271481
-0.06310719252
0.01668699831
-0.04363506287
-0.00436436804
0.01298356801
-0.0186788775
0.0276942309
0.01018586662
0.0327468738
-0.05938617885
-0.1066501066
0.07335814834
0.06233224273
0.05905342475
-0.1736270338
0.09531773627
-0.07690067589
0.07095620036
0.06476736814
-0.02647347376
-0.1673163772
-0.1511706412
0.02115199901
0.06292940676
-0.1423550546
0.2009868622
-0.06243609637
0.07680989057
0.03698731959
-0.2539230883
-0.1322690547
-0.04217755049
0.1650744081
0.1100139245
-0.07052014768
-0.01199328247
0.0381751731
0.02137552388
-0.1155538186
-0.1650391668
-0.1896646619
0.01091485377
0.1166068614
-0.1773596704
-0.1597332507
0.1269961149
-0.09333913773
-0.1740266085
0.02062519267
-0.05763267726
0.04708845913
-0.03168816119
0.06985547394
-0.02485944517
-0.1650651246
0.1023491398
-0.1175668538
0.1382392496
-0.1261532307
0.004175037146
0.04216296971
-0.1555637121
-0.2681103349
-0.1437045336
-0.09486853331
0.07325100899
-0.01642921008
0.05001400784
-0.2402680963
-0.003629807848
-0.005671921186
-0.1833560169
-0.09947449714
-0.1892316639
-0.03826452792
-0.05045390502
0.07833599299
-0.003610370681
-0.09324464202
0.1327389032
-0.02828114852
0.1095919237
-0.1251342893
0.01603929698
0.05991556123
-0.01690960675
-0.006914512254
-0.01001382619
0.07891666144
-0.03838359565
0.0106791826
0.01054633688
-0.04554269463
-0.0268211402
-0.0630730316
0.02973869629
-0.003047191305
-0.09466055781
-0.01981462166
0.02314120904
0.02835099958
0.007664356381
-0.08481627703
0.1140653938
0.03615998104
0.07765811682
-0.0543093048
0.01080350764
-0.00432095537
0.01219742466
-0.07802909613
-0.03988715261
0.008899177425
-0.03747938946
0.05238934979
0.0317652151
-0.0401670523
0.08340469003
-0.133206293
0.001579462085
-0.04649920017
0.006820361596
-0.006604436319
0.1263355613
0.03292179108
-0.007879950106
-0.04019496217
-0.04977472499
0.08394137025
-0.04663199559
-0.1467236131
-0.01581618749
0.1010363027
-0.06161725894
0.06791092455
0.02819019556
0.02506233007
-0.04944035038
0.008493293077
-0.07014621049
-0.07874430716
0.144383654
0.0341332145
-0.1140229329
-0.03836538643
-0.1395037174
-0.08801488578
0.08983650059
0.05559016764
-0.03524015844
0.03870423511
0.09760338068
-0.09595001489
-0.1039015129
0.01016019285
0.1037089825
0.02742382139
-0.1995529383
-0.2011632919
-0.2117025256
-0.08790230751
0.00316811935
-0.0009717289358
-0.1051370949
-0.06947658956
-0.06824837625
-0.1654870361
0.003301005345
-0.004579530563
0.06521896273
0.2978800535
-0.003927981481
-0.07281413674
0.05130996183
-0.1232218593
-0.2695769072
0.1373527795
-0.08173894137
-0.1610136926
-0.08170986921
0.02687919699
-0.03928232938
-0.01949741133
0.1001387015
0.08123127371
0.003542582039
0.1996221542
0.09536525607
-0.02239757776
-0.2341273874
-0.2878739536
-0.1620921046
0.1760176718
-0.08602158725
-0.09821597487
0.1150512099
0.196958065
-0.0164632909
-0.05290013179
-0.1186270341
-0.107451424
0.1010342464
-0.05301151052
-0.1180655435
-0.02317330614
-0.007337005343
0.07233026624
0.1095095351
0.02198572084
0.02781724744
-0.1471934617
0.1643410325
0.04020048678
-0.1762106568
0.1153294891
-0.06713451445
-0.1080456972
-0.06336612999
0.007133853156
0.02547888272
-0.1962920129
0.1267549098
0.03187999874
0.01861506514
-0.01123644505
-0.2016088516
-0.05174976587
0.0601390563
-0.02712788805
0.04841462523
0.03216765076
-0.05514103174
0.0303005036
0.1056063622
0.0938783884
0.01826066524
0.05844834819
-0.1008072868
-0.2688222826
0.03674802929
0.07055544108
0.05104343221
0.1161306724
-0.01135379449
-0.03400751948
0.01573168486
-0.1017105579
-0.007399282418
-0.04728651792
0.03806837648
-0.01849541441
0.04988877848
0.06643657386
0.0453638956
-0.132738933
-0.1489815265
0.001650436316
-0.02358292416
0.03308174759
-0.08805461973
0.1392889619
-0.0638204217
-0.002114367904
-0.01627973281
0.003664536634
0.02954894863
0.07141961157
-0.03017310798
-0.1247771755
0.001040754258
-0.03896638379
0.05781948194
-0.02226475812
-0.05869885907
-0.09633956105
-0.02269665897
0.02000148036
-0.1507650316
-0.1214618087
0.1188470498
-0.00912031997
0.02475368418
0.09795109183
0.07400064915
0.01395069528
-0.01316155214
-0.07266625017
0.02038583532
-0.1377332658
-0.03926221654
-0.03894104436
-0.02414954826
-0.03208392113
0.1401747614
-0.0527026467
-0.1343263388
-0.1024908349
-0.02872515097
-0.005435802974
-0.1770739704
-0.138216868
-0.02477130294
-0.04248951748
-0.08735365421
-0.005240787286
-0.1214525774
0.04468550906
0.03013696149
-0.006089056376
-0.03812188655
-0.0830668956
0.04832818359
-0.01695836149
0.1851447374
0.01835774817
0.02700031362
0.05078680813
-0.1043772548
-0.1291384399
-0.04069474339
-0.1134341806
-0.02327706292
-0.03600120172
0.008198706433
-0.03369605541
0.02135521546
-0.01191633847
-0.120449923
-0.09505745023
0.1448608041
-0.01829029806
0.03812222183
-0.148682043
0.008302649483
0.02841307782
0.01644649915
0.0299615711
0.01947637089
-0.07406789064
-0.009428869002
0.01587619632
-0.01388951018
0.05714755878
-0.08366572857
0.07095764577
-0.06345941126
0.0217580311
-0.0116891358
-0.01315760706
0.01980656199
0.005664880853
-0.05192898586
-0.01703028195
0.0131221544
-0.02336491831
0.007792794146
-0.02865301631
0.07974509895
-0.06134713069
0.0228776969
0.05134665594
0.05595399812
0.1525255144
-0.02785026655
0.03326294199
0.04735608026
-0.01523247361
-0.0001633599459
-0.01430092286
0.03312243894
0.004199193791
0.03701235354
-0.04212265462
0.01949767768
-0.07576958835
0.006938227918
-0.0120871067
-0.02385134995
0.02946376055
0.02331678011
0.02863104641
-0.04526017606
-0.03659447283
-0.03233876079
0.04082716629
0.02382522635
0.001964738127
0.001321037882
-0.116295889
0.006528890226
-0.0190192014
-0.002676650649
-0.003652122803
0.07593856752
-0.01925811917
-0.06627622247
0.1742620319
-0.01688758843
-0.05662215874
-0.131428346
-0.00271919556
0.2111291289
0.04733556509
0.160370186
-0.1088122874
0.07319431752
-0.01441577077
-0.1021237895
-0.05390718207
-0.0549114421
-0.08185835928
-0.01340021938
-0.07472022623
0.1138779745
0.04352314025
0.06198120117
0.07656358927
-0.06201735884
-0.0139148077
-0.1080341414
-0.09827470034
-0.03484423831
0.02718977816
-0.1282729954
-0.2440923154
-0.05128469691
0.0744522661
0.046711009
-0.03194206953
-0.06803376228
-0.2797740996
0.2122897059
-0.1360892355
-0.06174564734
-0.09824270755
0.1582588255
-0.1398781091
-0.01800307259
-0.06904717535
0.1098068357
0.0160465464
-0.02268980257
-0.1894178391
-0.03146716207
0.03068161942
0.002639449202
-0.0354905948
0.1639848053
-0.02436128817
0.01137780026
-0.0265822988
-0.06385072321
-0.1142817959
-0.06615938991
-0.03940178454
0.09279683232
-0.196622476
0.1471062303
0.008875113912
0.01982255653
0.27573511
0.04605380818
0.1295635551
-0.1519322693
-0.05903324485
0.1937231123
0.05679718778
0.06677232683
0.0470382832
-0.1016255245
-0.04092627019
0.1197369322
0.03492516279
-0.03143526614
-0.1091230959
0.005213750992
-0.0886561349
0.04469025508
0.05513617396
0.002905103145
0.05306672305
-0.1308397949
-0.02066166885
-0.02016152442
-0.04916675016
-0.2114365995
-0.02850022167
-0.08683073521
-0.1166314408
0.0163037926
0.09932679683
0.04261065274
-0.00649501523
-0.09870378673
-0.03857817501
-0.003126377705
0.02717570774
-0.02827531286
-0.01855131797
-0.1206828803
0.06839384139
-0.01955094002
0.2185207903
0.09842100739
0.126940757
-0.018672809
-0.06742430478
0.01703346334
-0.06327763945
-0.06002353132
0.09046708047
0.008638881147
0.06234067306
0.01916310005
0.02806469984
-0.09336079657
0.08343876898
-0.01799840853
0.04813762754
-0.1139244735
-0.168235302
-0.1489302367
0.01827198267
-0.01707198471
-0.04342482984
0.03070003167
-0.03878952563
-0.007010358386
0.04816921428
0.004978453275
-0.006855469197
-0.04634233564
-0.07313772291
-0.1014590636
-0.1010560393
-0.09554786235
0.004189438652
-0.04819380119
-0.001709741191
0.0075790626
0.06485512108
-0.03346058726
-0.02482150868
-0.08523278683
-0.1141983792
-0.02569275163
-0.008465413004
0.00724412594
0.06178708002
-0.02388581261
-0.07339522988
-0.1296386868
0.08174699545
0.03594950214
0.09537891299
-0.002461623168
-0.06137054786
0.03777129203
0.03572556376
0.006840415299
0.07455639541
0.03316416591
-0.01915868558
0.01030204352
-0.008099091239
0.0165394675
0.01358189061
-0.004388639238
-0.08343136311
0.04513254762
0.1950129718
-0.08426995575
0.06057235971
0.2206243873
0.01153272577
0.156507045
-0.01452796441
-0.03335656971
0.03961110115
-0.03188974038
-0.04670376703
0.08444403857
0.1632556617
-0.1695414633
0.2233971357
-0.08518880606
-0.01606458612
0.05557536334
0.002951483475
-0.008157649077
0.03273525462
0.01343248505
0.05839456618
-0.1648319513
0.01946346834
0.1061146334
-0.03338124231
0.01104499586
0.04518255964
-0.07010544091
-0.009612334892
-0.03673045337
0.04451849312
0.01110499725
0.06334617734
-0.004092357121
0.01930825599
-0.02248164825
-0.002056582132
0.07786864042
0.009077088907
-0.01336676441
-0.02969315462
0.07128506154
0.06822169572
-0.002821123693
0.08193919063
-0.00290140626
0.005993304774
-0.01122674439
-0.008144212887
0.003467619652
0.03963933885
-0.01786551997
-0.01151647791
-0.01219911873
-0.06626468152
0.003518425627
0.03917692229
-0.00640681712
-0.0469902344
-0.06879140437
-0.04249691963
-0.01478332095
0.03746682033
-0.01500656921
0.004376263823
0.01693053544
0.02974036522
-0.01210504118
0.06453038007
0.01859799214
0.003686871147
0.04792647809
-0.0610996522
0.05545673519
-0.008419138379
0.06446804106
0.04922722653
-0.02269725129
-0.2188049704
-0.03628871962
-0.01784833707
0.09150018543
-0.02255289629
0.2474679649
-0.01632837951
0.02115779929
0.08733550459
0.03673561662
-0.04180742055
-0.006492110901
0.04260214791
0.1650430262
-0.04498388618
0.1474053562
-0.1839354187
0.01646442711
0.005530288909
-0.1098368168
0.01214479282
0.07114860415
-0.04718573391
0.03629159182
-0.172157526
0.07496517152
-0.1522149593
-0.02540879883
0.09785213321
-0.04615015537
-0.3949800432
0.1229611412
0.02879511192
-0.1367497295
-0.1129758209
-0.05036734045
0.2191955
0.2071911991
-0.09125351161
-0.1053773686
-0.2031866014
0.08852460235
0.3406043947
-0.002827992663
0.1631853878
0.08627426624
-0.04333409667
0.1583231986
-0.3720241785
0.04172637686
-0.009298381396
-0.185384661
-0.4357568026
-0.3672813177
-0.1228047535
-0.003004565835
0.07175728679
0.01757946983
-0.1727359891
0.1386931241
0.08454139531
-0.08765694499
-0.03823679686
-0.2604459822
-0.05186953768
-0.06378223747
-0.07547026128
0.09809031337
-0.05050948262
0.06466007978
0.00425191503
-0.05280781165
-0.02826408856
-0.01957999729
-0.08869678527
0.05831560493
0.05572176725
0.04589344189
-0.0647617802
-0.08217286319
-0.06141414866
-0.007633203641
0.02782003209
0.1141090021
0.06743760407
-0.01012709457
-0.035440512
-0.09462683648
-0.04469558597
-0.09266523272
-0.03770225868
0.002840443747
0.002562871901
-0.02046059072
-0.06563380361
0.1046032384
0.07512048632
-0.02811162919
-0.04626166075
-0.04887557775
0.02123763599
-0.01732236333
0.03600773215
0.06195621192
0.05476289615
0.005377725232
0.0008956381935
-0.006850523409
-0.1084742919
-0.04908468947
0.06538256258
-0.08734172583
-0.08227209747
0.03709604964
0.005354648456
-0.01671056263
-0.1465348005
-0.07920887321
-0.06356777251
-0.0380358845
-0.03794300184
-0.1408045888
0.1132437885
-0.08366041631
0.02865932509
-0.03327998146
0.039029181
-0.02766149491
-0.1522382498
-0.07643039525
0.003985872958
-0.01490565762
-0.0719941631
0.1409669966
0.06806106865
-0.06500546634
-0.1064563468
-0.05559707433
-0.06718276441
-0.07252694666
0.01607869379
0.1491693705
-0.03557955474
-0.08185439557
-0.01132038143
-0.01795060933
0.1160437763
-0.3346307874
-0.1234469488
-0.05601836368
-0.1262990981
0.1060298458
-0.03489628062
0.09968319535
0.05132564902
-0.02540228516
-0.08722554147
-0.2105245888
-0.0714718923
-0.0345277451
0.07008623332
-0.1121100187
-0.09515056759
-0.05771057308
0.05770579726
-0.1401784718
-0.1186472178
0.04243506119
0.0109146852
0.1429962963
0.0689579621
0.02745399997
-0.1590716839
0.05450540781
-0.2135587782
0.1619078517
-0.03118701279
-0.07388660312
-0.02733754739
0.0211950466
-0.2552145123
0.04154031724
-0.1469056904
-0.06661735475
0.0297040008
0.2109434456
0.02199065685
0.07653237134
0.08801523596
-0.1389613152
-0.04740167409
-0.05569108576
-0.0652275905
-0.05260656029
-0.03343337402
-0.02893238142
-0.02708201855
0.07903396338
-0.008958903141
0.04337698966
-0.03797800839
0.0699628517
-0.02092927881
0.09863507003
0.06126526743
-0.07089509815
0.04608993605
0.09994396567
-0.01137519348
0.01965924911
0.06137188151
-0.0203222651
0.01651553623
-0.01527343597
-0.007242894731
-0.09330202639
-0.08166138828
-0.09907698631
-0.02972249873
0.002415093826
0.006610851269
-0.04815201834
-0.05174839497
0.03517584875
-0.06430222094
0.01755233854
-0.06881831586
0.0894112736
-0.008439230733
-0.01246468443
0.002082621679
0.03283551335
-0.05543892831
-0.08401095122
-0.07934959978
-0.03762572631
0.03329379484
-0.02995061502
-0.04130972922
-0.02235600352
-0.04412006214
-0.002705999184
0.008976444602
-0.04346507788
-0.1068078801
-0.03019403294
-0.07171908766
-0.01046003215
0.03481901437
-0.0922768563
-0.1431361139
0.03470268101
-0.0343673043
-0.04648009315
0.05956083536
-0.07210401446
0.08824049681
-0.06088734791
0.1326138675
-0.02996559814
-0.1749002337
-0.1160314158
-0.07628872246
0.01550804172
-0.1068149582
-0.01004257239
-0.1400411129
0.1466535628
-0.06206521392
0.06473398209
-0.006153914146
-0.005655563436
-0.0684466511
0.001925496501
-0.01475109905
0.0556403771
0.1283638626
0.0009958436713
0.02398221567
-0.07843032479
0.03053727373
-0.02088766359
0.1000950783
0.08462105691
0.05323503911
0.07135955244
-0.121067062
-0.0405686982
-0.02111429721
0.008940225467
0.1762138009
-0.03049878962
-0.2200067937
0.0765055716
0.004068627488
0.01392886229
-0.2101030648
0.01652556472
-0.07568113506
0.113543056
0.07998878509
-0.1120622456
-0.06907691807
-0.156391874
-0.04277350754
-0.05353232473
0.02477906644
0.06342773139
0.03479457647
0.06486493349
0.1895277053
-0.06887944043
0.1821518242
-0.3566690385
0.1115923673
0.01135730743
-0.2134301811
0.1828799546
-0.1819387227
-0.009939927608
0.02590676397
-0.1470408142
0.1758859754
-0.04357902333
0.002220264636
-0.1270357817
-0.07999716699
0.01999779232
-0.005080077797
0.08237440139
-0.04548968375
0.08955835551
-0.1387798339
0.0440290831
-0.06474162638
-0.03901256248
-0.05187980086
0.01912447996
-0.09541128576
-0.02272893675
-0.04868532717
-0.006685859058
0.01700673997
-0.005475936923
-0.05305741355
-0.00761700375
0.04377391562
-0.1376039982
-0.06034919247
-0.1140355915
-0.1254202574
-0.04040950164
0.03685371578
0.03232514113
0.0493830815
-0.1632322073
-0.03351807222
-0.01984256692
-0.02577555366
0.08112343401
-0.05057734996
-0.1247745827
-0.01935629547
-0.02822195552
0.05249457806
0.03250296414
0.07968134433
-0.05276178569
-0.07239469141
-0.116007641
-0.006868700963
-0.1002488807
0.06412251294
0.01813517511
-0.04226337746
-0.006932473741
0.04268356785
-0.1117337793
-0.04084054381
-0.06101759896
-0.09622107446
-0.05120687932
-0.06739096344
0.05371696502
-0.09759031236
-0.1091625467
-0.2479614913
-0.2469240725
0.05124853179
0.1594334245
0.01769594103
-0.02622808143
-0.008232566528
0.05642757192
-0.0187858548
-0.1231614128
-0.02547324076
0.1117652655
0.01328541338
-0.0357276611
0.06791879982
0.04422628134
0.07608627528
0.09397929162
-0.1979082227
0.03821060807
-0.2517410517
0.02825573459
-0.01084481552
0.003454095917
-0.1100292206
0.07670667768
0.04328294843
-0.09112580121
-0.1117819175
-0.05767665803
-0.02271354944
-0.1632000059
-0.09209176153
-0.3184244633
0.2225713581
-0.1513516456
0.07169623673
-0.03702127934
-0.08076420426
-0.04075721651
-0.1366532892
-0.157808587
0.08544235677
-0.04308545589
-0.1994960457
0.2297369242
0.2391767055
0.08149061352
-0.002284051385
0.06393148005
-0.1296909153
-0.1250124574
0.01989772357
0.1033520624
0.02447317541
-0.06858544052
0.04556591436
-0.1038303822
0.1612778902
-0.2368468046
-0.1954782158
-0.04225281999
-0.02006250434
-0.005090118386
-0.01840887778
0.0626834929
-0.01338471286
0.116631031
0.05784651637
-0.2051837444
-0.04391460121
0.02378544956
-0.06325691938
0.06302116811
0.1033755541
-0.04735659063
0.06599572301
0.06541062146
0.0172792878
-0.04499946162
0.1914078146
0.06012778357
0.09760439396
-0.02052492462
0.01048817206
0.1602973342
0.03018584289
0.02391843498
-0.1267470717
-0.06052473187
0.1168826669
0.1170315742
0.0881324634
-0.003528986126
0.001127005438
0.002132432535
-0.04537666589
-0.05848489329
0.0869531408
0.04722985998
-0.01772356592
-0.03792954236
-0.09513287246
0.08079938591
0.02003165334
0.09814652056
-0.2209058702
-0.08772034943
-0.006056980696
-0.02847406641
-0.06270883977
0.008730539121
0.02617680468
0.08044151217
-0.08273191005
-0.04109922796
-0.006274546497
-0.03062576428
0.1475448459
0.05164149776
0.1586162597
0.01343361661
0.1361708343
0.07772797346
0.07780742645
-0.06280647963
0.03443156183
0.09487129748
-0.01844193228
-0.006633223034
0.0006368989707
0.02276416495
-0.02007543482
0.03451771662
-0.07088445872
-0.04201100767
-0.02433999442
-0.1572282016
0.006390106399
-0.1641758084
-0.03620044887
-0.1100998074
-0.0550891906
-0.02352634817
0.06434107572
-0.02944516391
-0.06796174496
0.04637039453
-0.03181126341
0.03221866116
-0.03010835871
-0.01430507377
-0.02476663329
0.1002497077
-0.2003605217
0.08335163444
0.06506086886
0.001279777382
-0.06443106383
-0.07384430617
-0.05892256647
-0.1209347621
-0.1210621744
-0.01810762659
-0.01906726882
-0.05233922601
0.02238502912
-0.1021009982
-0.05668319017
0.07463058084
-0.1124333665
0.1377647966
-0.02965301089
-0.04212801158
-0.01832856424
0.01407237537
0.07101426274
-0.1078542024
-0.2137500048
-0.1193141043
-0.01357964985
-0.07324630767
-0.1087854877
0.02581643686
-0.1035986841
-0.02289392985
-0.06521974504
-0.09510602802
-0.09060327709
-0.02748130262
-0.02308091149
-0.01798516884
-0.06728839129
0.0030871341
-0.01300684828
0.01974223182
-0.0534184128
0.176506117
-0.01356297638
0.03021933325
0.01067462377
0.04053996131
-0.04356962442
-0.03695008904
0.02975947969
-0.1215467453
0.007698319852
-0.0006406956818
-0.07242365927
0.04296419397
-0.0624986589
0.02836253867
0.002000528388
-0.0354982838
-0.06828209758
0.004155746195
0.008717921562
-0.01051800884
-0.1076773927
-0.00841728691
0.02356877178
0.04995869845
0.005503477529
0.004061635584
0.03530238941
-0.01094075199
-0.07598342746
-0.004297031555
-0.002305559814
-0.01833871938
-0.03495327383
-0.07294927537
-0.07814271748
-0.003408322344
-0.03339044377
0.02702736482
-0.02561994642
-0.0007964200922
-0.03771377355
0.01834667288
0.01335859857
-0.06895340234
-0.1000236869
-0.03445987403
-0.03506932035
-0.004430112429
-0.03499853984
-0.09229164571
-0.1186877191
-0.04942823946
-0.02809686586
-0.007748037111
-0.01883878
-0.0517886281
0.003096461995
0.1557824463
-0.04921593517
-0.05505783111
-0.03892030194
0.02150043845
0.08047080785
0.01002412755
-0.1097218022
0.1031767055
-0.003296145704
-0.05037358031
0.1415594667
-0.07964267582
0.002249754034
-0.03536343202
0.04151593521
0.0245844163
0.1047606841
-0.01390837971
-0.127135396
0.09480515867
0.03442193195
-0.1000065804
0.004947369453
-0.01480626315
0.1355655044
-0.09465571493
0.0008426972781
0.04966275766
0.05880594254
0.04559838399
-0.1367587894
0.05472204834
0.01428334229
-0.02393117547
-0.03572358191
0.1146105304
0.1336617619
-0.1161335409
0.08656854928
-0.03693339229
-0.0393146053
-0.02338315547
-0.2080015987
-0.1178113967
0.1513459235
-0.08579352498
0.1463780999
0.02937248349
-0.02014425211
0.1168904603
0.04908767343
0.05036579818
-0.07703208178
-0.02112897672
-0.04404177517
0.08568739146
-0.1762337536
-0.03177672252
0.02958827838
-0.1705892533
0.05827201903
0.04903251678
0.0251940731
-0.02441344969
-0.01134420559
-0.04909846187
-0.009669741616
-0.06070110202
-0.00334717473
0.04132973403
-0.008551689796
-0.001911904081
-0.009423366748
-0.04055208713
0.07785230875
-0.06786831468
-0.009414661676
-0.02313882485
0.02920958586
0.0006839899579
-0.04278539494
0.0120986877
-0.0137214819
0.1089794114
0.01733197831
-0.04161951691
-0.01216833293
0.004643448163
-0.01889520325
-0.04631283879
-0.1253953576
-0.08431651443
-0.01749390364
0.06975694746
0.1511566788
0.001394235878
-2.270864206e-05
0.04631675035
-0.04640783742
0.0219132565
0.02213362604
-0.144654423
0.0009724665433
-0.06874411553
0.06859639287
-0.01807290688
0.01661959663
-0.04198369011
0.02392360009
0.02428671345
-0.02347983979
0.007787012495
-0.05875503644
-0.000829840661
0.07545758039
0.1037712023
0.0175595805
0.05218296871
-0.06853443384
0.001565246959
-0.2021265477
-0.1444548666
-0.006458819844
-0.03388072923
-0.0545649156
-0.06893759221
0.2222320139
-0.1123058498
-0.2387440205
-0.01865008473
0.2479880899
-0.001994228922
0.007060717326
-0.1156227365
-0.06840616465
-0.1722114533
-0.004579432309
-0.03604837507
-0.01847117767
0.04500139877
-0.09910976142
-0.05376498401
0.1159108132
0.04100175574
-0.01098870486
-0.1990566701
-0.06393250078
-0.01927790605
-0.1565510631
0.02059798501
0.05433768779
0.1032456681
-0.01891296729
-0.002371561015
-0.01550030522
-0.06478139758
0.05738629773
-0.04532882944
-0.1179422885
0.06202328578
-0.1267871559
-0.2730738223
0.006980088539
0.06235727668
-0.02730610967
0.103014864
0.05949848145
-0.0750086084
0.1212768778
-0.02314251475
0.09543500096
-0.2176006436
0.03633478284
0.2018073499
0.01712401956
0.07417872548
-0.1399755925
0.07194538414
-0.1332398653
-0.125959143
-0.1570292264
-0.05622138083
-0.157685712
-0.05154447258
0.008293639868
0.01286819112
0.1539345086
-0.06177211925
-0.04178638384
0.003871268826
0.03493907303
0.04518360645
-0.01761825196
-0.02454398759
-0.04366996512
0.007036309224
0.1090982705
-0.1648275703
-0.0645423755
-0.08638468385
-0.04055608809
-0.2074920982
0.05233087018
-0.0413129665
-0.03894883767
-0.08514605463
0.1436163932
-0.02133903466
0.154842034
-0.01314421743
0.04912298173
-0.05847052485
-0.0171862077
-0.01718478091
0.08906765282
0.05531219393
-0.005549504887
-0.1875516474
0.09964901209
0.1732311398
0.1293026507
-0.03436535969
-0.05005576834
0.004827226978
-0.06545158476
-0.03669692203
0.02825216018
0.07733038813
0.02481981367
-0.09355004132
0.05539633334
-0.04779516906
-0.000340971339
0.04987643287
-0.03764438629
-0.008361595683
0.008128919639
0.02943481132
0.07929130644
0.00247070007
0.0792138353
0.02635647729
0.06325298548
-0.07232338935
-0.10476017
0.007720233873
0.06071827561
0.1472722739
0.008680322208
0.08617696166
0.02478262968
0.1834368557
0.1904735565
-0.03492201492
-0.1713384837
-0.06430140883
-0.003658434609
-0.004059957806
0.07953102887
-0.08751682937
0.05681505427
0.0007054919843
-0.1029903069
0.07654731721
-0.105444856
0.1538201421
-0.06887226552
-0.1084490865
-0.03899937496
-0.01722048037
-0.01121393498
0.03428159654
-0.03637476265
-0.01318353694
0.0268368274
0.1956950575
0.1104441956
-0.075215213
-0.01070154645
0.01821143739
0.06999639422
-0.09696663171
-0.3310450017
0.05721908435
0.1092996821
0.05009106919
-0.06999679655
-0.05058305338
0.006231055595
0.06184605509
0.005888756365
0.1331262439
-0.03436530009
-0.06313989311
-0.08023567498
-0.2567542493
0.194068253
0.08835654706
0.1130703017
0.1105393916
0.1315552294
-0.07807609439
0.0624617748
0.005030704662
-0.03645212576
-0.108794637
-0.03898938373
0.005864597857
-0.06538293511
-0.02055124193
-0.02427675016
0.05969764292
0.03537387773
0.002510194667
0.04815780371
0.142457664
-0.04632775113
0.02284725569
0.0004677774559
-0.07614216208
-0.03552253917
-0.11010544
-0.08175484836
0.04334646091
0.006337884348
-0.1153675467
0.006859083194
-0.002011384582
0.04490454495
0.1737078875
-0.07083403319
0.05433827639
-0.08158325404
0.04264777526
-0.05401819944
0.02486490272
-0.04291666299
-0.07886645943
0.01967254095
0.04540541768
0.04504464194
0.007166824304
-0.006156169809
-0.1271685511
0.06174553186
-0.02565886639
-0.006547174882
-0.01969620772
-0.05133230984
-0.04043054208
-0.03318977356
0.02024512738
0.005148535594
-0.09775584936
0.03620780259
0.005815327168
0.01321907528
-0.02087869123
0.005492956378
-0.06019109488
0.03639705479
-0.06168173254
0.02785873413
0.006206134334
0.0500401482
0.0330516398
-0.02595756203
0.02579468861
-0.001564595499
-0.01908930577
-0.03522161022
0.06241415069
-0.02385883778
-0.05191076919
-0.04630443454
0.03178192303
0.001420076704
-0.2113901079
0.01823747903
-0.02428876795
0.01874045841
0.02043528296
-0.1962258369
0.1040260866
0.08463905752
-0.07214453071
0.03861493617
-0.1271627247
0.02689019777
0.01245460752
-0.04278014973
0.07282687724
-0.003482301254
0.0039905468
-0.04718930274
-0.03747420758
-0.02888674289
-0.1958578974
-0.1086636335
-0.01948450878
-0.02032454684
-0.1041451618
0.03553845733
0.05632393435
-0.08816603571
-0.01815017685
-0.1324459612
-0.07483113557
-0.03085306473
-0.01606097072
0.07590105385
0.1197264791
-0.1035807654
-0.05078581721
-0.06288328767
-0.01650221273
0.03758366778
0.04560583085
-0.02670251951
0.05696553737
-0.1915618926
0.04033831134
-0.0268400237
-0.1114744991
-0.004882055335
0.07143618166
-0.02925899066
-0.04208457097
0.05939048529
-0.1831356883
0.1498919129
-0.03623379022
0.01818916202
-0.1376165003
0.01654876769
0.1368359327
-0.01859813556
-0.05254594609
0.1206597239
-0.1505811065
0.04316721857
0.009864990599
0.0003415931715
-0.06900199503
-0.0542345047
0.09078606963
-0.01387852244
-0.02316434309
0.08682910353
-0.01812811196
0.1006211191
-0.04392904043
-0.05015739799
0.06000403315
-0.04743124545
0.0689112395
-0.05491644517
0.05301088095
-0.02997329459
-0.02873287164
0.1127061993
-0.1210438609
-0.1709006876
-0.04298436642
0.03419340774
0.1121615991
-0.04241678119
-0.06347257644
0.0244101882
-0.02176123299
0.01261979621
0.02997972816
-0.02489698865
0.06847896427
-0.01978168078
0.0149203958
0.03246964887
-0.03725879639
-0.04708603397
-0.02182169072
0.02297654375
0.09998457879
0.03442970291
-0.02894138359
-0.03588899225
0.1041748449
-0.04352404177
0.08808995783
-0.01592393592
0.06083099172
-0.02674263529
-0.01146408543
-0.02022421733
-0.06486642361
0.01030032523
-0.005289024673
-0.00393413892
-0.06522736698
0.03410003334
-0.03271333873
0.05819889531
-0.04921573028
0.08847547323
-0.05415310338
0.09169878811
0.01714646816
-0.0337825492
-0.04923357442
-0.1572290659
0.002501980867
0.01781317405
0.03057835624
0.1677704602
0.03886453807
-0.02212003805
0.06873215735
0.04567861557
-0.02224924043
0.1432256997
-0.1602918506
0.06923860312
0.03994879499
0.002200992312
0.07054220885
0.284175396
0.1678522676
0.1826815754
-0.04894671589
0.08311047405
-0.0448233746
0.1219012812
-0.1543423384
-0.03662906587
0.03175055608
-0.1272945255
0.09913130105
0.01546059363
0.1759416163
-0.1364924759
0.06700453162
-0.1374471039
-0.0854524374
-0.113809377
-0.03165189177
-0.01342548523
-0.07986751199
-0.09266280383
0.09907463193
0.04314279184
0.03107832745
-0.06854110956
0.1773013771
-0.0810874328
-0.07055685669
-0.01343992818
-0.02693827078
-0.03110969253
0.1175818071
-0.2558887303
-0.01333432924
0.06607252359
-0.03126706183
0.09825961292
-0.03748541325
-0.06406179816
-0.1231574416
0.06199311838
-0.04818728194
-0.03231492639
-0.04057869688
0.06450335681
0.1593698114
0.1568991691
-0.1625316739
-0.04127835482
0.1625839621
0.1177828759
0.09413337708
0.04180174693
-0.03982210159
0.006899605505
0.1024353355
0.1947244704
-0.08555647731
-0.04815798253
0.01199173834
0.008924350142
-0.06548470259
-0.005109670572
0.02842553146
0.05244407058
-0.02007757872
-0.04824327677
0.1526129395
0.04537411034
-0.04531415552
-0.08999824524
0.03864872828
0.05677008629
0.05091876537
-0.08032179624
-0.1031866446
0.2585299909
0.04186460376
0.04428930953
-0.02468393929
0.02051500604
-0.04561929032
-0.02209118195
-0.08210864663
0.004536327906
0.05294169486
0.007126563694
-0.008937470615
0.03524263948
0.1046086997
-0.009282502346
0.1214425266
-0.03244583309
0.05023918673
-0.09868736565
-0.04541319981
0.03270232305
-0.08781336248
-0.01463895477
0.1008190289
-0.08208842576
-0.06283858418
0.07022964209
0.0611615479
0.08840338141
0.02173355781
0.04172828048
0.1746054441
0.1132393181
0.08140446246
0.08823709935
-0.07214854658
-0.02075926773
-0.07929637283
0.1578233689
0.01078619435
0.08352965117
0.01113741659
0.01062819455
-0.1984739751
-0.01993866451
-0.1089338064
-0.04855329916
-0.2705911696
-0.212230891
-0.08591711521
0.03301551566
0.08781889081
0.09526510537
-0.01706748828
-0.00520341238
-0.09793036431
-0.09239652753
0.04256590456
-0.03558348119
-0.004342834465
0.06354836375
-0.08580572158
-0.103540346
0.1215372309
-0.04077245295
0.003440855304
-0.1229587868
0.01107154693
-0.1303610951
0.00473175291
-0.112410821
0.06786949933
0.1621440351
-0.08317020535
-0.0287770275
0.03023416176
-0.06648950279
0.0113521684
-0.02776852436
-0.06237360835
0.05063581094
-0.01189465821
0.2496034652
0.1562977582
0.04151280597
0.07480797172
0.1480356455
-0.1299149543
0.0727597326
-0.04839207605
0.03140247986
-0.003265221603
-0.1551028192
-0.05686250702
-0.1443763524
-0.01471673138
0.1408804804
-0.02844074368
-0.1235296428
-0.08503803611
-0.01992843673
0.006976475473
-0.0648894608
-0.01847253367
0.002225043718
0.08555548638
0.0123593118
-0.02006041072
-0.02707424574
0.04921297729
-0.0113735171
-0.172954306
-0.0008373862365
0.0717439875
0.04627614096
-0.1310510933
-0.0205972027
-0.01150866225
-0.02220481448
0.008928071707
-0.01892219111
-0.07375362515
0.02323847078
0.05675527826
0.02360077202
0.01165531762
-0.04358643293
-0.1172473803
0.1476122439
0.0362926349
0.03361352161
-0.01451953314
0.02089266293
0.0131947808
-0.08024901152
-0.00896892976
0.07684183121
0.0002659799356
0.008912403136
0.08605016768
0.04467389733
-0.009575810283
-0.02595684864
0.01233244874
-0.06418118626
-0.05149137229
-0.0134590175
-0.008471675217
0.02562602609
-0.01021733694
0.05122059584
0.08274850994
-0.05407953262
-0.07415530831
-0.03453141451
-0.05859324709
-0.05213977396
0.02095916122
-0.01689639874
0.00530895358
0.1023305729
0.003322647419
0.06290953606
0.04679282382
0.1465278566
-0.06415461749
0.1095883548
0.04730844498
0.1081410497
-0.03231330961
-0.1101235226
-0.002672410803
-0.02446458489
0.01307217591
-0.1373594999
-0.09583921731
-0.00856279023
-0.1611530334
0.1839935035
-0.05529753119
-0.03496493399
0.04320820794
-0.1800016314
0.01402596943
0.1338936388
0.07626346499
0.06481926888
0.04147996381
-0.04031766951
-0.05025850236
-0.07723784447
0.03388432413
0.2795708776
0.0345428437
-0.1149543747
-0.07956381142
0.1367713362
-0.09359937906
-0.01569962502
-0.02180228382
0.1313126981
-0.05994454399
-0.02906123549
0.05392720178
-0.1286623478
-0.3159046769
0.1317799836
-0.1636807919
0.05137620121
0.05028331652
0.1110125184
-0.2716349363
-0.08873735368
0.04589921609
-0.06757091731
0.04649123177
-0.05762733519
0.1538663208
0.02284012549
0.02428001724
0.1423456073
-0.2753039896
-0.2006019652
-0.03780926764
-0.04839612544
0.07946448773
0.002225790871
-0.03794508427
-0.01363938581
-0.05185199529
-0.1576453149
0.08849008381
-0.03012796491
-0.01968025602
-0.0811874941
0.005459599197
0.03409188613
0.00564273959
0.0648560971
0.1305034608
-0.06819334626
-0.04729421809
0.02911650203
0.05461552367
-0.1249815673
0.07329826057
-0.1178879961
0.1138288081
0.05228254199
0.1345705241
0.01329027116
-0.04090739414
-0.07620833069
-0.08659502864
0.01418807264
-0.01366753876
0.0908107385
-0.1451778114
-0.1094507277
0.09402834624
0.04875643179
0.04238374531
0.01528788358
-0.1082261801
-0.01394169126
-0.06151591241
-0.00370200118
0.114562124
-0.0765889436
-0.2538596988
-0.01602112316
0.008769346401
0.07961517572
0.06469686329
0.04819308221
-0.02732281759
-0.1223774552
-0.01129872538
-0.08563655615
0.007282337174
-0.01587644592
0.01802887954
0.08444534242
-0.02834596857
-0.1532219648
-0.1659932584
0.1665449291
-0.09392278641
0.04610639066
-0.1370480806
-0.1335079968
0.2029142082
-0.03773546964
0.09293851256
-0.005252336152
0.04213641956
-0.05964028463
-0.1219124123
-0.009525391273
0.03129759058
-0.001594950096
0.001807657769
0.03745985404
-0.09047684819
-0.007350086235
0.0454551056
0.007271010429
-0.04253455624
0.09563628584
-0.04324974492
0.05247826129
0.03557370603
-0.06330425292
0.0385922119
-0.03203285858
-0.09156440943
-0.03544454277
-0.05323812366
-0.01932573877
-0.1028065905
0.01143297832
-0.1423304081
-0.02043619007
-0.03296986595
-0.009954285808
-0.01364800241
-0.1241753623
0.02569750138
-0.04210070521
0.02950847149
0.02496417984
0.06117711216
-0.06669013202
0.08158340305
0.1301667243
0.02736763656
-0.07413382828
0.07210277021
-0.09791955352
-0.008499307558
-0.1016319618
0.06755234301
-0.090146631
-0.08676918596
-0.009938906878
0.05410999805
-0.01197725814
-0.03343292326
0.0301420074
-0.1097650453
0.09849979728
-0.1041268036
-0.05918566883
-0.07686796039
0.01585383341
-0.07014065236
-0.002097227843
-0.0131245954
-0.04039484262
-0.02641268075
-0.004225896206
-0.06616272032
-0.006659723353
0.05904633179
-0.004104431719
0.07814802974
0.0004320464795
-0.007358622737
0.004630106501
-0.01115134172
0.007739356719
-0.02996842936
-0.06043179333
-0.004982297309
-0.03789782152
0.01422887854
0.003510352923
-0.01525969803
0.007628756575
-0.04904696718
-0.01652701572
-0.05765318125
0.0140305981
-0.06155771017
-0.02666374855
-0.02975742705
-0.02796103805
-0.02810882218
-0.05515995622
-0.01547129452
-0.06101057678
0.08594736457
0.01025165897
0.001783128246
0.01650037058
-0.02206057869
-0.002258515451
0.02361962199
0.004931598436
-0.02641688287
0.09002637863
0.01143083535
0.03595908731
-0.01895181835
0.02257714421
-0.0327263549
-0.04518955946
-0.05775365606
0.02367101982
-0.0217130892
-0.02244320139
-0.01873676293
0.09100827575
-0.02265283652
-0.002470580861
-0.009168706834
-0.005504492205
-0.009026185609
-0.05152175948
-0.04098880664
