-0.1829429269
0.07918100059
-0.2914961576
-3.797339377e-05
-0.001513662515
0.09170082957
0.001160988584
-0.0004537701316
-0.001265649451
-0.008538356982
-0.03151556849
0.001508141053
-0.03156974167
-0.004827410914
0.0001319623843
-0.0002853604674
-0.02765858918
-0.02483526431
-0.01614337228
2.590702252e-06
0.0001771562966
-0.006403104868
-0.0001513354946
0.000250593439
4.782844553e-05
0.001392247505
0.001953851199
0.0002267465752
-0.01733126119
-0.01963857003
1.719009015e-05
1.381094353e-05
-0.009168206714
-0.005986273754
-0.005406844895
-2.345536359e-06
-2.665459033e-05
-0.003665573196
-3.223372914e-05
0.0002233587729
-1.901170253e-05
1.09831235e-05
0.0006748195738
3.060144081e-05
-0.004790199455
-0.004476369824
1.261980401e-06
-2.975996358e-05
-0.01555935852
0.05158803985
0.02408627421
-1.660602265e-06
-0.0001683434821
0.002937688492
0.000126121784
-0.0001806133951
-4.426086889e-05
-0.001020293101
-0.001126161893
0.001405674033
0.01358793117
0.03527682647
8.867450561e-06
-1.605076613e-05
0.2027979493
0.5558677316
0.4155090153
-3.776603262e-05
-0.001281390199
0.2121858597
0.0008995581302
5.333247827e-05
-0.0001722836896
-0.006398316938
-0.02376383357
0.000467484293
0.08444965631
-0.07492758334
-2.659657548e-05
-0.0003301749239
0.01844108477
-0.07081707567
-0.07540766895
1.006570437e-05
0.0005605217884
-0.009755762294
-0.0003169802658
0.0003146726813
-6.730246241e-06
0.003150869394
0.001120839966
-0.000149843574
-0.03961727768
-0.02632876299
0.0001538110519
8.332568541e-05
-0.318667084
0.3077782393
0.2121225297
-3.188394476e-05
-0.0006080333842
0.004991089925
0.0002738210023
-0.0003169290139
0.001099583693
-0.003167691641
-0.02503162809
1.11366935e-05
0.007620872464
0.2098055333
-0.0001092792154
-0.0001430876873
0.009361106902
0.00521645043
-0.009482283145
1.74315403e-06
7.232440112e-06
0.002018216532
1.895258902e-05
-0.0001470031712
4.270466889e-06
1.665847412e-05
-0.0002135070681
-3.877242489e-05
0.002805968747
0.002381432801
-1.419749537e-06
1.207968489e-05
