-0.003250793321
0.001363073126
-0.0007174374769
0.002623776905
-0.0002522119903
0.000507332501
0.005712867249
-1.200423867e-05
0.005000696983
0.001985015348
-0.0001090997466
0.0005644199555
-0.0004491664586
-0.002518820344
0.0009258323698
-0.0001673568331
-0.002116900636
-0.0001990256133
0.002961789956
-0.002402975922
0.001625154051
-0.001257092576
0.001268905005
-0.003429907374
0.0003069466911
0.00071661314
-0.002077221172
0.0005740518682
0.0003533113922
0.002483704593
0.0001399850298
-0.001438502688
-9.586437955e-06
0.001008043531
0.0005831021699
0.001985654933
-0.0009061805322
-0.001438748324
-0.001980644418
-0.001180411899
-0.0006353004137
0.0004264658492
0.001337764668
-0.0001299164869
-0.002495964291
-0.003031531116
0.00139566313
0.000618526421
0.003082403913
0.00156735268
-0.00250941352
0.000597788021
0.0006837694673
0.0004368561495
-0.002267395146
-0.0007317516138
0.0001806559158
0.005950783845
0.001423554844
0.0003573099384
-0.0004783386248
0.0003437906271
0.002947495552
0.0007808429073
-0.0002541130816
9.265218978e-05
0.001305275713
-0.001512117567
0.0003586434177
0.0009716225904
0.002377050463
-0.00138525269
0.001446912065
-0.002054659883
0.001190937357
0.00105224445
0.0001193733187
0.003895774717
0.001920049661
-0.0005538065452
5.344102465e-05
0.0001145992355
0.004726308864
0.001723054796
0.003271397902
0.002224593423
-3.73310213e-05
0.003972104285
0.0006336077931
0.002909353003
-0.001063688425
-0.001910098596
0.0008783228695
0.001689813798
0.001069138292
0.0005013546906
0.002690920606
-0.0004163598933
0.002006059745
0.005778017454
0.002230235608
-0.0006225543329
0.0001298915449
0.004466427024
0.0008846037672
0.0008120905841
0.003132833634
0.0001721544686
0.001762429136
0.002455865266
0.002671858994
0.0005270401016
0.001631503692
-0.0005088900216
0.0009597967728
0.00105892506
0.0007990715094
0.0005983503652
0.000213316569
-0.001533462782
0.001274154172
0.0005272118142
0.0008244865458
-3.490909876e-05
0.0004465351813
0.0005619326839
0.004183258396
-0.0002504091244
-0.003074584994
0.002713216934
0.001204872504
0.001081432449
0.004463338293
0.001014929963
0.007563208696
0.003614051035
0.001084410818
0.001302170916
0.001076654415
-0.001291751163
0.0032368924
-0.008205891587
-0.001572435955
0.0008380042273
-0.004132468719
-0.002243433846
0.008304444142
0.002594961319
0.002031305339
-0.001751218457
0.002441175282
-0.006273517385
-0.001104970695
0.002521377988
0.0007652758504
0.003089282196
-0.0001645134034
0.002143535996
-0.0004817176086
-0.001287394203
-0.0002811106679
-0.004997966811
-0.002435527276
0.001141208108
-0.00118811382
0.002170807216
0.001242686645
-0.00119342003
0.0003932352702
0.002159124473
0.002552553313
-0.0001464429515
-0.003135233186
-0.00393721927
0.0002383670944
-0.001878370065
0.001547594904
0.003635617904
0.002179015195
-0.0002950833587
8.969473129e-06
0.005913647357
0.002318191109
-0.001402462833
-0.0001146335271
0.004305567592
0.005503064953
0.001915729372
0.002632086165
-0.002720618853
-0.002716714982
-0.001120295143
-0.001693635597
0.00105470675
0.006604367867
-0.0001810886606
-0.00122422073
-0.003906177357
-0.0002077820827
0.00352596608
-0.002511291765
0.003319964278
0.001284683938
0.004121539183
0.001791053219
0.003777393606
0.004468793049
0.0004359104496
-0.002395680174
-0.001238924218
0.008016849868
8.614537364e-05
0.0008971734205
0.002717196243
0.003059771843
-0.00074197707
-0.0008586939657
0.003634039313
-0.0007282925071
-0.0003493381664
0.00217652414
0.002108681947
0.0003711478785
-0.001197970239
0.002881620545
-0.001950215548
-4.132114555e-05
0.00397949107
0.001664972398
-0.001840186189
-0.001023933524
0.005247572903
0.00306356512
-0.002045348519
-0.001281403704
-0.001584114507
0.001181921107
-0.003763485234
0.0002457902883
-0.003675249172
-0.00148811168
-0.002505643293
0.003311740467
-0.0001905944664
-0.001265401021
-0.0008715038421
0.004071566742
-0.0004286500334
0.005554110743
0.0002726391249
0.004310401157
0.004870744422
-0.0008431492024
0.0007400242612
0.004204223398
-0.001645989716
0.01434480958
0.00036223809
0.005049559288
-0.007742669433
0.001163039356
-0.003625299083
-0.01282310393
-0.00583845377
-0.001114710234
-0.004782958422
-0.003611504799
0.0003793472715
-0.001943790354
0.0007234078948
-0.0003640509967
-0.007445394527
-0.002282213187
-0.005871473812
-0.01988723688
0.006297637708
0.002085894579
-0.001268223976
-0.004455029033
-0.007629632019
-0.0009944399353
-0.004357825965
0.003322811332
-0.005170321558
0.01117925532
-0.003822938539
0.002151153283
-0.0008180773002
-0.007153166924
0.003358846065
-0.007052545436
-0.003977391869
-0.001769420574
0.007134810556
0.006304347888
-0.003916133195
-0.004283909686
0.003626793856
-0.003687948687
-0.001700044377
-0.003984315787
0.01341684628
-0.0002612693061
0.004589226563
0.001035931055
-0.008361097425
0.007088302635
0.009110447951
0.002461636905
0.00952943787
0.00225279876
-0.003248030553
-0.00022844458
-0.002965264721
-0.003398250788
0.0006294109626
-0.00224000006
0.006497536786
-0.0001291999361
0.003714377759
-0.0008645612397
-0.003688976634
-0.004356195685
0.003020863049
0.005726555362
-0.003232151037
-0.002968921326
0.002020066371
0.009102829732
0.01126830187
-0.0007050913409
-0.003473227378
-0.004056830425
-0.01195558254
-0.005575445015
0.002601118758
-0.002089980058
-0.002909566509
-0.01973258704
-0.005258718971
-0.004216442816
-0.008125048131
-0.001057209331
-0.00484857196
-0.002356015844
-0.008631427772
0.001715805964
0.002143415855
-0.001940716524
-0.002126837848
-0.001291531371
-0.002136804396
-0.009942117147
-0.0005988141638
-0.004482172895
-0.01375201158
-0.003502258332
-0.0006569208927
-0.001108017866
-0.005313084926
0.001827089
4.696076212e-05
-0.009376609698
-0.0008393735625
-0.003241537604
-0.001306475955
-0.006591682322
-0.003956831526
-0.001839886187
0.002947937697
-0.001632910687
-0.00197058171
0.0009788058233
-0.00119205052
0.002534986474
-0.004902326502
-0.005883910228
0.001541760634
-0.01013972331
-0.009886448272
-0.002851560479
-0.002176965121
-0.004501805641
-0.001049115206
0.02074757963
-0.01228282414
-0.006858523469
0.006635299884
-0.002197192516
0.003528066445
-0.007378663402
0.004251849372
0.005660889205
0.003508846508
-0.008719945326
0.0007788175135
-0.001645567478
0.007541903295
0.01164039411
0.001386890188
-0.002329022856
0.004078620579
0.006265112665
-0.0135256201
-0.01947244629
-0.01204908174
-0.007121338975
-0.002763276454
-5.414150655e-05
-0.005316574592
-0.00407537818
0.004323833156
-0.01314469241
-0.003943200689
0.01489622332
-0.001365443924
0.001257399679
-0.009188694879
-0.00709654158
-0.01241960377
-0.001554057817
-0.01528838463
-0.01068144478
-0.01052840147
-0.003477122867
-0.002483285032
-0.003111956175
-0.001598479925
-0.001775044249
0.004045459908
-0.01814958826
0.002268628217
0.007125753909
-0.001107002143
0.01349620894
-0.02003242075
-0.005905905738
-0.01651762798
0.004672762938
0.007436232176
-0.001165471855
0.009533762001
0.0009605655214
-0.01080749556
0.0006541208131
0.009152311832
-0.01647530496
0.02097922377
-0.001646266435
0.003568567801
0.007670443505
-0.001019639196
-0.008710606955
0.0002830864687
-0.001739580883
0.001999588916
-0.006653284188
0.01255844347
2.236927685e-06
0.005611374509
0.0008532265783
0.001617977978
0.01919069141
-0.003743724432
-0.001673640683
-0.001412868965
0.004295491613
-0.0007990930462
-0.0005135523388
-0.002053803997
0.002336893231
-0.005343723111
-0.00420165807
-0.003785460023
-0.0007780527812
-0.002602536697
5.628049257e-05
0.0008571377257
-0.001055366243
-0.002562710783
0.001293301582
-0.001090126461
-0.00367612089
0.004161676858
-0.004536760505
-0.0007296572439
-0.001739857602
-0.01310725696
0.00739585422
-0.001722897519
-0.006585647352
0.0005646394566
-0.003933717962
-0.002622138476
0.003673079889
0.001968819415
0.007398377638
-0.001130318735
0.0007141403039
-0.005949602462
0.002562267939
-0.005934679881
0.006896756124
0.001879063086
0.01364744548
0.008186037652
0.002637496218
0.004679414909
7.518765051e-05
0.003207062604
5.161742592e-05
0.00475033652
-0.01475832891
0.006512694526
0.004184493329
0.009295086376
0.003462165128
0.008078737184
0.008460471407
0.001731039258
0.01278388314
-0.002099903533
0.002330179326
0.004868633579
0.004537563771
-0.007155354135
-0.0003839783894
0.006663564127
-0.003814348252
-0.0007476917817
0.006966103334
0.0008748872788
-0.003178767627
0.002415986033
0.007329916116
-0.009049859829
-0.0007563608815
0.00484335795
-0.003247485496
0.007790700532
-0.00693699345
0.000719884003
-0.000832379912
0.00376890786
0.005858732853
-0.003847962478
-0.002139559714
0.01103992853
-0.001951485756
-0.003262044629
-0.0004453191941
3.608376574e-05
0.007612893358
0.01179554034
0.007034313865
-0.001859421493
-0.004687928595
-0.002021205379
-0.00253140647
0.003933003172
-0.006323205773
0.002027535345
-0.009249385446
0.00859296415
0.006424748339
0.0009548185626
-0.005272156559
0.003031030996
-0.003361246316
0.01706958935
0.00327506382
0.003860877827
-0.0007891372661
-0.002813817002
0.01051035244
-0.01384839229
-0.002246699063
0.0006107205409
-0.001167360926
-0.0007373701083
-0.0001612538326
0.004645920824
0.002640792402
-0.002113852883
0.0002554632374
-0.01266628131
0.004772315733
-0.007730735
0.001971685095
0.005969075486
-0.01943855546
-0.001805346925
0.002678387566
0.002205107594
0.001594674424
0.01013079938
0.0008630928351
0.004989415407
-0.001884046476
0.003432594007
0.004000868183
0.006166929379
-0.002193294698
-0.003922845703
0.00230946904
0.001827954198
0.00112821057
0.003000414697
0.005258463323
-0.001206479967
0.005089764018
0.004557043314
0.001244475832
-0.001238004072
0.002023039386
0.0113285305
-0.002025533002
0.005451478995
0.01180581469
0.0001521981176
0.00501525728
0.005012937356
0.003092442872
0.0007656895323
0.003582703648
3.082172498e-06
0.0009578018216
-0.0001083444222
-0.005511775147
-0.0008148192428
-0.008944425732
0.002691505942
-0.009092080407
-0.00103104976
-0.006758228876
-0.002538660308
0.0005069939652
0.0004873029829
0.009502424859
-0.007130357902
-0.005229161587
-0.02538454346
-0.006469054148
-0.04960466549
0.007144421805
0.005352272186
0.04819507152
-0.0212833602
0.008324043825
-0.01418008469
0.008703245781
-0.03205820173
-0.005728374235
-0.01121135987
-0.03677137941
0.04675943404
0.0397086516
0.01789046079
0.01438541338
-0.03675502539
-0.03284781426
0.00478923507
0.02393093705
0.009840117767
0.01922307536
-0.005894759204
0.005872868467
-0.05909342691
-0.03523890674
-0.06810354441
-0.006136768963
0.01121314429
0.001801436185
-0.02326607704
0.002146720421
-0.05114688724
0.0003356453381
-0.03104296699
0.01938796788
-0.006033217534
0.003764519934
0.05185731873
0.02582437173
0.0137088038
0.04956640676
0.007077541202
-0.001069092192
-0.01340184174
-0.0004678771948
0.03094694018
-0.007250610273
-0.03985323384
-0.04087423906
0.01328142639
0.03462537378
-0.01369614433
0.04122569039
-0.03198591247
-0.02607768215
0.0008406557608
0.03416826576
-0.02766311169
-0.04440294951
0.02538774721
0.005956616253
-0.002538552042
0.02233192883
-4.082744272e-05
-0.01892460138
-0.01501965523
-0.001865052152
-0.02575730532
0.002152799629
-0.03266634792
-0.005295324139
-0.03777482361
0.03426012769
-0.01911218837
-0.03858637065
-0.01934890077
-0.00739059737
0.007238634862
-0.01283100992
-0.001902507036
-0.002708691405
-0.003761996748
0.007510158233
0.0008769413689
-0.004436843097
0.002727388404
0.002149948385
-0.01654620096
-0.001953357831
-0.0102785537
-0.01272432599
-0.007137190085
-0.02056457847
0.004765196703
-0.001709783915
-0.03557323664
0.004797509406
0.003679554211
-0.00401381962
-0.01865124702
-0.02504363097
0.002718255855
-0.008940646425
-0.004295961
-0.006016707513
-0.003213689663
0.01318593323
-0.005693324376
-0.01230900828
-0.007843662985
-0.01739771292
-0.008556134999
-0.01143819559
0.009552686475
0.005443271715
0.02578027546
0.002520936308
-0.01064157486
-0.03041094542
0.002443220699
0.0001792891999
0.008518770337
-0.004937740043
0.0241762232
0.02898630127
-0.01371055003
-0.01246917993
0.005677641835
-0.005743635818
0.002881910419
-0.01486164052
0.006763620302
0.01597320475
0.004461659584
0.002860411536
0.01216649171
-0.004148819018
0.01898455247
0.02961980924
0.01119460817
-0.004235920496
0.004293756094
0.00196531089
-0.02139000408
-0.0400066562
-0.0181286037
-0.004568985198
-0.01128602866
0.002997016069
-0.001726169605
-0.01971169189
0.003519735299
-0.04154181108
-0.01047034934
0.02610642463
0.00381631148
0.005198761355
-0.01047004014
-0.01476119831
-0.01323501486
-0.01016198192
-0.02987571992
-0.02563984133
-0.02068570256
-0.002433204558
-0.0006570318365
-0.001485361368
-0.002952205716
-0.00378069724
0.009843419306
-0.02154279314
0.004639313091
0.003541125217
0.00627214415
0.0220427718
-0.0266094394
0.01985812932
-0.02867187187
-0.001496641431
0.01736262254
-0.01333169732
0.008581948467
-0.003353536362
-0.007164620329
-0.003850464709
0.02440853603
-0.01639677212
0.05656288192
-0.001075279666
0.009381243959
0.004557739478
-0.002680093981
-0.0148889143
-0.000835524057
-0.00703478232
-0.002982100705
-0.01108448487
0.007316594943
0.004089200869
0.003386809956
0.01222152542
0.003120641457
-0.003585605882
0.005512156524
-0.003729326883
-0.0004656886449
-0.001560775214
0.00513006188
-0.01082067471
0.001381511567
0.005400656722
-0.01795560867
-0.00758770993
-0.002932709875
-0.00192265911
-0.003603201825
-0.003108222969
-0.0009687085985
-0.001467376482
0.0006529843668
0.005134365987
-0.002194817876
-0.01016150042
0.007755104452
-0.01526018046
-0.0003959380556
0.001062971773
-0.01154530607
0.002697517397
0.001893206383
-0.003733201418
0.0001321765594
-0.0111953849
0.002675157273
0.01097610965
0.005647498183
0.005450886209
-0.002092209877
-0.0004607082519
-0.006585387047
-0.002176511101
-0.006312877871
0.0005919953692
0.006331915502
0.00367324031
0.008200622164
0.000545858813
0.006420294754
-0.0006982976338
0.005737452302
0.004472266883
0.004727922846
0.01012587082
0.01568033919
-0.001706509036
0.02725035883
0.00952611398
0.01804446056
0.004827340599
-0.002042796696
0.02263650857
0.002673834329
0.009332915768
0.03989810869
0.005829248112
0.03341586888
0.04136231914
0.006749753375
-0.0178498812
-0.01132771093
-0.002223018557
-0.003522420069
0.01023420226
0.003951689228
0.01254984364
-0.007916632108
-0.003252872266
0.003303536447
0.001751678297
0.01684851944
-0.01994360238
-0.003960003611
0.04734573886
0.005357099697
0.02403177693
0.01212238986
-0.01059367973
0.0303306859
0.008439905941
-0.0144846281
-0.01320057921
0.001580945216
0.01812597737
0.02944310382
0.01454431564
-0.01027658768
-0.007442962844
0.00789802894
-0.01257459633
-0.0002331377618
-0.01050012
0.01236532256
0.01395748649
0.01248710789
0.02260714397
-0.01017790381
-0.006282227114
0.02900471166
-0.01056006551
0.0193878822
0.004893447738
0.01268896181
-0.007420022972
0.03657143936
0.0142105734
0.009053951129
-0.0002278155298
0.00431740284
-0.01312100142
0.00977241993
0.006378520746
0.01797737367
0.002729893196
0.003817625577
0.0003743357956
-0.00902397465
0.01670848392
-0.009581188671
0.003386090975
0.0108333854
-0.02596109919
0.01257291529
0.001217084704
0.002523360308
-0.0175706353
0.01771109737
0.003963272553
0.001301512821
0.005420017056
-0.005256404169
0.002415945521
-0.001410477911
-0.004948949907
-0.006393415853
0.0007705981261
0.0005600409932
-0.0005384362303
0.007643109653
0.01945531368
-0.001897540176
0.0003131313715
0.004198653158
0.0002111260692
-0.003769295756
0.008014781401
0.01498364937
0.007015469484
0.014580396
0.02444154583
-0.00165675662
-0.002520173322
0.01778233796
0.007623968646
0.007094340399
0.0058412496
0.007974827662
-0.0002509782789
0.0007504531532
-0.00703865895
0.001303542289
-0.01483897027
-0.001226265682
-0.02580071054
0.001987420721
-0.01466016378
-0.012550449
0.000741405529
-0.002768907696
0.009106225334
-0.01446130406
0.00211431575
0.0004551403981
0.007320599165
-0.001112254802
0.0009063259931
-0.002829791745
-0.004360038321
-0.0007444903022
0.000499850139
-0.00451211445
-0.00279784156
0.0009161452181
-0.0001923428063
-0.008649060503
-0.003580828663
-0.0005391408922
0.001731640659
-0.0007704842719
-0.001869049389
0.004081661813
-0.004305351991
-0.0006810024497
-0.0005804815446
-0.00394179346
0.0003038943396
0.002485061763
-0.0005787802511
-1.814125426e-05
-0.004015732091
0.0001934208994
0.002469654428
0.001878762385
-0.003494631499
-0.001688631019
-0.0005980370333
-0.001980486792
-0.002904094523
0.005778264254
0.001707510906
-0.001012084424
0.003086180426
-0.002490163315
-0.0001070964936
0.001634600922
-0.005136076827
0.002557214815
-0.003271631198
0.0009034170071
0.001159265987
-0.003636888461
-0.000250210287
0.003751625074
0.0007213671342
0.005267313682
0.002192015992
0.000626661058
0.0001999890956
0.002046613721
0.0004423787759
0.000418954849
-0.0007479462656
8.180920122e-05
-0.001613203553
-0.0009401928983
-0.0008042496629
-0.0001514407049
-0.0004473195295
0.000720006763
6.271890015e-05
-3.440304135e-05
0.001317569986
-0.002321045613
0.001588897081
-7.749274664e-05
-6.471538654e-05
-0.002471028594
-0.0008261960465
-0.005891200621
-0.007679573726
-0.001343112555
0.00200524996
0.000676973199
-0.007646169513
-3.383006333e-05
-0.0009355254006
-0.003320733085
-4.535482731e-06
0.001304631121
0.001191917574
-3.342907803e-05
0.0009606549283
-0.000850228651
-0.0006627280964
0.00028241158
0.0007391637191
-0.0009250634466
-0.004841999151
0.0003366145247
0.0007052457076
-0.008707211353
-0.002012436511
0.0005825776025
0.0006393613876
-0.001856180839
0.0002400353551
-0.00028291333
-0.0004061179061
0.001045149053
-0.001148495823
-0.001156710205
-0.002647754969
-0.0006207029801
0.001587224309
0.0003952075494
0.0004285835312
-0.001476615318
-0.0001206783636
-0.0006075798301
-0.002674204763
0.000229149271
-0.004747988656
0.00256968895
-0.005981780589
-0.004107193556
-0.0008460209938
-2.281855632e-05
0.0003076726862
-0.002995213028
0.01982418448
-0.008742704988
-0.003755709622
0.0004333848483
-0.0006973022828
-0.001800016267
-0.007398029789
0.000973009388
-0.004393555224
0.004887178075
-0.007969619706
-0.0007571742753
-0.00321124983
0.01003026776
0.01085551362
-0.004361659754
-0.001705996459
0.00111488055
-0.003569811815
-0.007267683279
-0.007998210378
-0.008784299716
-0.006943352055
0.002726561157
-0.001134062419
-0.00419777073
-0.000550849305
-0.0001605458674
-0.004417649936
0.001568200765
0.0163605772
-0.00322447787
-0.001061572577
0.001101039932
-0.00105281733
-0.00991653651
0.00272485707
-0.005255303811
-0.007148795296
-0.008052762598
-0.003155472688
-0.007885866798
-0.003697679378
0.0006856613327
-0.002474887529
0.0035988132
-0.009739778936
-0.002070302842
0.006859855726
-0.001487772213
0.01276866253
-0.01387697458
-0.004860674962
-0.009827467613
0.003820692189
0.004211917985
-0.001154027996
0.005437723361
-0.0002697213204
-0.006855488289
-0.001256423886
0.01168156974
-0.01003653836
0.01678580977
-0.0003541398037
0.001329801045
0.002623668173
-0.0009180688648
-0.00286277337
9.394910012e-05
0.002578659216
0.001788219903
-0.00110369327
0.01265920792
-0.001662521972
0.005143911578
-0.001564605162
-0.001210933202
0.01798078418
-0.0004926885013
-0.0003323541605
-0.001380910864
-0.003137405729
-0.005230534822
0.00365114864
-0.004296012688
0.002260892652
0.0003012945526
-0.003765632864
-0.003656707937
0.001091793296
-0.0008481690893
-0.0009285749984
0.001106600277
0.0001413045102
-0.002643526532
-0.001805802109
-0.0001600787364
-0.001666554715
-0.0005847620778
-0.00128994009
-0.0002512758947
-0.0009256941266
-0.01231960952
0.008681221865
-0.003705165582
-0.00586514594
0.002407030435
-0.004971616436
-0.001911227126
0.002257905668
0.000803326082
0.005749825854
0.0005146760377
-0.0001924464741
-0.002687555971
0.006593510509
-0.002066863235
0.006404555868
-0.002610553522
0.009332186542
0.008319021203
0.002641335363
0.001608509803
-0.001257084077
0.000921431696
-0.001750594471
0.005187372677
0.006040475331
-0.0007271534996
0.001771623734
-0.005748444702
0.0003933465632
0.0003378042602
-0.01334779896
-0.001799264108
-0.005544580519
-0.006836798508
-1.449570391e-05
0.0008898095693
-0.001392168808
0.007079812698
-0.000465162273
-0.001233232091
0.004798019771
0.0009848461486
-0.0136021832
0.0004959702492
-0.005357403308
0.004220447503
1.476975376e-05
5.052815322e-05
0.00110157975
-0.00134205888
0.002501359442
-0.002607573755
0.002474890091
-0.006822465919
-0.001831433154
0.004367442802
-0.0009939278243
0.00265401951
-0.001331369625
-0.002749549458
0.001890381449
-0.0006074237172
0.005739588756
0.0009975933935
-0.0005746671231
8.029071614e-05
-9.773272905e-05
0.0008863914409
0.001751927077
0.008795000613
-0.004018631298
0.002087074099
-0.005095568951
-0.002536464017
0.00135154801
0.000952891889
-0.001773835742
-0.003176807659
0.002911719028
0.0009597166209
-0.002510960214
-0.00930120144
-0.006425433792
-0.0002076658711
-0.0005568132619
0.001771668904
-0.002614918863
-0.001159716398
0.0009463274619
-0.0005744544906
-0.006850052625
0.001696387772
0.00201630895
0.001698608743
-0.001951055252
-0.000597067934
0.002273110207
0.002297703875
-0.000771160936
-0.004109358881
-0.001174459467
-0.009418288246
-0.007047958206
0.001890489599
0.001557865296
0.0008609003853
-0.01597871631
-0.003617864335
-0.004400167149
-0.00638749497
-0.0008084975998
-0.00491867261
0.0002095796372
-0.00731872255
0.001939429902
0.002842809772
-0.003282788442
-0.003839409212
-0.00102008821
0.0002812330495
-0.006349213887
0.001599707524
-0.0032114801
-0.01035300363
-0.004254444968
0.002167640021
0.001448752359
-0.008207996376
-0.00210751011
0.0002834576298
-0.002994753886
0.0008786282851
-0.004499402363
-0.0006713970215
-0.005682979245
0.001113119302
-0.001767694717
0.003464847105
-0.002801688854
-0.002196343383
-0.002223714255
0.000169975101
-0.003056304995
0.001312784152
-0.00658487156
-0.0007262388826
-0.007240607403
-0.00594111206
-0.0005743546062
-0.001529523404
-0.008547512814
-0.001843247679
0.003319580574
-0.001763015403
0.000746551319
-0.002192346379
-0.002668445464
-0.0008546941099
-0.00727863377
-0.002856915584
-0.001287034247
-0.003491160925
-0.001779708778
0.0008832370513
-0.002822428942
0.00537737133
-0.0006605534581
-0.001049760845
0.003757338272
0.00220187637
-0.008730770089
-0.0009016259573
-0.004043594468
0.001691258047
-0.001517863013
0.001499043196
0.001493040007
-0.001323936041
-0.001109546167
-0.002779198112
-0.001150643104
-0.002674009185
-0.0001981456735
0.002099035541
-0.0007015279843
0.003335444024
0.001253085095
-0.001569537679
0.0006710982998
-0.0003454442776
0.0006552538835
0.001177441096
0.0005693823914
-0.001785997883
-0.001331420266
0.0007035599556
0.0004127441498
0.004953502212
-0.001031241845
0.00217571063
-0.001725550625
-0.00286323484
-0.001816539792
0.0003240367223
0.0001386245858
-0.00364981289
-0.000774829532
0.001111670164
-0.00100416725
-0.003574564587
-0.005180405453
-0.00128701108
-0.002170938998
0.001001000986
0.0008746632957
-0.0007433105493
0.001106754411
-0.000773648615
-0.006538854912
-3.374986409e-05
0.001439352753
0.003602895886
0.0002901489497
-0.002670877147
0.001694051549
-0.00178488926
-0.0007348295767
-0.004393019713
-0.001598300529
-0.005057699978
-0.004588944372
-0.001106681302
0.002278515371
0.001204545493
-0.00962019898
-0.0004776023561
-0.00116529793
-0.003663085634
-0.002087209839
-0.000128654312
0.001227347646
-0.003309439402
0.0007019290351
0.0005805671681
-0.002477506641
-0.001854825416
-0.0001047576807
0.001201238832
-0.00340216374
0.00170927064
-4.327992792e-05
-0.005257407203
-0.00225579855
0.001796203433
0.001293127192
-0.005105011165
-0.002174129477
0.001913075219
0.001281012432
0.001402868889
-0.002127016196
0.003076914698
-0.00189023267
0.002987280954
0.0006085205241
0.002896663966
-0.002858739113
-0.0006451709778
-0.0002320740314
0.000729104795
-0.004163201433
0.0005731167621
-0.006866657641
-0.0002851420722
-0.005592321977
-0.005767951254
0.0003172860306
-0.0006799993571
-0.004865600262
-0.0005986734759
-0.03851572797
-0.03864804655
-0.0354073979
0.04744549468
-0.02852120064
-0.03159590065
0.002675094642
-0.006331593264
-0.06044380739
-0.0229165405
-0.0887837559
-0.01956393756
0.01533728745
-0.006085393485
-0.03560911119
-0.03412705287
-0.04599514604
-0.04091728479
-0.0418340154
-0.02277911641
0.005241183098
-0.01740165055
-0.006347903982
-0.1160339266
-0.03838997707
-0.03919237852
0.04514347017
-0.01844439097
0.06160068512
0.07424350083
-0.004215880763
-0.01068245899
-0.04785544425
-0.03173282743
-0.05384160578
-0.01810547337
-0.03453510627
0.01223834883
0.04661690444
-0.03129982948
0.01759861037
-0.09311880916
-0.06324649602
-0.02872821502
-0.07637925446
-0.007874585688
-0.01361154113
0.0782071501
0.09002207965
-0.04121481627
-0.04078070447
0.01032482181
-0.004291217774
-0.009169181809
-0.06506994367
0.004724528175
-0.0314639695
0.06813718379
-0.02698189393
-0.08933647722
-0.06352107227
-0.06535965949
0.03099711426
-0.04250894114
-0.01969909668
-0.003439213615
-0.05054939911
0.02779627033
0.0302212853
0.02074253187
0.01760755479
-0.04217195138
-0.03438562155
-0.001151914708
0.008720536716
-0.04975595325
-0.04438317195
0.02174845152
-0.008547032252
0.0241645705
0.01391261816
-0.003528574016
-0.02998428233
0.007961428724
0.03367415071
-0.003431885736
0.002257720334
-0.003664015094
0.01143275388
-0.001380379428
0.0205671154
-0.02346948907
0.005278274883
0.02357047237
0.01651518419
0.02085894719
-0.03558408096
0.00552140642
0.002575941617
-0.07507610321
0.003491722746
0.01486943383
0.01650686935
-0.02669235319
0.03409941494
-0.01413185336
0.006610029377
0.006908961572
0.02132184058
-0.003111836733
0.01491003018
0.03870212659
0.03222452104
0.02653784119
-0.002203178359
0.01226011757
0.07296179235
-0.01686949655
-0.0596918501
-0.0438320674
-0.03800361231
0.04604011029
0.0007303045131
-0.03199012578
0.004688323941
-0.008287710138
0.01031742245
-0.01449146681
-0.0127952192
0.01034181286
-0.00304390816
0.02365285158
0.01151365787
0.02195876837
0.01305848733
0.001614248729
0.03607780859
-0.003681010799
0.008969700895
0.0191913899
0.01054492593
0.009121987037
0.02069853246
0.0102867363
-0.01478841715
-0.005529887974
0.0077595287
-0.00757059874
-0.008961313404
0.006286327727
0.01536996104
-0.009586283937
-0.00067948387
0.003415556159
0.002574100392
0.02518859319
-0.02151663229
-0.01036040392
0.01382184494
0.003577058436
0.02075200342
-0.004747820552
-0.01413645316
0.03126047924
0.004285887815
-0.02186210081
-0.002650250215
-0.001030819374
0.01753949746
0.03966525942
0.01672708429
-0.01265759394
-0.004487636033
0.004679334816
-0.01713762619
0.008823676035
-0.01633464731
0.01373898145
0.0009216388571
0.01177521702
0.02155728638
-0.009996155277
-0.002090345602
0.01748076081
-0.003703114111
0.02394666523
0.006007254589
0.01150078513
-0.002902476583
0.008497885428
0.01642429829
-0.02245993912
-0.002504363889
0.002048120601
-0.005601406097
0.01342275739
0.00854490418
0.01575611345
-0.004544199444
0.008678440005
0.003284617327
-0.01586809568
0.01620204188
-0.01903745718
0.005273795221
0.007236072794
-0.03863532096
0.006553001236
-0.002391847782
0.0005575139658
-0.01482035965
0.02159676515
-0.0008311978891
0.0003997841559
0.002522660187
-0.00593122514
0.004499746487
-0.002232373226
-0.007000379264
0.001008443185
0.003960032482
-0.002536173211
-0.004706530832
0.006398868747
0.01597250067
-0.002954849042
0.00183407031
0.008616930805
0.002424941631
-0.004740818869
0.005413826089
0.01836699061
-0.001800645841
0.01823926903
0.02043894492
-0.006840238813
0.003713933751
0.01558859088
0.0004284804163
0.005254996475
-0.0001875380694
0.005104291718
0.003833052237
-0.001386548858
-0.01449876372
-0.002942681778
-0.008596818894
0.005610596854
-0.0235251002
-0.005433106795
-0.01153867878
-0.004473928362
0.001804272295
-0.00320916879
0.005730513483
-0.01686429419
0.00254558865
0.001279968303
0.009020157158
0.0004690196365
0.0009179846384
-0.004047198221
-0.00109017978
-0.001466350397
0.002063571475
-0.003607406514
-0.005010107998
0.001322660362
-0.0002316684695
-0.01232594904
-0.004532552324
-0.0005284181098
0.0004883062793
-0.001846859464
0.0009596116724
0.006002070382
-0.001340581803
-0.002373377094
-0.001505379565
-0.005971681792
-0.0006014883984
0.003656094661
-0.001731254277
-0.0005172288511
-0.005501333158
0.003405109281
0.004873156082
0.0009276455385
-0.004843245726
-0.001640423201
0.0007915434544
-0.002097848337
-0.004615196958
0.008748225868
-0.0008498817915
-0.003035984701
0.004006231204
-0.002979294397
-0.001032590983
0.002060301369
-0.00710447086
-0.0004774551489
-0.0008497007657
-0.0005718866596
0.004412062466
-0.004391757306
-0.0006284037372
0.004970005713
0.003932546359
0.007228929549
0.0009894535178
0.0007662351709
0.0009471458034
0.005793817807
0.002298424719
-1.152065852e-05
-0.001364874304
0.0011347658
-0.00137115363
-0.0008594487444
-0.0013743866
0.0003757132799
0.00208788109
0.000205991586
-0.000490756589
-0.000858717307
0.002910701325
-0.003380838782
0.002395502059
-0.001445062808
-0.0002876528888
-0.002642748412
-0.0007683247095
-0.003771478776
-0.006553346757
-0.00286620087
0.002324572532
0.0004561565584
-0.004769543186
0.0009820801206
0.0004090958973
-0.001639765454
-0.0002795553009
0.003431517165
0.0006235180772
0.002484991448
0.0006670065341
-0.002842702437
0.0002475128276
0.002229982289
0.001710362732
-0.001410742174
-0.003745528637
-0.0002647732035
0.001976805273
-0.008492970839
-0.001467654132
9.474000763e-06
0.0001130362798
0.0006304041017
0.001494484139
-0.001096113585
-0.000119528675
0.001559197553
-0.0001945261465
-0.001120292814
-0.001037043519
-0.001569602755
0.003515905933
-0.001004636171
0.001607722719
-0.0007949081482
0.002152457833
-0.0005246635992
-0.003063768847
-0.0007388075464
-0.003886348102
0.004281341564
-0.005363528617
-0.004185449332
-0.001029330422
0.0006909951917
0.004695841577
-0.002173197456
0.004502281081
0.00109558017
0.004702414386
0.0001327820646
-0.0002994980605
-0.003456643317
-0.001612748136
-0.001465482172
-0.000977412099
-0.0008473470225
-0.004757020622
-0.0001379298774
-0.001101213391
-0.003715113504
-0.003424548777
-0.001301336917
0.0005875702482
-0.000690116547
-0.0009721139795
0.00524772238
0.004390729591
-0.00161287107
-0.002054892248
0.0005628530052
-0.0006614737795
0.001406230265
-0.001131270779
-0.001772584743
-0.003329836763
0.002478275914
0.003098103218
0.0003075805726
-0.003053103108
0.0002578475687
0.0009004671592
-0.003359310795
-0.00126698683
0.006038938649
-0.001389170997
-0.002974633593
0.003581553465
-0.001808109344
-0.00212207553
0.001250861795
-0.003707488999
0.0003880337172
0.00147117849
-0.001724848291
6.567976379e-05
-0.003342235927
0.0009695496992
0.001917741145
0.004139922559
0.002120849444
-0.0001680706482
0.000499097514
-0.0007639768883
0.001155305072
7.887730317e-05
-2.257627057e-05
-0.001241904451
0.001467293478
-0.003331731074
-0.00246061245
-0.0005848529981
0.0001419000037
0.0001150761236
0.0004930070136
0.0004692632356
-0.0009322748519
0.001651629107
-0.002133335918
0.002295009792
-0.0004081994994
-0.001006209524
-0.003731482429
-0.001041561831
-0.00371530815
-0.006963089574
-0.001828811713
0.001932578045
0.0003380153794
-0.006680663209
-0.0001741566666
-0.0005948738544
-0.001834891969
-0.0001966120471
0.001656794455
0.0002947606554
0.0009072930552
0.0008972684154
-0.0007569588488
-0.000375828793
0.001260990743
0.001090425299
-0.001631553634
-0.003151126439
0.0001543984545
0.0009771583136
-0.0086002592
-0.001661204267
0.0003602030629
0.0001464686648
-0.002071209252
0.00216528587
-0.001426291536
-0.001426339615
0.001571936882
-0.0009739969391
-0.001383352093
-0.0013277533
-0.0007815464633
0.002218245296
-0.000377721939
0.0009197563631
-0.0007990188897
0.002250423422
-0.0003672045423
-0.002942705061
-0.0005304640508
-0.004632996861
0.003434704384
-0.003672612831
-0.002685655374
-0.0008723097271
0.0003139562323
0.001994401449
-0.0008866349235
-0.02679638751
0.006866519805
0.003549486399
0.007390905172
0.007083739154
0.01200379618
0.01255699433
-0.002505400684
0.01453922875
-0.004388753325
0.008576930501
-0.0004050202551
0.007018716075
-0.01007998548
-0.005599909462
0.006855722051
-0.002402308397
-0.004413424991
0.008380190469
0.002574288519
0.005579602439
0.01012774464
0.01376401074
-0.00582534913
0.00238796859
0.001671166741
0.006042470224
0.009156808257
0.009179932997
-0.006986529566
-0.02014696598
0.004204504192
0.01004087459
-0.002864278387
-0.005290352739
0.02285327949
0.00567247346
-0.003664283315
0.01525203139
0.009899183176
0.006238013506
0.02138542011
0.01243924722
-0.005199690815
0.003982498311
-0.002083308063
0.003733123653
0.008454281837
-0.01401892118
0.005300208461
-0.01586085558
0.02242938615
-0.009471817873
0.008251079358
-0.001385168522
-0.004505292978
0.002866639756
-0.004359246697
0.004028507043
0.01438029204
0.005471871234
-0.01554659288
0.02376572415
-0.01292192657
-0.0008926715818
-0.003667983692
-0.0017736234
0.005679063499
0.01099712122
0.004736695439
-0.004763943609
0.006665240973
0.004701850004
-0.01171394903
0.007229381707
-0.007118916605
0.0004589851305
0.001253745984
-0.02522801608
-0.002344512381
-0.002875241451
-3.309736348e-05
0.002213548869
0.0122223841
-0.0007829063106
0.003104560776
-0.0007074748282
0.002870671451
0.005681779236
0.0006797462702
-0.00455574505
0.002322877292
0.003394861473
-0.00318763731
-0.003909132443
0.004057148471
0.007274487056
-0.002170251915
0.0050264569
0.008017874323
0.007164406125
-0.002730008215
0.001667237259
0.01942417584
-0.009056544863
0.01183044072
0.01301162969
-0.005922478158
0.009423409589
0.005981100257
-0.003426938783
0.0001024724625
-0.006438339595
-3.897898205e-05
0.002296754392
0.003962543327
-0.0120322248
9.939446318e-05
-0.004761934746
0.004771574866
-0.01315646991
-0.01107240003
-0.006501167081
0.001675311825
0.002072897507
-0.004134356976
0.0005772286095
-0.01085361559
0.0428625606
-0.02039241232
-0.008571964689
-0.01933407784
-0.02190869488
-0.02449215204
-0.02082300559
-0.001711346558
-0.001071831794
0.01482138224
-0.001403058763
-0.003267458873
-0.01634730399
0.006410747301
0.000294626836
0.01254669297
0.01466423646
0.005554323085
-0.02373471484
-0.02361328155
-0.03463356569
-0.01906885952
-0.0176572632
-0.0002825481351
0.005104620475
-0.008246029727
-0.01847255975
-0.03355133161
-0.0236799214
-0.002922889544
0.02946763113
0.002496837871
-0.01691662706
0.002214344218
-0.006192831788
-0.04516084865
-0.02088444866
-0.00616939459
-0.0223272983
-0.02053849027
-0.01956997626
-0.04105655476
-0.01546240598
0.01349820476
0.005082590971
-0.002736119088
0.002166418359
-0.00525388401
0.03271341696
-0.004131900147
0.023763448
-0.03502806649
-0.03524405137
-0.00696522044
-0.002069707727
-0.001876009279
0.009830726311
3.449901851e-05
-0.01748253219
-0.02154925652
0.00629971642
0.007140739821
-0.02951319329
0.04747581109
-0.0003833908704
0.006389242597
0.02154767141
-0.01041124947
-0.01690371521
-0.01663403772
-0.0005377399502
-0.02219006978
-0.01425579563
0.00958358869
-0.01133770309
0.007370690815
0.01095628086
-0.003602938959
0.03319305554
0.01299628243
-0.004329570103
-9.322603e-05
0.01328756195
-0.02224379033
-0.008168836124
0.003046692116
0.0008861621609
-0.01551393513
-0.01232213061
0.003606392303
0.006726015359
-0.003474029014
-0.01080587879
-0.0007258520345
0.002963441424
-0.0039095385
-0.005025719758
0.002269476186
-0.01562872157
-0.004051488359
-0.015790876
0.003314641304
-0.006401232444
-0.02426051721
-0.002909244271
-0.02158154547
-0.02392754145
0.003945019096
-0.02011557482
-0.0136939548
0.005754287355
-0.004615420941
-0.003658331232
-0.01014100295
-0.01114543993
-0.001356293913
0.01718191616
0.0004756904964
-0.002385233063
-0.0001691791258
0.02034621499
0.01078339852
0.01428002585
0.006634172518
-0.0002232722763
0.009816286154
-0.003543680999
0.02004780993
-0.08984027803
-0.02055474371
-0.02514314093
0.008037135936
0.02538397163
0.01308572106
0.008487416431
0.01862581819
0.09019682556
-0.01269735768
0.05757666379
0.02280921862
0.045502536
-0.06114058197
-0.01872736588
-0.05402095616
-0.08037813753
-0.01233245432
-0.01058543101
-0.01550797559
-0.02578153089
-0.04411533102
0.00801244285
-0.003503269283
-0.06224599853
-0.05558370054
-0.03157234937
0.01234076638
0.1445410252
0.005679840688
-0.1338765174
-0.02054979093
-0.02319235168
-0.05502762645
0.05554388836
0.07697897404
-0.0049804952
0.09290978312
0.04373627156
0.04185827821
0.04540826753
-0.03517860174
0.0777586475
-0.04608385637
-0.06956925243
-0.0008086006856
0.03430260345
0.04243580997
0.08655176312
-0.06159792095
-0.1596201062
-0.008424846455
-0.0546348244
-0.02277164534
-0.05395982414
-0.002397054574
0.03473988548
0.01284608059
0.05501015484
-0.06999050081
-0.05941689759
-0.1131832302
0.06667039543
-0.09645968676
-0.005165307317
0.0161288958
-0.04972658306
0.001526511391
-0.004642472137
0.03784701973
0.01923585311
0.04199667275
-0.05642872676
0.05567859486
0.02868437022
0.02804194763
-0.0744881779
0.06425514072
0.07806778699
0.002296885476
0.02342054248
0.003086579964
0.03771623224
0.005922334734
0.03752899542
0.01110263914
0.00891969353
-0.003857854754
0.01465144102
-0.009575935081
0.01259495504
-0.006979072001
0.01922073402
0.0440880768
0.03811493143
0.004370251205
-0.01996018738
0.0210082382
0.02212498523
0.04451028258
-0.0009834946832
0.02558176033
0.03143478185
3.411612124e-05
0.05376150832
-0.01300182659
-0.0001573780901
-0.002851901343
0.02830432169
-0.003013386857
0.002356875921
0.03820516542
0.04339769855
0.02114593983
0.01158507261
0.004059250467
0.04699369147
-0.02176212706
0.02486444451
-0.05231349543
-0.008256900124
0.03716851026
0.02458642796
-0.02552281134
0.004194370937
0.008563108742
0.02025402524
-0.0009663235396
0.002722094068
-0.001800012426
-0.001470367424
-0.000308637158
-0.002182820812
-0.001416096697
-0.002886059694
-0.002519116737
-0.001540474594
-0.0008436579374
-0.003207269125
-7.650315092e-05
-0.001504186541
0.007080657408
-0.001266555279
-0.002957119141
0.001121532288
0.0007343816105
-0.005177570041
-0.001414111699
0.0008966383175
0.002299048007
-0.001547699212
0.002469860716
1.211665221e-05
-0.002206110861
0.001795352786
-0.002159111435
0.004978012294
-0.001667039935
-0.002297770232
-0.001086707809
0.0003888078791
0.003789937356
0.002335692523
-0.001006791485
0.001175346086
-0.0001526848064
4.253858788e-05
0.001699000364
0.0001213339929
-0.0008070790209
-0.001426774194
-0.0006887142081
0.003567916807
0.002803161507
0.001156255486
2.119844976e-05
0.0003238989157
-0.0009054014226
-0.0006614616141
-0.0004147492873
-0.0007227718597
-0.002004659967
-0.001038966817
0.0005304017686
0.0004564595001
-0.001413380145
-0.003014817368
-0.001207517227
-0.001309797284
-0.0004688003974
-0.0005492512719
-0.0009262951207
0.0007490049466
-0.001161694876
-0.001832552603
-0.0007859086036
0.000575947226
0.001129416749
-0.0005899588577
0.0003124268842
0.002659981605
-0.0007488375413
-0.001316287322
-0.001505853143
-0.001235864358
-0.0001216764795
0.002685592975
-0.003116046777
0.0004555951164
-0.0002698948374
-0.001544832601
-0.0001971392048
-0.0005339457421
-0.0005693187704
-0.002363662701
0.001089769299
-0.0004590970057
-0.001913779299
0.0005126799806
0.001364645665
-0.0003589258413
-0.001005727216
-0.0002169598883
0.0003454538237
-0.0009779416723
0.0004218207614
-0.0005324155209
0.0006435730611
-0.0005380337243
0.0004334271944
-0.0001461471547
-0.001926096738
-0.001545190811
0.0008020958048
-0.0006246773992
0.0004866790259
-9.907517233e-05
0.002179441508
-0.0005250613322
0.0009912268724
0.0003365548619
0.001264439779
-0.001049972605
0.0003296361829
0.0005223492626
0.0006690525915
-0.0005061826087
-0.000162267519
-0.0006149297114
-0.001228450332
-0.001375396969
-0.001021218253
0.0001011777858
-0.0004721138394
-0.001503417734
0.001847135252
0.0008394507458
-0.0003387504548
0.0003570856352
0.0005024983548
-0.001613797154
0.0002417996147
-0.002730341395
-0.0009100533207
0.002270394238
-0.001062766067
0.001404096023
0.0002481319825
-0.001681451686
0.000492897525
0.0006665823748
-0.0001811302791
0.0008405699627
0.001427602954
-0.002679917729
-0.001348745893
-0.004382684361
-0.0005516232923
-0.0002962590952
0.001886551152
0.001393845305
-0.0008948127506
-0.001923829201
0.0004725481267
-0.001116404892
-0.001536426251
-0.0004564472183
0.0009879968129
0.0002182391763
0.001106252312
-2.146756015e-05
0.0003202406515
0.0001690644858
-0.001343084616
-0.0001039874478
0.001359582297
0.0002387164714
-0.0003772469645
0.0005011716275
-1.190170042e-05
-0.002300925087
0.00247149705
-0.00150687783
0.002302473644
-0.0003813887306
-0.0007620761171
-0.001357290312
-0.000470343628
-0.00183595519
-0.003733188147
-0.0007416037843
0.0002682573977
-0.000539134664
0.0004199653922
-0.001932640327
-0.0001747330389
-0.001051028958
-0.0004092222662
0.0001606818405
0.002207402373
0.0005067430902
-0.0004647491442
-0.003109768732
-0.0003034479741
0.001419937937
0.002932176925
0.000802092487
-0.002238101792
0.0006331957411
-0.001369253849
0.0008743386716
-0.001048287144
-0.0009078270523
-0.002461340977
-0.004080676474
0.0002593877434
0.001234820927
0.0009467733908
-0.004408569075
0.0005144838942
0.0004616980732
-0.001835683594
-0.0007433959981
0.001670701429
0.001437912812
-0.001217702054
-0.0003141677589
0.0001138644002
-0.001382244751
-0.0008234160487
0.0001082077943
0.001039203489
-0.001441088622
0.0008164293831
0.0004684440792
-0.001233899151
-0.0003124569484
0.0007703676238
0.001016151393
-0.000893897959
-0.0006110836985
0.002186623402
0.002551291604
0.000474141736
-0.0005885065766
0.002919802908
-0.0002608179057
0.002276550746
0.0007015294395
0.001683038659
-0.001514190109
-0.0003531604307
-0.0008997471305
0.0001892305736
-0.002078792313
-0.0001269213099
-0.003435729071
5.599053475e-05
-0.003297362942
-0.00347583252
0.0006008216296
-0.0002184750629
-0.001995407976
-0.001269918284
0.04498395696
0.01764615439
-0.02285762504
0.04545800388
0.0211648643
0.03384170309
-0.01110724267
0.003654723521
0.007821205072
0.004627423827
0.01013445947
0.04719002917
0.01528282464
0.07562628388
0.06449402869
0.02902043983
-0.01197918039
-0.01398071833
0.00348025281
-0.01157878805
-0.001363847987
0.01619106159
0.0175394658
-0.01628941111
-0.0003932015679
0.008890277706
0.01559643075
0.02602543309
-0.06932719052
-0.03540804982
0.1137683168
0.006721700076
0.04887503758
0.008873505518
-0.03148072958
0.02915244922
0.003947870806
-0.04887114838
-0.03960839659
-0.0214658808
0.03589649871
0.0684254095
0.02584560774
-0.02179899439
0.01741278358
0.02391458489
-0.05056092516
-0.005886000115
-0.03423659131
0.03599036485
0.05954555795
-0.01013460848
0.07329498231
-0.03228327259
0.005830195732
0.05068538338
-0.02433300018
0.02525203489
0.0008210681262
0.02209386043
0.00390131725
0.09016284347
-0.03309405968
0.03477200493
0.004519819282
0.01527901832
-0.00716980733
0.01357907243
-0.008302153088
0.02004589699
-0.02043999918
0.0142294541
-0.002276288113
-0.01331235189
0.01688500308
-0.01838021912
0.031843137
0.001333658583
-0.04930282757
0.02374490537
-0.008711435832
-0.002874688245
-0.03164585307
0.03118760698
-0.01857626811
0.000874844729
0.01082436368
-0.03586863354
-0.008288040757
-0.02003954723
-0.006160767749
-0.0009860225255
-5.171307566e-05
-0.01412551291
-0.01553363446
0.006892394274
0.03292030096
-0.007764974143
-0.01639535651
0.01359512098
-0.01896781661
-0.007976736873
0.007371935062
0.004918272607
-0.01024447661
0.02671806142
0.02478770539
-0.01250701305
-0.01545217261
0.02696636319
0.01077923551
0.01149047632
-0.01040857751
0.0123503441
0.008897916414
-0.008712879382
-0.02460518666
-0.003479239997
-0.01145526022
0.01798776165
-0.04423068836
-0.008321021684
-0.01342286449
-0.0115799401
-7.068098057e-06
-0.003393107792
0.001238718862
-0.01413817704
0.01447982341
-0.004083589185
-0.005471811164
0.003995857202
-0.000305430789
0.003316220827
0.0004405602522
0.00139510911
0.008541838266
0.004981599282
-0.001910140272
0.001545720967
-0.001762230066
0.006268586032
0.01062011905
-0.003761984874
-0.007459212095
-0.0001688468474
-0.0006388440961
-0.005603389814
-0.004573739134
-0.009136007167
-0.005079586059
0.001369209844
-0.001188908704
-0.005442219786
-0.002526196884
0.002881604014
-0.002903825836
-0.0004037757753
0.008961933665
-0.003136430634
0.000960992591
-0.003302978817
-0.006233691704
-0.002941735322
0.002096041804
-0.006634388585
-0.006782785058
-0.007587394211
-0.00127036823
0.00700848503
-0.001983184833
-0.002703047823
-0.005386461038
0.004112664144
-0.002984388266
0.001910517807
0.01241956558
0.00072508835
0.009468855336
-0.008008694276
-0.01878430322
-0.007576843724
0.001630733605
0.003353103762
0.001814265386
0.009933855385
0.001366353827
-0.005293917377
-0.002285601106
0.008062844165
-0.003745638998
0.01318594068
-0.001655468252
-0.0001581852848
0.003078463953
-0.0008432571194
-0.003381203394
0.0008923118585
0.0005208106595
0.005325976759
-0.0007672879728
0.009746376425
0.002738382667
0.003112816252
-0.002328644972
0.001093109022
0.01016701292
-0.0007249609334
-0.002724292455
-0.001643202617
-0.002725445898
-0.0007430216647
0.002645297674
-0.002951878589
0.001702760812
-0.0008645284688
-0.001805088483
-0.003010133747
-0.001806962653
-0.0009613761795
-0.0004251842038
0.001330603263
-0.000953677285
-0.0009305926505
0.0007482606452
-0.001299718162
-0.001506723347
0.003980011679
0.0001804338972
-0.002094342373
-0.001014789916
-0.005428757519
0.008074585348
0.0004180526885
-0.002999937627
3.661916344e-05
-0.002693806076
-0.0008826229605
0.002145377221
0.0004880682682
0.004899137188
0.001220222679
0.0001102229144
-0.00361598772
0.001870110165
-0.003615831025
0.00680599967
-0.00227697799
0.01102927886
0.00621358538
-0.00084319507
0.001133530983
-0.0009685112163
0.0001275840914
0.001386491349
0.00148129696
-3.212710362e-05
-0.005599458236
-0.01114466228
0.002660777187
-0.0006402626168
0.003777454142
0.001162228757
0.001365800621
-0.003713953076
0.006917930208
0.002476185793
-0.003211487085
-0.001065812539
0.01923896186
0.008075695485
-0.002201977652
-0.00032130006
0.003299332224
-0.002235009801
-0.006506240461
0.004991766997
0.004159969743
0.001962629613
0.01739887521
0.000783848518
-0.005503007676
0.003473558463
0.0007233807701
0.00635420531
-0.002870783675
-0.003037045011
-0.003436447587
0.006765148137
0.005048833322
0.004240793642
0.001630652929
0.009144260548
-0.007835339755
-0.0006771919434
0.002770380815
-0.003071694635
0.002149320673
0.002343956148
-0.002908184193
0.009230066091
0.002568161814
-0.000638123136
-0.002226503799
-0.005619455129
0.007779761218
0.001103379182
-0.01013122592
-0.005429310258
-0.009537418373
0.0001043693628
0.001038735732
-0.0006922915345
-0.007725898176
-0.002560012043
-0.0003042064782
0.001016950235
0.001436920604
-0.002939484315
0.0006794515066
0.001504278625
-0.0008132903604
-0.002061221981
-0.001744018751
0.0002177095012
0.002356566256
-0.001964363968
0.004804694094
0.00217465125
0.0001181515763
-0.0002944773587
0.000575569924
-0.001077706926
0.005661591422
0.01040026452
-0.002735544927
-0.002238487825
-0.0009187921532
0.007688360754
-0.001180649269
0.001511242823
0.0007715296233
-0.0007399140741
0.0008810290601
-0.001101546339
-0.003278025193
-0.0002256697917
0.003580473829
0.0002134158276
-0.002398603363
-0.001777766971
0.0005798006314
0.004098842386
0.0001552262111
-0.00129892712
0.01121789124
0.002608497627
-0.0001716506376
-0.0002173936373
-0.002486975631
0.0001387970551
0.001706290408
0.0001455484598
-0.00127340341
0.0001818460732
0.002895089798
-7.353278488e-05
0.002880677814
-0.002176362323
0.001806597342
-0.0003611673601
0.0004200686526
-0.003305431455
0.0008375264006
0.004786402453
0.0003562729107
0.00602642959
-0.004343028646
0.006024753209
0.005980599672
0.001050125342
-0.001234581578
-0.005048078019
0.003107624361
-0.06569194794
0.05779371783
0.003527402179
0.04798245803
0.03943862766
0.04855501279
0.04663526267
0.005254615564
0.0695656389
-0.002018411178
0.03852200881
0.03771624714
0.02778743953
-0.006568613462
0.02218089625
0.01092743687
-0.04552317783
-0.02714947984
0.02296581678
0.01499197446
0.02195708081
0.01009996329
0.03247570246
0.003525290638
-0.009407451376
0.007175543346
0.009923992679
0.07677099854
-0.03883529454
-0.01533904392
0.01159020141
0.002943666885
0.05139183998
-0.003984773532
-0.02091255225
0.1004641503
0.01388742495
-0.03306481615
-0.005194577854
0.00820311252
0.05485839769
0.1280074269
0.032227166
-0.0305194892
-0.02052045614
0.01171401143
-0.02869854309
0.007794186939
-0.01320579834
0.03016132303
-0.01238752902
0.02993843332
0.04479100555
-0.01992311887
-0.002281101188
0.03735032305
0.01910380833
0.04543722048
0.03068220243
0.02692248113
-0.01187714096
-0.003325693775
0.03571849316
-0.05321674794
-0.0008477994124
0.01538841054
-0.02748103999
0.04486527666
0.02768649161
0.03637690842
-0.01174779516
0.03692333028
0.008928325027
-0.02800984122
0.02974055335
-0.03972806036
0.01598815434
0.002383703832
-0.06529828161
0.03315708041
-0.006024401635
-0.00505064521
-0.0472696051
0.04124172404
-0.008103911765
-0.0098716598
0.007776884362
-0.02939408645
0.004614116158
-0.01268513594
-0.008383565582
0.01136469282
0.01014340669
-0.009331150912
-0.01583693735
0.01272804104
0.04803236946
-0.006403218023
3.985296644e-06
0.02771177143
-0.004047050606
-0.008854857646
0.01108368021
0.038434688
-0.0006160783232
0.03399283439
0.04042924941
-0.01693790779
-0.001370712998
0.03603878617
-0.003038601018
0.01710005477
-0.0080035422
0.01681364141
0.02329548076
0.001826434513
-0.02742782794
-0.00197617081
-0.01352061797
0.005683009978
-0.06837008148
-0.01341363508
-0.009944702499
-0.01604644395
0.003634355729
-0.01195654366
0.008235214278
-0.03500554711
0.02489037067
-0.05806815624
-0.00764376577
-0.1085934415
-0.05158184841
-0.04532285407
0.0346034281
-0.031172961
-0.01534185
0.01204513479
0.0005519466358
-0.09416928142
-0.07175339013
-0.05562426522
-0.09254099429
0.02690044791
0.06444312632
0.04880804196
-0.003271379974
-0.03356425464
-0.05837538838
-0.04124913365
-0.02691471949
0.02849390544
0.04322165251
-0.01560249645
-0.04267727956
-0.1310992837
-0.07585224509
0.02143968083
0.01148538385
0.01871474087
-0.05381727964
-0.02993044257
0.01400801167
-0.1644949466
-0.01069297455
-0.03471487015
0.004303864203
-0.04126171023
-0.06123592705
-0.04309438542
-0.004943724722
0.07211702317
0.02908871323
-0.01376164798
0.02553913556
-0.01935462467
0.04464969039
0.01879120246
0.06090975925
-0.08167122304
-0.06117727607
0.02824219689
-0.006641640794
-0.06091967598
0.06854823977
-0.008889959194
-0.0617204383
-0.02174251527
0.06736782193
-0.0687193498
-0.056370873
0.04616138339
0.0004283684539
-0.02942766622
0.06206864864
-0.02891706489
-0.001130741206
-0.04990952834
0.005784535781
-0.08770965785
-0.01923254691
-0.03286931291
-0.04744340479
-0.01580640115
0.04260775447
-0.05568988994
0.002281984314
0.008240117691
-0.01395970583
0.01896628179
0.02773321606
-0.05106193572
-0.006099171937
0.01105509792
-0.004774559755
-0.003134174505
-0.006945020054
0.04663499072
-0.0007162340335
-0.004195083864
-0.02963850461
-0.00257431739
-0.001729619573
-0.01417757012
-0.05073947832
0.008687390946
-0.02863834612
-0.05904631689
-0.001439851942
0.01195407659
-0.02409373596
-0.025223203
-0.05059659481
-0.04159750044
-0.04112404212
0.0205564592
-0.03339018673
-0.04310007393
0.005337164272
-0.04289973527
-0.02091916278
-0.05016346276
-0.06223258376
0.008819362149
-0.005229251925
0.02198648453
-0.03321676701
0.02758849226
0.01785890013
-0.01643058658
0.00944561325
0.02781441063
0.01499537472
0.03486712649
-0.01672441512
0.0295949541
0.01871024258
0.02822898328
-0.06283450872
0.0378645286
-0.004157648887
-0.004603261128
-0.0114677269
0.02690462582
-0.07670645416
-0.03567083925
0.01431408338
-0.0412607789
0.05383261666
0.04345066845
0.01709533669
-0.1005319133
-0.04263095558
0.02284671739
-0.007939147763
-0.01316122338
0.05309828371
0.009547283873
0.001732401201
-0.005593667272
-0.03635029122
0.01305621583
0.05393914878
0.03623121977
-0.004853251856
0.05430566519
-0.04737114534
-0.03277769312
-0.08633137494
-0.06371933967
-0.04271604866
-0.01768375002
-0.02508676052
0.02344835363
0.08286492527
-0.007160528563
0.009653713554
0.02266142145
0.01877840236
-0.02514870837
-0.05711112916
0.02766826563
-0.04651552439
0.07612592727
-0.06511613727
-0.02531688102
0.03115286306
-0.006203888915
-0.1431459337
-0.06001644209
-0.06536424905
0.01147324406
-0.07238852978
-0.07500954717
0.01318109967
-0.06837421656
-0.07974246144
-0.03424846008
-0.08774192631
-0.02008967288
-0.01620943099
-0.002997796051
-0.04094583169
-0.0247767102
0.0261930041
0.03642702475
-0.01988220774
0.03744572401
-0.03542068228
0.04552575946
0.009725666605
0.02414821647
-0.07465933263
0.03631987423
0.03181310371
0.01645148918
0.008766647428
0.001092632767
-0.003716128413
-0.0007420649054
-0.00756240543
-0.007267372683
-0.01539028436
-0.05786083639
0.00172953587
-0.001762174768
0.01123726647
0.03833886981
0.004264226649
0.04213429987
0.03925326094
0.01670737565
-0.0273963064
-0.0007061142824
-0.01340130623
-0.009650542401
-0.03739133105
0.01180581003
0.02475436591
-0.006242386997
0.02923733927
-0.005521629937
-0.007532909513
0.008539924398
0.008671670221
0.01765152812
-0.05390231684
-0.009124548174
-0.008019448258
0.0387406759
0.03651611134
-0.008716141805
-0.01414485835
-0.04308398068
0.01520354394
-0.04636850953
-0.02962349355
-0.03771740943
0.03026376106
-0.009144778363
-0.003305549268
0.01456777845
-0.02079625428
-0.05313526094
0.04590934888
-0.02049173228
-0.006354258861
-0.07813370228
-0.0389075093
-0.03729884699
-0.03738789633
-0.01792671904
0.003581329016
0.02024522051
-0.0008064303547
-0.05352857336
-0.09994476289
-0.0345489122
-0.06838292629
0.02808501944
0.05720937625
0.0226795692
-0.06694876403
-0.06307011843
-0.06119417027
-0.03120865673
-0.03038652427
-0.02193479426
0.04370208085
-0.01428062189
-0.05561655015
-0.08836469799
-0.09187884629
-0.03451430798
0.004504867364
0.02433318458
-0.02166429348
-0.02890626714
-0.02305584215
-0.1088629514
-0.02551403083
-0.01604934968
-0.08422920853
-0.05625823513
-0.05590621382
-0.01430818811
-0.02595496736
0.05492186546
0.01420895942
0.01991184801
0.002327028196
-0.01179277711
0.05925500765
0.05254667252
0.1009096801
-0.0644344762
-0.06056312844
0.03923283517
0.004744537175
-0.04315350577
0.06262595206
-0.0004148810985
-0.04436140135
0.0101293698
0.0327562727
-0.05329274386
-0.1132185459
0.05167256668
0.01307704672
-0.01573187858
0.04567215964
-0.02781458944
0.008653027937
-0.04369105026
-0.0004646914895
-0.08291064948
0.006054577883
-0.0227557607
-0.0270112697
-0.008377877995
0.03582724556
-0.02879353799
-0.0007719211862
0.009074521251
-0.0208687298
0.007234473247
-0.001741468906
-0.06572556496
-0.02774592675
0.0179508999
-0.005664277356
-0.05207157135
-0.007943084463
0.01540247817
0.00666313991
-0.01878998242
-0.04406480864
-0.01974292845
-0.01196769532
-0.005134701729
-0.02221206762
-0.0008292984567
-0.05997698009
-0.03932371736
-0.02408797294
0.00505526457
-0.02177087776
-0.03165277466
-0.04204325378
-0.03386127204
-0.0346060358
0.01256928314
-0.0642098859
-0.02176881582
0.007811572868
-0.02861565165
-0.01820529625
-0.03145802394
-0.05762530491
-0.00141433056
0.01534546819
0.01840987988
-0.06079278141
0.008865488693
0.01099332049
0.01322542783
-0.009219125845
0.006789689418
0.01161970198
0.01322707534
-0.01712797955
0.02893129364
0.002496426925
0.000362362829
-0.001489853486
0.001439756015
-0.0007064198726
0.001009145286
0.0004713709932
-0.0001283065503
0.006914802827
0.002077787882
-0.0004816619039
0.001895543886
-0.0009462050512
0.003399483161
0.005799620878
-0.003391996725
-0.004693489056
-0.0006413166411
-0.001937781344
-0.0009951767279
-0.0006366979214
-0.003373605199
-0.001674688072
-0.0002797131601
-0.001010801643
-0.002552346094
-0.002131261164
0.001547000371
0.001170239295
0.0007738833665
0.003328382038
-0.001675234875
0.0009693720494
0.00221664994
-0.0009704599506
0.001444659545
0.001086324803
-0.001678920235
-0.003717353102
-0.00210771733
-0.0003917910799
0.006145292427
-0.0005991625949
-0.001606397331
-0.003581549739
0.002659142017
-0.000335067889
0.0003834595555
0.001326484606
9.840168786e-05
0.002146977931
-0.001249487628
-0.003927430604
-0.00269183144
-0.0008350084536
0.001908442937
0.0003135406005
0.007451352198
0.0004719833669
-0.001402831753
-0.002511617728
0.004245317075
0.0004190375621
0.003451624187
-0.001127365511
-0.0007802069304
3.043024117e-05
-0.001458937884
-0.0008093383512
0.0009503428591
0.00122996117
0.001771743759
0.002575194696
0.001865436207
0.002108349232
-0.0003032977111
-0.001353295986
0.001845944091
0.001190450974
-0.0001947023848
-0.00064738316
-0.0004840789479
-0.001915229368
5.42174821e-05
0.001324531389
-0.0004601039982
-0.0007438925677
0.002199947368
-0.0004913802841
-0.000732579676
-0.0009310553432
-0.0003058104485
-0.0008100710693
0.0007142809336
0.0001296106784
0.0002418879449
0.0007550593
-0.0009198262123
-7.994343468e-05
0.003189439187
6.293210026e-05
-0.001256128773
-0.0003576619201
-0.0002214737615
0.003696195083
0.0008593439125
-7.997691864e-05
0.0004723906168
-0.0009012398077
0.001236444921
0.001478983671
7.290518988e-05
0.002884708578
0.001453663339
-0.0003033952089
-0.001288687694
0.000401081692
-0.0009220323991
0.001343500451
-0.001739029074
0.003921284806
0.002703979611
-0.002386245644
-0.001047512749
-0.0007327140193
-0.0001054123277
0.00237891078
0.0001502788364
-0.0008719119942
0.002133110072
0.00738946395
0.001362442505
0.002196575981
-0.002184781479
0.002061534673
-0.0001987502328
0.002552821999
-0.003716208739
-0.00297560147
0.001026779064
0.000937645149
-0.01370934397
-0.004590684082
1.580152457e-05
-0.001099652727
-0.002147559542
0.003375017317
0.004985285923
-0.002579178661
-0.002064510947
-7.371786342e-05
-0.008309971541
-0.000382017548
0.00350718433
-0.001187609392
0.001532308059
-0.004141965415
0.002363359556
0.002189773833
0.0006866267067
-0.00358397793
-0.003470572177
-0.0003238812496
-0.0002915315563
-0.004781339783
0.006455967668
0.0001921827061
-0.001488830778
0.00332829589
-0.001731395372
0.0008283495554
0.001385942334
-0.006653315388
-0.001779145794
-0.001035281806
0.0002049242903
0.005682522897
-0.001879558084
-0.001483012689
0.004397439305
0.002194351284
0.007195534185
0.001638376969
8.470074681e-05
0.001654302701
0.007628750522
0.003599625314
0.0002789353312
-0.0004498719063
-0.00145079568
-4.290523793e-05
-0.001073378953
-0.001626933808
0.0006756851799
0.003599851625
-0.0001548995497
-0.0009208645788
-0.001293665264
0.002236109227
-0.002453024266
-5.200927262e-06
-0.0003373365907
0.0008950198535
0.0001411984122
0.0003317965311
-0.001271275221
-0.002556218067
-0.001877896255
0.0008149751229
0.0001129902594
-0.0001583775593
0.001473804587
0.0007120874361
-0.0002783399541
0.0008189974469
0.00206434913
0.0006618565531
0.003151932033
-0.0002152639499
-0.002695760457
0.0008283473435
0.002517901827
0.001509603811
-0.001033220207
-0.002014894038
-0.0006855868269
0.001535183168
-0.004090044182
-0.0004649437906
-0.0005618706928
-8.511656051e-05
0.003158074804
0.001143543632
-0.0006104746717
0.0006276505883
0.0002209968807
0.0003177143517
-0.001316638081
-0.0004982645041
-0.002119100885
0.002020476619
-0.001405203249
0.002366958885
-0.0007121564704
0.0005230490351
-0.0006834405358
-0.001578482799
-0.0005556865362
-0.0007775838021
0.002794904402
-0.002795366105
-0.002095396398
-0.0007845653454
0.00085248088
0.004947567824
-0.002732808935
-0.002314514015
0.01844455302
-0.01635953039
0.01192770712
-0.02432985231
-0.0192455221
-0.01263378095
0.009443161078
-0.04852792993
-0.03480537981
-0.04222751409
-0.01248031203
0.04125563428
-0.007397462614
-0.008409736678
-0.0854601115
-0.04948137701
-0.002433354268
-0.008248471655
0.003513880773
0.04476489127
-0.007213038392
-0.0005726530799
-0.06036588922
-0.04629943892
-0.01591235399
0.03665722534
-0.02052664198
0.0408033058
0.0537905395
-0.003907375038
-0.0171115417
-0.05556485057
-0.03094550595
-0.01431238465
0.007646145765
-0.02792226337
0.0456106849
0.04429455101
0.01300951838
0.03520679846
-0.05486407131
0.02153638937
-0.01492389571
-0.0798926428
-0.0112335002
-0.01512010489
0.02478070371
0.01167651545
-0.04440076649
-0.003460061038
-0.002586988034
-0.07419595122
-0.02297156863
-0.04585684836
0.03700707853
-0.03435920924
0.06784330308
0.003572751535
-0.08043151349
-0.07109647244
0.0006206271937
0.001721311826
-0.1003927067
-0.003827983746
-0.01081621647
-0.03451674432
-0.03641265631
-0.0151004754
0.03240779042
0.01965637691
0.009508846328
-0.04231409729
0.04168118164
0.01199662499
0.02594829351
-0.0796436891
0.0507440716
0.09665959328
-0.0515008904
0.02240155265
0.01162347104
0.04644455016
-0.00349621498
0.03568697348
0.00993077457
-0.009368311614
-0.004290614743
0.006351468619
-0.003274986986
0.01393617876
-0.02998147719
0.008532337844
0.04122976586
0.03916944563
0.00215781806
-0.03787826747
0.01283851266
0.008244769648
-0.01707499847
-0.01599522866
0.02112274617
0.02234708332
-0.01601441205
0.05299960077
-0.01779490151
-0.01165593602
0.006245278288
0.004799956921
-0.01562250312
-0.01875367016
0.00947406143
0.03952744976
0.0277374126
0.008891856298
-0.02716957219
0.03424444422
-0.03254549205
0.01712902822
-0.04181254655
0.009189731441
0.0232479088
-0.007787991781
-0.02852707542
-0.0006580171175
0.01228788309
-0.003033096204
-0.01318098139
0.002343445318
-0.003059567884
0.001189890434
-0.001254836214
-0.0008716346347
-0.002363595646
-0.0005756567698
-0.002747589489
-0.001698867767
-0.0002346414112
-0.007287156768
-0.001093635568
-0.001163218403
0.004835845437
-0.00293055526
-0.004026872106
-0.0006190307904
-0.0005280969781
-0.005044155754
-0.001942766481
0.003880493576
0.00228488259
-0.001429241616
0.001343183452
-0.0003011127992
-0.001979083288
0.003582587698
-0.002696091542
0.008889858611
0.0005785715766
-0.002558794338
-0.002163856057
-0.001275570132
0.004329041112
0.001378292684
-0.002294328529
0.0008687429945
0.002079442842
0.00159316184
-0.0003287029685
0.005546169356
-0.001103680115
-0.001257375814
-0.0006966816727
0.001996224513
0.003623673925
0.0003962890769
-0.0001102379829
0.002633116907
-0.001657186309
7.138239016e-05
0.0003764301073
-0.0007785742055
-0.0001021666249
-0.0003024498001
-0.0007575501804
0.001855481067
0.002306015464
-0.002249259036
-0.0005131854559
-0.001127146767
-0.0006490804954
6.267838762e-05
-0.005678645335
3.22422311e-05
-0.002194436267
-3.226251283e-05
-0.0008512878558
0.001458451385
0.0001432342106
5.684808275e-05
0.003607990453
0.005667539779
0.001932650805
-0.00141014636
-0.002832201542
-0.002167108469
-0.00182086823
0.004845962394
-0.0073474776
9.702097304e-05
-0.0009583266801
-0.003175514052
-8.840305964e-05
0.0003825854219
-0.001917802496
-0.002356637036
0.003718402004
-0.0001836037263
-0.001364912256
0.0007820658502
0.002354867756
0.000361258979
-5.605262413e-05
0.0003649101709
-0.0007625271101
-0.002240963513
-0.0001312504901
-1.189762406e-05
-0.001745873364
0.000367023662
-0.0001953019819
-0.0005435821367
-0.0007156495703
0.0004534954787
0.0006097105215
-0.001555006602
0.0004771876847
0.0004523831303
0.001485463581
-0.002024707384
-0.0006684975233
0.0007592005422
0.001460947678
0.000763083226
-0.0002258557652
-0.00114498334
0.00023835912
0.002451346722
-0.001153846853
3.543235289e-05
-0.0007392635453
-0.003643219359
0.0005004198756
-0.0005396803026
-0.0006077770959
5.606436753e-05
0.0002557643747
