0.3417852223
-0.01823632047
-0.255790472
-0.188509807
0.1913820654
-0.03774482384
-0.1639445275
-0.07429821044
-0.1883091629
0.02501889318
0.4113118947
0.1807190925
-0.1023103148
-0.1427149028
0.3643701673
0.2366995066
-0.05290810019
-0.1491163522
0.08945538849
0.05213470384
-0.08966565132
-0.04426927865
-0.03865845501
0.1120878085
-0.1208486483
0.005750610027
-0.1313150823
-0.09136356413
-0.08499040455
0.112143077
-0.1567144245
0.1049166918
-0.2200138718
-0.1444633305
0.1520706564
-0.1540064961
-0.254966557
0.1563131809
0.04473609477
-0.254360646
0.2797716558
0.2132701129
-0.1192091554
-0.1189867631
-0.08600135148
-0.1229975149
0.3900022805
-0.2560215592
0.3369686902
-0.002186274389
-0.1759944856
0.313791424
-0.1282027215
0.3828179836
0.1947223395
0.6369515061
-0.0922723636
-0.3470626175
0.3704120219
0.1914963126
-0.09703996032
-0.3551224768
-0.2607989311
0.03352150321
0.03437498212
0.3523660004
0.01095684059
0.152122125
-0.08691769093
0.02625932358
-0.04372412339
-0.2796589136
-0.01549943164
-0.02276023477
-0.009899912402
-0.003474861849
0.1299342066
-0.01759072207
-0.06018282101
-0.03766912594
-0.06237343326
0.3452931345
-0.05957950652
-0.1488162875
-0.03966303542
-0.08382431418
0.09308267385
-0.1442126632
-0.1728511304
-0.1533869654
-0.07936508954
0.04067780077
-0.02133028954
0.2665489018
-0.2662471831
0.07321729511
-0.2014064342
0.1976901889
-0.1622275114
0.1365249753
-0.5747000575
-0.05706965551
0.03043742292
-0.4131248295
-0.1440073699
-0.118338272
-0.1374447793
-0.1455402374
-0.04032451287
0.004102459177
-0.1165361106
-0.2799675465
-0.2652893066
-0.02237692289
-0.05720835924
-0.2029176503
-0.5216277838
-0.111217618
0.06901243329
-0.2669141293
-0.4893886149
-0.1529705673
-0.2075590342
0.02887604572
-0.1011582389
-0.4699576795
0.04457071796
0.2211345881
0.04335160553
0.354200393
0.1473634541
0.294189781
0.008766969666
0.08061118424
-0.0141968783
-0.05751487613
0.07230472565
-0.1081286296
-0.2708995938
-0.1757710278
-0.1621990353
-0.3795614541
-0.1406617016
0.03224413097
0.1860259771
0.1116598472
0.2385438234
0.02232113667
0.3221791089
-0.007837154903
0.06704173237
-0.03300091997
0.2968090475
-0.1298763901
-0.02077143267
0.2400534153
0.06505853683
-0.03075075708
0.2417242825
0.07371096313
-0.01769785769
0.1440028101
0.01102719177
0.001382621937
-0.03563096374
-0.03344909847
0.03137395158
0.1086459234
0.01478260383
-0.03905847296
-0.1685512662
-0.06315076351
-0.1015661731
-0.1189211905
-0.06565346569
0.07692457736
0.0904802233
0.03557995707
0.003525488777
-0.03669417277
-0.05740879849
-0.001517468132
-0.001215498778
-0.07103781402
0.005485531874
-0.03180193156
-0.04336687922
0.04916663468
-0.02193605341
0.3044905961
-0.03854199499
0.1347526908
-0.1192011908
0.2331807762
-0.04926919565
-0.08494647592
0.1029674187
0.05025332421
-0.1369090378
-0.1784733683
-0.2102771997
0.101034984
0.003766850336
0.127549693
0.08071202785
0.1960220039
0.07040925324
0.1043224633
0.1396681964
-0.0930390507
0.007050156128
-0.08328904212
-0.111526683
-0.03732516244
0.1579466164
-0.02472252026
-0.12558496
-0.1473043859
-0.06873134524
-0.1105699763
0.01073914301
-0.2333395034
-0.2385818809
-0.1141880676
0.2886475623
0.00104128581
0.3922118545
-0.04848990589
-0.13837713
0.1622241437
-0.137266174
0.1092704162
-0.007242394146
-0.1738770753
0.4373596609
-0.1671285629
-0.5151097178
-0.1422894895
-0.03591554239
0.3489666283
0.1404377967
0.03093353845
-0.06458674371
0.1970465332
0.4135244489
-0.09086257219
-0.1009226888
0.1248290762
0.5801602602
0.02278805152
-0.3291805387
-0.05266705155
-0.09621657431
-0.1610398889
-0.07465074956
0.4950768352
-0.01544320863
-0.2789624631
0.06248482689
-0.1950744539
-0.09580328315
0.06985174865
-0.04014393687
-0.05950080976
0.2314206213
-0.06349132955
-0.3900832236
-0.1126948297
-0.1612805277
-0.08779390156
-0.1354251653
-0.116219461
0.09212192148
0.06664526463
0.140296042
-0.02469731867
0.05740527436
-0.04877270013
0.258251369
0.08893520385
0.05805492401
-0.04194400832
-0.005595666356
0.1686327606
-0.07228990644
-0.02215855941
0.02495764568
-0.02398158982
-0.1255588979
-0.1919421107
0.008119588718
-0.1856361032
0.2302122861
-0.00195799768
0.2669779956
0.3516855836
0.08477181196
-0.08438961208
0.06217605248
0.3403019905
0.3344439566
0.2466795594
-0.2047661841
0.08974228799
-0.4527371228
0.0005710906116
0.03452417627
0.03158446774
-0.09125891328
-0.1261433661
-0.2486738712
-0.3755992353
0.1174254939
0.09344459325
0.02197412401
0.1781802922
0.01214886084
0.09990051389
0.1515522748
0.5734840631
-0.01815759577
0.03646678478
-0.2337245047
0.399412781
0.000353215466
-0.06310395896
-0.0237948969
0.01713863574
-0.009365933947
-0.05279283226
-0.1084110737
0.0140801305
-0.02969229408
-0.03848276287
0.08956074715
0.08876562864
0.1402379721
0.3316623271
0.1488749832
-0.1240660101
-0.1040222868
0.08556868136
0.003773750504
-0.2207749337
-0.1239103004
-0.136038661
-0.07012292743
0.1684554517
-0.1252482384
0.139374733
-0.09795430303
0.1565790325
0.04749659076
-0.0202508606
-0.005745853297
-0.04387153685
0.02655809745
-0.01402195729
0.002917675069
0.002379374579
-0.008983811364
0.05143222585
-0.04657546058
0.03045807965
0.01475632191
-0.03841169178
0.03861303627
0.01864948682
0.07457661629
-0.03475324437
0.00491018733
-0.001587337116
-0.06375598162
0.006775500719
0.04084193707
0.01847462542
0.02763598971
0.006085800007
-0.02874352969
0.01797003113
0.02292132936
0.01080623921
-0.04307417944
-0.02210598439
-0.1616660506
-0.2487772554
0.09203507751
-0.1148294434
0.0404343158
0.5032078028
0.0620066151
-0.2634129822
-0.2183108032
0.02166394889
0.09953445941
-0.1318521351
0.5314170122
0.1195585281
0.147142902
0.10969273
0.4529149234
0.3320772946
-0.1159996241
0.1791207641
0.3003335595
0.2555029392
0.3691398203
0.1566587389
0.1576286554
0.1754504889
0.1692688316
0.1324981302
0.02773936093
0.1701790988
0.2910859287
-0.3989501595
0.02814137004
-0.1971769929
-0.1235054284
0.131007418
-0.1239734739
0.05027552694
-0.05333876237
-0.1801458299
-0.02238373645
0.04654638097
0.1827578098
-0.178790465
0.03276659176
0.2227492183
0.0481544435
-0.03135386109
-0.01135318447
-0.1303297132
-0.0581506975
-0.03696590662
-0.09877905995
-0.04026965052
0.1356163621
-0.1662076712
-0.05133792758
-0.05989698693
-0.00249281479
-0.160786286
-0.01198634412
-0.09650755674
-0.07082816958
0.1596081555
-0.002870152472
0.09368569404
0.06990098953
-0.0302645918
0.05364545062
-0.0338793993
-0.1792341769
-0.0458231084
-0.1222233772
-0.01062430628
-0.1182903573
-0.1110762656
0.03629121557
-0.1873807907
0.1184877381
0.274191469
0.1683174819
0.1577040255
-0.07302971929
0.09365546703
-0.01616616547
-0.1879701614
0.2034196109
-0.2282938361
-0.1589967459
0.1010845602
-0.2416904718
0.2281375527
-0.01957909949
0.1648651063
-0.3737375438
0.04017709568
-0.0327552557
0.1601525247
0.01345962659
0.493743211
-0.1583627164
-0.08827810735
-0.1149380654
-0.1575110555
0.02931436524
-0.09065452218
0.05582231283
0.07725289464
0.09160086513
0.04777972028
-0.05347590894
0.06376087666
-0.09158326685
0.2953549325
-0.05949530005
-0.185232237
-0.2304294109
-0.009076321498
0.02643906139
-0.1929681599
-0.1783699989
-0.1556456536
0.2837148607
0.05454335362
-0.1022563428
0.2214243561
-0.000131968176
0.1524918675
