-0.003128541401
-0.0001913649612
-5.448933007e-05
-0.002196155488
-0.003540781094
1.535731462e-05
-0.001162710367
-0.0002360692597
-9.935542766e-05
-0.0004190572654
-9.294139454e-05
-7.473090227e-05
-3.478583676e-05
0.0001884139783
0.00442187814
-0.001384309144
-0.03069497272
0.02641020156
0.03021642752
-0.1288487762
-0.05592985824
-0.1416399479
-0.08096795529
0.02120374516
0.1019550934
-0.004893589299
0.1085113585
0.160789758
-0.09472994506
0.1425530016
-0.08607025445
0.04213065654
-0.1684966832
-0.1291196048
0.002178662457
-0.2914638221
-0.08903895319
-0.3295708597
-0.03592994809
0.09446720034
0.1370767355
0.5006565452
0.1625225991
0.5029539466
0.3628937304
0.593724072
-0.3367445171
0.534224987
-0.1314684749
0.1772326827
0.0005320711061
-0.1065379903
0.03297979757
-0.2764645219
-0.2355318815
-0.01695961319
0.189480111
0.2310194522
0.310639739
0.235585466
0.1507959515
0.2735274434
-0.1936837733
0.06298238784
-0.1992669702
0.5392494798
0.1427921802
0.3284322917
-0.6296295524
-0.2826907337
-0.1804215461
0.04756568372
0.2558971345
0.4606052637
0.2710832059
0.0345470719
0.167827934
0.6554419398
-0.5164860487
0.2601352334
-0.2036633492
0.2073770016
0.01209447533
0.3907414973
-0.2669303417
-0.0006571307313
-0.1605022252
-0.003491468262
-0.1060482189
0.06620141119
-0.03746474534
-0.04105936736
0.1595951915
-0.08484274894
0.08731923252
0.1237894669
0.402077198
0.2589939833
-0.3953392208
-0.05205066875
0.6749047041
-0.1536214352
0.2023015171
0.1083121747
-0.3846917748
0.3965727389
-0.3039253056
-0.1988967508
0.1144758388
0.2320042849
0.9923865199
0.3766474426
-0.06477937847
-0.02259783074
0.06825517118
-0.2353660911
0.2162393332
-0.1963772476
-0.02401943691
0.02668146975
0.1643420607
0.01224218588
0.1599682868
0.2943036556
-0.1124775931
0.2557008266
-0.09564247727
-0.05776915699
