7.746059509e-07
-6.967785793e-10
-1.201570232e-10
1.702694499e-05
-6.109572132e-05
-6.055182831e-12
-3.346546172e-21
-0.0007366279606
0.004106117878
-0.0001710581419
-1.336478022e-07
-7.221586915e-15
-3.407630731e-12
0.007651189342
-0.002905223751
-0.0002715302981
-1.011746763e-11
2.096460755e-15
1.826384352e-16
-1.417116979e-10
3.044937358e-10
6.030945722e-18
3.976968298e-27
3.771923218e-09
1.2519601e-07
8.042050359e-10
1.359637338e-12
1.092251932e-20
5.314843472e-18
-8.832499176e-09
1.222827439e-08
8.059457546e-10
-2.404370747e-08
-3.472160406e-11
-7.260085762e-12
1.31652871e-06
1.741378946e-05
9.403001381e-13
-3.847865839e-22
-3.597306932e-05
0.0004209334729
-8.256816727e-06
9.671623502e-09
-3.297616789e-16
-3.836511458e-13
0.000430686312
-1.361558861e-05
-9.034858522e-06
-1.12497876e-23
2.442293333e-27
-4.883893524e-28
-1.300821283e-22
2.304758992e-22
-1.083208076e-30
-2.316489995e-38
4.67611703e-21
-1.366484762e-20
9.894241329e-22
1.35487531e-24
4.200187518e-33
6.878613021e-30
-3.097679595e-20
1.420750557e-20
4.697461965e-22
8.147796325e-05
-4.870418735e-09
4.198469128e-09
0.0009201794746
-0.002269329503
-1.508019404e-10
-5.448572779e-20
-0.01954008825
0.2133913338
-0.003306906205
-1.15505627e-05
-8.125925876e-14
2.370138287e-11
0.2331945151
-0.2075634748
-0.002740505384
4.525536212e-08
-1.07035587e-11
3.085467212e-12
6.601918585e-07
-1.326426286e-06
-7.49299101e-14
6.3098775e-23
-1.747690476e-05
3.795028533e-05
-3.728831643e-06
-6.323473301e-09
8.106704846e-17
4.658161979e-15
6.643380766e-05
-3.432746962e-05
-2.899463652e-06
2.415606559e-06
-3.926738934e-09
-2.626298623e-10
8.901370165e-05
-0.0002292568679
3.796032585e-11
-2.551439407e-20
-0.002779989503
0.01956389844
-0.0006210814463
-4.963419542e-07
-2.642609472e-14
-2.269192299e-11
0.03048352897
-0.01277073007
-0.0007432519342
3.313587513e-06
-3.341565691e-09
1.434253688e-10
7.829503738e-05
-0.000155373782
1.364748245e-11
-1.802586659e-20
-0.001898418297
0.01219731197
-0.0004566900316
-4.918408649e-07
-2.031228714e-14
-9.552135992e-12
0.02289744653
-0.008646165952
-0.0005656729336
