1.953431639e-09
-3.349349464e-09
-2.032588213e-07
-3.082760145e-07
-1.753048423e-06
-1.188197132e-07
-3.37458232e-07
-1.056883502e-05
-6.571793421e-08
-4.634238238e-08
-9.794039215e-07
9.787165567e-08
5.609916975e-09
1.256308678e-06
1.988083795e-06
1.011208496e-06
0.0003866106563
0.0003600282362
0.07822667062
0.009117961861
0.1063433513
0.00462354254
0.01659769937
-0.09284672886
-0.04139531031
0.005712553859
0.1319758147
0.02348204702
-0.003579834243
0.02995813452
-0.1335335374
0.01276305504
0.0006022562739
0.0002907349553
0.07018009573
-0.05742041394
0.4510803223
0.01532852929
0.07386875898
-0.2352749556
-0.06935767829
0.009094283916
0.1891446859
0.03989008442
-0.004852076527
-0.00411447091
-0.002627247944
0.03010333516
0.0001728608622
0.000110465633
-0.0029360177
-0.005785099696
0.007267770357
-0.003322027856
-0.00340088876
-0.02322290465
-0.007329154294
0.001939272974
-0.0005481705884
-0.002990734996
-0.0011919596
0.007210946176
0.003488475457
0.01178204361
-0.0002554256353
-0.001230960479
0.0081511233
0.001066952245
-0.02084322646
-0.01413232926
0.01525298879
-0.1811567098
0.1554930508
-0.03233526647
-0.004555902909
0.1553772539
0.003626570338
0.1365758926
-0.1901953369
-0.07998067141
-7.543129499e-08
-7.344996611e-09
1.305052865e-05
7.952456826e-07
3.399949128e-05
2.968016588e-08
4.310383588e-07
-1.80619827e-05
1.126373718e-06
2.074608119e-06
2.897951163e-05
5.456785402e-06
2.170764901e-07
3.879704309e-05
1.859462714e-06
5.03661704e-06
-0.0002742807264
-0.0003624695819
-0.2105819583
0.3272762001
-0.1813942492
0.1781513989
0.1908171773
-0.2443188578
0.3250930011
-0.1559752375
-0.3332390487
-0.3044732809
0.002621605061
-0.442238301
-0.5333364606
-0.1840754151
-7.977369387e-05
0.000869813608
0.06103844196
-0.01726338454
-0.07813200355
0.005962843075
0.08640945703
-0.2104351521
-0.1198318526
0.05503069609
-0.2425828278
0.1489626616
0.002478025388
-0.3461829126
0.4058670998
-0.0625250414
