0.0280706156
-0.029514933
-0.02342146635
0.02880266495
0.001498196274
0.04134755954
-0.1138765514
0.02226199955
0.00211449503
-0.2422023565
-0.03006841615
0.002844532253
0.02632753737
-0.004095199052
0.09649924189
0.006679540034
-0.2813305855
0.258955121
0.03147856146
0.06070875004
0.08980947733
-0.0872412473
0.1316976696
0.02165399119
0.01533906441
-0.07541330159
-0.02848516591
-0.03027379699
0.1963037252
-0.0004538323847
-0.08738069236
0.06497301906
-0.02257073112
0.01090660505
0.003134313505
-0.0008433245821
-0.002744925674
-0.001430980861
-0.01016492117
-0.001722786808
-0.005535217933
0.004629819654
0.002113579772
0.0007031594287
0.001397212734
3.708300937e-07
0.006747786421
9.265146218e-06
-0.05181496218
0.0724857673
0.01848246157
-0.002762847114
-0.01619468629
-0.0353850387
-0.09573765099
-0.02515324205
-0.02350696735
0.03737831116
-0.05498674512
-0.01935231313
-0.01976216584
0.02861386538
-0.02399704419
-0.02272427268
-0.2625377774
0.03485346586
0.1324718893
-0.1827230453
0.04400967434
0.330280453
-0.1512135565
0.04999879003
0.00207972643
0.349031955
0.2666074932
0.1008628979
-0.09698313475
-0.2629955113
-0.03453248739
-0.1033976227
0.03690820932
-0.1906941384
-0.1023739129
0.07983668894
0.09977919608
0.03519127145
-0.02293032594
0.04866342619
-0.01212186646
-0.1758403033
-0.04721980542
0.02476944402
0.02106910758
-0.05029844493
-0.127337724
0.07476753742
0.1441491395
-0.5169710517
0.2174229324
0.1692384183
0.08479893208
0.1534135342
0.2356152982
-0.1904650629
-0.03742635995
-0.08258059621
0.3466053605
0.1909870505
-0.1775823236
-0.1307772696
0.3502354622
0.03902591392
0.5024703741
-0.1007363647
-0.1630528271
0.1442199051
-0.2898949683
-0.2108658552
0.2695173919
0.254381001
-0.3682315648
-0.362778157
-0.3798099756
0.09375248849
0.4701025188
0.07863365859
-0.1463422477
-0.1988844275
