0.0004824124335
-0.0005810201401
-0.0007435730658
0.0003157850297
0.0002265594812
0.0004737007839
-0.002285960596
-0.0003648858983
-0.0002402188984
0.0005009450251
0.001656852895
-0.0001389908284
0.0002222970797
0.00106177479
0.001003172598
0.001618629671
0.0001285167964
-0.000151445478
-0.0008674967685
0.0001323532342
-0.003963517956
0.0007896748721
0.000584169582
0.0002675577125
-0.0003695015621
-0.0004048925475
0.001073514926
0.0007157610962
-0.0002732245484
0.001083024545
0.0009246877162
0.001330151572
0.002272026381
0.0006317335647
-0.0003604409576
0.002012772718
6.615000893e-05
-0.0008535456145
-2.759950439e-05
0.0001801765466
-0.0003169072152
-0.001230054651
0.0001405240473
9.063261678e-05
0.0005821964587
0.0007525208057
-0.001838737749
-0.000361778395
7.123459454e-06
1.777311263e-05
-0.0007791240932
0.0003736622457
-0.001755062724
-0.0003311825276
4.185505168e-05
0.0003707996802
-0.0002761933429
-0.0005520287668
-0.0006328073796
-0.0004285743344
0.001023016055
2.752613e-05
0.002765276935
-0.001102169394
-6.43292442e-05
-0.0002415863273
-0.001208077301
0.0009056673734
0.001208743546
0.001041666255
-0.0004347951617
0.001379096881
-0.001461984706
0.0005710894475
0.001095060143
-0.0008733731811
-0.0003795197408
0.001601279713
0.0001498255733
0.0007688381011
-0.0002323642839
0.0001067412231
-0.001976600848
-0.0005836380296
-0.0006876396365
0.001740416861
0.0002974773815
-0.001302166609
-0.0002065470908
-0.0008367870469
0.001607688493
0.0006379194092
-0.001338611706
-0.0006000330322
-0.0008701939369
0.003353147302
0.0008596559055
-0.0004517073685
-0.000336352532
-0.0004945652327
-0.0003265088599
-0.0003173035802
3.51973722e-05
-0.001596803544
9.157516615e-05
-0.001212678966
-0.0001535753981
-0.0001614088396
0.001413954538
0.0007823628839
0.0006014065002
0.00017313032
-0.0009192861035
0.002263190458
-0.001460901112
0.0004170158063
-0.0006502349861
-0.0001214494696
3.798752732e-05
-0.001018956536
-0.001606246107
-0.0005813448224
-0.002099286299
-0.001172962482
0.001260022167
-0.0009010640206
-0.001654211665
-0.0005375839537
-0.0005551936338
0.001318107243
0.001178101986
0.0007727512275
-0.0008521486307
0.001259340905
-1.130261899e-05
0.002610928146
-0.0007632937632
0.002634011908
0.0005779826315
0.003149905708
-0.0004925040994
-0.0001340562303
0.0002492915664
0.002345455112
-0.0007099335198
-0.0007282905863
0.0007222554414
-0.0004469489213
0.001779173966
-0.00134845369
-0.001201303909
-0.001244522282
0.001976596424
-0.0008945020381
-0.003004015889
0.002255336149
-0.002884783316
0.00149672234
0.001779134385
0.001013274421
0.0006818859838
0.001958021894
-0.001064097625
0.002171113156
-0.001501251943
0.001603120472
-0.00120507169
0.0003414268431
0.000618430553
-7.524532703e-05
-0.001107188757
0.001131749246
-0.0006752450718
0.0004924354143
0.0006769263418
0.002530191094
-0.002295687329
4.994207848e-05
0.001822362887
0.0004011375131
-0.002750566462
-0.001178200357
-0.001188761205
-0.0004817406298
-0.002720169723
-0.002764154691
0.0009969732491
0.0004270593927
-0.00140979467
0.001181523898
-0.003098022426
-0.0009325998253
-0.0005281597842
-0.0007406941731
0.0001817224256
-1.711822551e-05
0.002987626474
0.002707057167
-0.0004559830413
-0.0004439466866
0.002770698396
0.0004554222105
-8.887651347e-06
0.003391995095
0.0001121785463
0.0007795962156
-0.0005576352705
0.004145859275
-0.0007307502674
-0.000695490744
0.001081933267
0.001417807303
0.0008050350589
0.0003602996585
-0.001248767367
0.000244801282
-0.0004538333451
-1.868745858e-05
-0.0002892275807
0.002378664678
-3.098844536e-05
-0.0003177357721
-9.925945051e-05
0.0009577824967
0.002950690687
-0.0002643976186
-0.0005273353891
0.002211987739
-8.453171176e-05
-0.0003076963767
-0.0008708478417
0.000825587078
0.0001312414097
0.002688464941
0.002686400199
-0.0005768885021
0.001287968131
0.003714838531
-4.068573617e-05
0.00101081864
-0.0001648467296
0.0009249510476
0.0004572838079
0.0006870370125
8.638377767e-05
0.001010439708
-0.001129739452
-0.0002130940265
0.0002928552567
-0.0006689776201
0.00259671174
0.0005275948788
0.0002556203108
-0.0002269490942
-0.000517308712
-3.605651727e-05
-0.0006462945603
0.0007074722671
0.000296279788
0.0001856543822
-0.0008249304956
0.0008071481716
-0.0001008572144
0.001657259883
-0.0006064449553
0.001606887323
0.001223984524
0.001209756709
-0.00033985544
-0.0001230577327
0.0004856412997
0.001263661194
-0.0003873610403
-0.000535379746
0.0006448269123
8.236191934e-05
0.0004177209339
-0.001065761782
-0.0007338884752
-0.0002886565344
0.001062389812
-0.0007801134489
-0.002250371734
0.001448574476
-0.002256426727
0.001113702077
0.001218412071
0.0005920363474
0.0007433961728
0.001296547242
-0.000828115386
0.001632392057
-0.00099431118
0.0007758022984
-0.0007119966322
0.0003569017281
0.0003873893002
0.0004260529531
-0.0009373226203
0.000553747057
-0.0005193342222
0.0003328140301
-8.935749793e-05
0.002077566925
-0.001534968731
-0.0002001191024
0.001116367755
7.496392209e-05
-0.002699197736
-0.0009050122462
-0.0008903367561
-0.0002841213136
-0.00143661804
-0.00162785803
0.0003987008531
0.0002210055536
-0.0008924033609
0.0004679642734
-0.000812606304
-0.001129872515
-0.0002058568789
-0.0004961852101
-0.0002457656956
-0.0002158287825
0.001707071322
0.001464176225
-0.0001708774362
0.000426182407
0.001371608931
0.0005210118252
-2.771444451e-05
0.001375593594
1.833956048e-06
0.0003026226477
0.0005268821842
0.003005695762
-0.0001726757619
-0.0002732480643
0.0007524975226
0.0006332409685
0.00053424004
0.0002067530586
-0.0006782751298
-0.0004044475209
-0.0001688803895
-0.000156855458
-9.970519022e-05
0.001243367558
-7.759281289e-05
-0.0002497554524
-0.0001354929991
0.0004748273932
0.001870281296
-2.609772855e-05
-0.0001003727302
0.001555849332
-3.662116433e-05
-8.942028217e-05
-0.0003892364912
0.0002334412857
-3.981757618e-05
0.001247930806
0.001509281923
-0.0003527741646
0.0006284135161
0.002029845957
-9.882623272e-05
0.0006625013193
0.0001164114146
0.0003793848737
0.0001597548689
0.0003768294991
2.607041461e-05
0.0005675260909
-0.0005683056079
-8.121559949e-05
0.000345057837
-0.0003683408722
0.000833768514
0.000280272332
4.779813753e-05
-0.0001775005221
-0.0001581278339
0.0001091140948
-0.0002833726758
-0.0006562608178
-0.001534714247
0.0002167907223
-0.0004581116955
2.036152728e-05
-0.0004589436285
0.0002007509902
-0.0001742758323
0.0006683050306
0.0007305081817
-0.0002854557824
0.0002395327028
0.0007574323681
0.0006361951819
0.0006537718582
0.0002374534524
0.0002181334276
-0.0001369290112
-0.002343680477
-0.001981703797
0.000234743653
0.0003880011209
0.0007921422948
-0.0004871919518
-0.0007710445207
0.0002596261038
8.783451449e-06
-0.0004879111075
-0.0006973205018
-0.0007135274354
0.0002589465003
0.001473002136
-0.0004804728087
-0.0002250573598
0.0006830720231
0.0001148316151
-0.001817664364
-0.0001726600458
0.0002097995311
-0.0001126651841
-0.001899448573
-0.0002634950215
-0.0003826639149
0.0005406430573
-0.0003975760192
-0.0002911720076
-9.071597742e-05
0.0002436309733
0.0001063001473
-0.0004593679623
-0.0005942308344
-0.00150321424
-0.0002476524969
-0.0003974738356
0.0002580581058
0.0001498156489
0.0003499350278
-0.0007014385774
-0.0005577608827
0.0001811314578
-0.0007793302066
-1.953868014e-05
0.0003647656122
0.0002621046442
-7.730496873e-05
-0.0006438787677
8.403543325e-05
-0.0001954830659
6.525828212e-05
-0.0001906689286
0.0007918388583
-0.001417401712
0.0004680561833
4.192355482e-05
-1.734989564e-05
-0.0001813214039
0.0002243785566
0.0008267072262
0.0002031475888
0.0001091341837
0.0001975874766
0.0002195255656
-0.0007426935481
-0.0002796172921
0.0004716749245
-3.13172568e-05
-0.001404113253
-4.598034866e-05
-0.0008669576491
0.0004742307356
-2.020380634e-05
-0.0006320494576
-0.0004329114745
-0.0003504040942
0.001198480721
0.001376016298
0.0002550058416
-7.201131666e-05
0.001703380607
-8.361014625e-05
0.0001784517663
0.0001587489533
-0.0007104853867
0.0002137549309
-0.0006056674756
-0.0003381336574
-0.0001057688351
-6.418031262e-05
-8.776973118e-05
0.0005008059088
5.635418711e-05
-0.0001296267146
0.0005019382806
-0.0008580698632
9.163262439e-05
3.696536442e-05
1.925296783e-05
6.282395771e-05
-0.0002248529199
7.963449752e-05
-0.0002120051067
-0.0002017182996
0.0001924003009
0.0002246137738
-0.0004136370553
-0.0007346131606
0.0002411129244
0.000174114597
-0.0001525383559
-0.0002081376733
-0.000215559543
0.0003153976286
-0.0003784337896
0.0001172552802
-0.0007162552211
0.001858537784
-0.00123602862
-0.0001256536925
-0.001024371944
4.802172043e-05
-8.434897609e-06
0.00010998793
-0.000901095802
0.0001064144017
0.000200559065
-0.0003356529633
-0.000130526023
0.0002109570196
0.0002119651181
0.0002954362717
-6.559558824e-05
-0.0003538462042
0.0003145190713
0.0006431940128
-0.0007127636345
0.001044735778
-0.0009552681586
-0.0009666329715
-0.0005425022682
-0.0006283101975
-0.0008532011416
0.00027494182
-0.0003141080088
0.0003844357561
-0.0006069546798
0.0004868717515
-8.945017908e-05
-0.0001319585717
0.0003891531669
0.0004369109811
-0.0002586384944
-5.158831846e-05
-1.482962762e-05
-0.0003560224723
-0.0005025372957
0.0002630160889
9.26230714e-05
-0.000282174442
-0.0002795714827
-0.0001966260752
0.0004179763782
0.0003320133546
-2.81546927e-05
0.001722091227
0.0005736027961
-0.0001599636744
9.596187738e-07
0.0001012201537
-0.0003947054793
0.003591443645
-0.0005598989083
0.000121430654
0.0001434050937
0.0002802809759
-0.000286064489
-0.000783864758
-0.0007654819638
0.0001968399883
-0.0001171081094
-0.0004436899035
-0.0002894644858
-0.0004832234408
-0.001025404315
-4.305939001e-05
-0.0003846385225
0.0001267470361
-0.001032293891
0.000225024909
0.0001351866813
-5.750080891e-05
-0.0002586570918
-8.254766726e-05
-0.000381375663
0.0002704927756
0.0002668699017
0.0001437747997
0.0002283882204
-0.0002629892551
-0.0004458348849
0.0002760233183
0.0002275076404
0.0001983602124
-0.001441580593
-0.0008992530056
8.835303015e-05
0.0002217206056
-0.0007953686872
6.205205136e-05
9.238089115e-05
0.0001952753228
2.311132266e-05
-8.641001477e-05
-0.0004727051128
-0.0005567475455
0.0001710632641
-0.0007058131741
-0.001549630892
-0.0001089082725
-0.0002421309182
0.0002180256561
-0.0008108014008
0.0002242778282
-0.0002832480823
1.112004247e-05
-0.0003290528548
0.000418321375
0.0002391333401
0.0003074863926
0.0002444987767
-0.0007133797626
-0.0001184240682
-0.000202020281
0.0002263370843
0.0003122566559
0.0001583926787
0.002688727807
0.009911382571
0.007309062406
-0.006824986078
0.002264152747
0.007268917747
-0.001764395158
0.008493882604
0.002155373571
0.007960990071
0.004207460675
0.006026139017
-0.002263127826
0.003509154078
0.007369625382
0.00619506184
0.003522884101
-0.003424641676
0.004126277752
0.007380075753
0.00936840754
-1.113475446e-05
0.0001251997746
-0.006676186807
0.004602635745
0.003875387367
-0.004730780143
0.01630924828
-0.008496792056
-0.003449249081
0.01921464875
0.008479924873
0.006575734355
0.008197900839
-0.0006975471042
0.01179078128
-0.001663376228
0.0005412905593
-0.00195556297
0.005442066118
0.003432798199
0.003124851966
-0.002016782295
0.003838838544
0.005147953052
0.0003425583418
-0.002827016171
0.001457148697
-0.00570564298
-0.0009282799438
0.01304683462
0.003605839331
-0.007943358272
0.002664997475
0.0006723039551
0.001403621864
-0.005614954047
-0.006231256761
0.008483516052
0.01273827348
0.003686816897
0.009112150408
-0.006641049869
0.002931835828
-0.0009350590408
-0.004525215831
-0.0008027417934
0.003299569245
0.01367053855
0.006850336213
-0.00085078954
0.0071306061
0.005213776138
0.002917735139
0.001046011806
0.009430294856
0.001472410513
0.002194901463
0.002003648086
-0.002320325701
-0.003199569415
-0.001230036607
0.004058472347
0.003396582324
0.000739959185
0.005762706045
-0.001645909855
0.001730214222
-0.004064837471
0.003072901163
0.001123282243
0.005207546521
-0.0006611446152
-0.002891274635
-0.002062343759
0.009935740381
0.009695149958
-0.00364338723
-0.00401935773
0.007840715349
-0.002583015477
-0.001776347868
-0.002924121683
0.003894709982
-0.002148117404
0.004185000435
0.01031770743
-0.003658172674
0.006835750304
0.01449913532
0.0008762293146
-0.000767476391
-0.005067655351
0.0008857664652
-0.002718846779
0.007168748416
-0.003391582984
0.003746054834
0.00023345722
-0.0008704648353
-0.004254421219
-0.003995964769
-0.002596660051
0.003897294635
0.002686935244
-0.00235347799
-0.003937190864
-0.001523285871
-0.06899692863
-0.08625335991
-0.028974263
0.05776841566
-0.01864368655
-0.01687087119
0.01582143269
-0.01141483989
0.02852131799
-0.03317197412
-0.02675152384
-0.03174572438
0.03881408647
-0.0334149152
-0.01989457197
0.0754057914
-0.03905559331
-0.02033875883
-0.05662181228
-0.0639013797
-0.1019226685
0.008596002124
0.003689204808
0.01626974903
-0.03596355394
-0.0680032298
-0.00268571591
-0.05679634213
0.03882868588
-0.03784251958
-0.1136040315
-0.002904208843
0.03229273856
-0.02419386432
0.01625877619
0.007072707638
0.01028158981
-0.01811220497
-0.02594532259
-0.03663957492
0.003009991255
-0.07064878941
0.02370852791
-0.02369901352
-0.01565507986
0.001457610866
0.0117940167
-0.0242009107
0.0895857811
0.009223310277
-0.1450713724
0.004375882912
0.06127227843
0.00977286417
-0.006290403195
0.01714425534
0.06113111973
0.09282731265
-0.04229364544
-0.08113238961
-0.03089299239
-0.0537151359
0.04794809595
-0.001900393283
-0.01321511343
0.02181906253
-0.03776568547
0.01052234042
-0.06529124081
-0.01647967473
-0.01112092286
-0.03079630062
-0.04954300821
-0.01255487092
0.03345090896
-0.03743852302
-0.00701880455
0.00631242292
-0.009024509229
1.781452738e-05
0.005666689947
-0.002770153573
-0.02100134827
-0.005978282075
-0.00921484828
-0.01551142987
0.005671496503
-0.00922062248
0.0166806411
-0.04452842474
0.007139888592
-0.05017326772
-0.01261158567
0.002299523447
-0.002650416456
0.01109573618
-0.02323499136
0.02096723579
0.009844908491
-0.0271622818
0.002129066968
0.02151294053
0.01591543667
-0.04021788388
0.02221466973
-0.01533373725
-0.05201360211
-0.009939276613
-0.009310712107
-0.02171678469
0.01504682843
0.03914367035
0.02407243848
0.04715009406
-0.006114098243
-0.02539658174
0.04610890895
-0.01179947145
-0.01198919397
-0.01549672056
0.004236516077
0.04519300163
-0.02610274591
-0.03425012901
-0.01080156863
-0.003433183068
-0.0003212730517
0.0040102317
-0.02289867029
-0.04246049374
-0.01830881648
0.0247672312
-0.01213517878
-0.01767250896
0.004311130382
-0.01850141957
-0.003189213807
-0.007993124425
-0.009320683777
0.007763993926
0.01916964538
-0.01240706537
-0.02188247442
0.01452097576
-0.02773418278
-0.005264283158
-0.02595643513
-0.01733447611
-0.04094065353
0.002832996426
0.002318934537
0.01310959738
-0.01787892915
-0.03781303391
0.008417335339
-0.04938660562
0.01220250595
0.01059306134
-0.05074714497
-0.004261817317
-0.003533333074
-0.01276385691
-0.004580919165
0.001063299133
-0.001243191073
0.00025911993
-0.004296951462
-0.02128873207
0.0005644726916
-0.02771393582
0.005398923997
-0.0134322457
-0.02007767931
0.007121521514
0.007198710926
-0.004001571331
0.05750610307
0.005302861799
-0.07500144094
-0.002248489298
0.005109361373
-0.01211752836
-0.01708891056
0.00204723631
0.02074862644
0.01249978226
-0.02732042782
-0.06585233659
-0.02325797081
-0.02650020272
0.06042571366
-0.008842436597
-0.008007215336
0.01590745896
-0.01997296326
-0.001903635217
-0.03672358021
-0.01254991721
-0.01132606342
-0.02357341163
-0.03100978769
-0.01059900504
0.02267602272
-0.01870810427
-0.0102991676
0.007360271178
-0.01486714929
0.01683757268
0.004750101827
0.001798016834
-0.02046958916
-0.01566312462
-0.00835489668
-0.0101178959
0.0007105459226
-0.02344502695
0.01647181064
-0.02305234969
0.00512803765
-0.014403251
-0.007573936135
0.006989469752
0.001087494195
0.006767735817
-0.02358523384
0.01461022533
0.00262923073
-0.02937119827
0.01074930374
0.0123538794
0.01287118532
-0.01631904207
0.01385233086
-0.01070139743
-0.0333127901
-0.005009751301
-0.009279629216
-0.02496130206
0.002463100944
0.01790662296
0.01593542844
0.03238423914
-0.001662591007
-0.03122291528
0.01885782555
-0.01258308999
-0.01103842072
-0.007480077446
0.004592729267
0.01811945811
0.002804126823
-0.0210188888
-0.007206093054
7.700229617e-05
-0.002191256732
0.001112665166
0.0001166411894
-0.005822801497
-0.005465036258
0.004369887523
-0.001444106805
-0.005272241775
0.0006158574251
-0.005883998238
-0.0004143874103
-0.007251023781
-0.002483389806
-0.004997382872
0.00106660265
-0.001544619328
-0.003840895835
-0.003974234685
-0.0006950675743
0.002422216116
-0.001984335482
-0.008697314188
-0.007821151987
-5.659434828e-05
0.0002502306597
0.004298938438
-0.003116731532
-0.001636839937
0.003700947622
-0.008939027786
0.006036167964
-0.005900672637
-0.01331030298
-0.006295056082
-0.00343856751
-0.006624290254
0.0007871973212
-0.009083813988
0.001019213465
-0.004193097353
0.001294784946
-0.002932823496
-0.002554138657
-0.0034884247
0.001431704848
-0.002931861207
-0.001901659532
-0.001106351032
0.001718867803
-0.001309168176
0.01296911016
0.000131770139
-0.006689663045
-0.00393217802
-0.005542142782
-0.001253002789
9.247206617e-05
-0.000324874185
0.005498239305
0.0162348263
-0.005211423151
-0.006445563864
-0.001803964144
-0.006003071554
0.004442828242
-0.002756032161
0.001010003849
0.00283118384
0.001750402153
-0.002238239395
-0.009375897236
-0.005252611823
0.001093567349
-0.003844570601
-0.003811197821
-0.002378407167
-0.001424543094
-0.006955867633
0.0001375610882
-0.00253583421
-0.0003543102648
-0.0005926113226
0.002282735659
0.0005971987266
-0.001102894079
-0.001895695925
-0.0001001053606
-0.00414703507
0.001895854832
0.001016278868
0.00239962223
-0.00130676839
-0.001012268127
-0.004003986251
0.0005351752625
0.002147890395
0.0009343345882
-0.008511924185
-0.005387516227
0.001861151657
0.002962734085
-0.003859370714
0.001729271258
0.0008864513948
0.001521128579
-0.002381322207
0.0006951256655
-0.003265820444
-0.006882794667
0.002881038934
-0.00530100707
-0.01038318593
0.0008302419446
-4.916180478e-05
0.003738869913
-0.003024575766
0.001702249516
-0.004085963126
0.001871058019
-0.002292014193
0.001147206873
0.0008843159303
0.003597134026
0.002844054718
0.0006087992806
-0.001131637837
-0.002163226251
0.001193654607
0.003845242085
0.001840928337
0.001601590193
-0.0010729403
-0.001030969201
0.0008482011035
0.000526621996
0.0009614580777
-0.004008339718
-0.0009358957759
-0.0005283896462
0.001456635771
0.002316938713
0.0006183008081
0.0005039743264
0.002173510846
0.001440363005
0.004095200915
0.000372006034
-8.951531345e-05
-0.001826511114
-0.0006500846939
-0.006658298429
0.001785906963
0.0009457230917
0.0003001864825
-0.0006477710558
-0.0005651425454
0.002392729511
0.001410590019
-0.0006198395276
0.001777604804
0.001845510444
0.002829686273
0.004156662151
0.001175733982
-0.000462442491
0.003443397814
0.0002322145156
-0.001271362766
-0.000243919174
0.0001897300244
-0.0006201483193
-0.002957070945
0.0003142676433
0.000402462174
0.001311512198
0.001467882888
-0.002469194354
-0.0009300970705
-1.149382206e-05
0.000233033963
-0.001741391141
0.001029698411
-0.002726304345
-0.0001305455517
0.0002205206256
0.0007287416374
-0.001431464916
-0.001318624127
-0.001368136844
-0.0008920659893
0.002032308374
0.0004526078992
0.003747676965
-0.0009050882654
-0.0001391836122
-0.0006108076777
-0.002341215266
0.003306295257
0.002215601504
0.002022584435
-0.001087078243
0.001541155274
-0.0027150237
0.000491800718
0.002055503661
-0.0007086775731
-0.0008628806681
0.002368806163
-0.001223605708
0.001627825084
-0.0004430999979
0.0002923230641
-0.003867349122
-0.001184763387
-0.001409650082
0.003383120056
0.0005436798674
-0.001640835544
-0.0004615992657
-0.001582317287
0.003665369237
0.001442138106
-0.002573997714
-0.001101834001
-0.001816223492
0.00553164538
0.001658208203
-0.0007315395633
-0.0008508501924
-0.0009528794326
-0.0007069052663
-0.0005555216921
0.0001625066507
-0.002909738338
0.0003202392254
-0.002083526924
-0.0001778596925
-0.0001725962356
0.00289147906
0.001470206538
0.001141225453
0.000319327577
-0.002305522095
0.003776326543
-0.003079565708
0.001061716699
-0.0006429400528
-0.0001488989219
-0.0009996808367
-0.002072952455
-0.003696948988
-0.001452017343
-0.003079592483
-0.002308716765
0.002921853447
-0.001745360089
-0.003615391441
-0.001280925004
0.043277096
-0.02871850505
0.006928992458
-0.07764751464
-0.04127787799
-0.06941237301
-0.001019228832
0.0005707244272
-0.04299619049
0.02217858098
-0.03707477823
0.01010604668
-0.03741977364
0.0187977571
-0.0032292041
-0.02496675402
0.04316194728
0.02320294268
0.02456619404
-0.01406694762
-0.003826584667
-0.01254544873
-0.01572834142
0.007536063436
0.01267603599
0.02508581057
-0.01513213944
-0.04485975578
-0.0019652599
0.01483792532
0.04512726143
-0.004607723095
-0.03937204555
0.0166125223
0.002177859191
-0.06524659693
-0.01212115027
-0.01670261286
0.008905590512
-0.01242856961
-0.04328516498
-0.07333350182
-0.02344236523
0.02793752402
0.04308271408
-0.04678367823
0.003875197144
-0.02345654368
-0.03684354573
-0.01644754596
0.05850041658
-0.02105319686
0.0298856888
0.001523034531
0.002823822899
-0.01294161566
-0.03546085954
-0.09244710952
-0.008163127117
0.04461909086
0.003095528577
0.03475615755
-0.04059203714
0.0711240992
0.008981388994
-0.02444322407
0.02040082775
-0.02928453684
-0.006214673165
-0.01701803878
0.02869915217
-0.01882508397
0.03023296781
-0.002792073414
-0.03667829558
-0.002773345448
0.01123237517
-0.01252455357
-0.001352249761
-0.04073201865
0.009678957984
0.008533949964
0.01118729915
-0.005530211609
0.02167917974
0.008070008829
1.283780693e-05
0.05872857571
-0.009965550154
0.03766611591
0.00176006835
-0.01763140969
0.02232840098
-0.005105271935
0.01370008104
-0.0122931581
-0.03276537359
4.408611858e-06
0.01134573109
-0.0339416042
0.0004422891943
0.001649832586
-0.01037556212
-0.008157952689
-0.02123519033
-0.0139725823
0.01490159892
0.01194000524
0.02244187333
-0.006594161037
0.0118898293
-0.02378944121
-0.009033760056
-0.03879035637
-0.02510003932
0.02528006211
-0.0004503428354
0.0173060298
0.007562193088
0.01148195565
0.01379406638
-0.01177530363
-0.02128081582
0.01279110555
0.000373387069
0.01078592055
0.01198622864
0.03449961916
1.354405958e-05
-0.0002105321473
-0.0003492641263
6.967185982e-06
-8.09455305e-05
-1.444654663e-05
-0.0002163228637
-9.754788334e-05
-0.0001156652288
0.0001537169155
0.0002139370044
-0.0002037832019
6.293675688e-05
0.0001643604483
0.0001468556729
8.474860078e-05
5.585524559e-05
5.317720934e-05
-1.43281668e-05
-0.0005681391922
-0.0006448478671
9.938083531e-05
0.0001254361123
0.0001697890693
-0.0001626330486
-0.0001377360459
0.0001735655242
-9.707481513e-05
2.549305691e-07
-1.058377165e-05
-0.0001412271522
5.097841859e-05
0.0003416592081
-0.0001193173957
-4.941709267e-05
9.596499149e-05
8.584875468e-05
-0.0004241410643
8.228748811e-06
2.571079676e-05
-6.39007485e-05
-0.0004486659018
-1.656753011e-05
-0.0001062248703
0.0001080678194
-0.0001049724378
-0.0001735153055
-0.0001411587582
-6.710589332e-06
1.916458859e-05
-0.000181810974
-0.0001111638776
-0.0004021906352
-2.623549517e-05
-3.903963807e-05
7.680123963e-05
7.54603825e-05
0.000472784508
-0.0002361895167
-0.0001494150492
9.901126032e-05
-0.000173561566
-0.0002617704449
6.375816884e-05
7.003844803e-05
-6.119080354e-08
-0.0001850505214
2.303119618e-05
-0.000130897999
-4.233112122e-05
-3.204061795e-05
0.0002573753591
-0.0004414392461
7.278733392e-05
1.652027436e-06
-0.000172845932
-2.80199456e-05
3.189629206e-05
0.000183258584
-4.49824729e-05
4.137551878e-05
6.006480544e-05
1.059567512e-05
-0.0002712794812
-9.173878789e-05
0.0001146415962
5.445974966e-05
-0.00033626816
-3.579682379e-05
-0.0002081613784
0.0001455921738
-7.409613318e-05
-0.0001512401213
-9.452423546e-05
-9.337037773e-05
0.0003331881016
0.0001544658735
6.158489123e-05
1.813413292e-05
0.0001921396179
-5.365874313e-05
4.715844989e-05
5.810890798e-05
-0.0001749443181
4.918950799e-05
-0.0002610194788
-0.0001639827969
5.92439028e-06
-1.054185486e-05
-0.0001478277118
0.0001147909643
7.977057066e-06
-4.990080197e-05
0.000129963737
-0.0002209957747
2.005927854e-05
-1.08623608e-05
-7.859351172e-06
0.0001148712036
-6.329344615e-05
5.239446909e-05
-4.812726183e-05
-9.779645916e-05
3.046325219e-05
5.401378439e-05
-0.0001018725816
-0.0001540319936
2.442193363e-05
-0.1202581525
-0.1319368929
-0.04115903005
0.121471867
-0.03408520296
-0.02184643224
0.0571038723
-0.01097551081
0.05042955652
0.01154060755
-0.04464579001
-0.04198615253
0.07701774687
-0.04549879953
-0.007027533837
0.07165648788
-0.08886194229
-0.0247316137
-0.03748312965
-0.0946462974
-0.1664075702
-0.00692026224
0.02664938197
-0.001703920425
-0.07616327703
-0.162440896
-0.02390014939
-0.1325308979
0.0005542391445
0.04726112261
-0.08823236078
-0.01157474983
0.02121157572
-0.04831696302
-0.01655919291
0.05042110384
0.01524532866
-0.03928440064
-0.04629734904
-0.04854111001
0.04038172215
-0.05763925612
-0.007502794731
-0.03484673426
-0.02865562774
0.02065722272
0.03739393502
-0.06832140684
0.1533726305
0.0392245166
-0.2321051508
-0.05748245493
0.004721080884
-0.02812594734
-0.05221769959
-0.00250852271
0.07669100165
0.113702856
-0.1025481001
-0.1769264042
-0.1036134884
-0.1102201492
0.09372254461
-0.03064751998
-0.03110573255
0.06167558208
-0.040358264
0.003492267337
-0.1360476911
-0.05043037236
-0.03012146801
-0.03006062098
-0.1026504561
0.0025894274
0.03542416915
-0.08011905849
0.01347636711
0.02199413441
0.01139659155
0.04390747845
-0.02187267691
-0.01439061295
-0.01286395919
-0.005821696017
-0.02273317985
-0.04246436805
0.002343081869
-0.05349919945
0.07559975982
-0.04386215657
0.01301656757
-0.02927685715
-0.05004870892
0.08944445103
0.00824882742
0.01355762314
-0.04089686647
0.02090911008
-0.0006978898309
-0.01071497798
0.03463770077
0.04351091385
0.01947709173
-0.03708906844
0.06724702567
-0.01478063781
-0.08388846368
0.01976779662
-0.06085140631
-0.02510717139
0.003186136018
0.06586664915
0.01961555332
0.1114005223
0.03183859214
-0.1207141951
0.0546666868
-0.02788445912
-0.0140078431
-0.03906165063
0.03782794252
0.06813625991
0.01148845255
-0.01406801958
-0.0470117107
-0.006861787289
-0.04355099797
-0.008561434224
-0.0003395616077
0.001491669682
0.001588487765
0.001156980288
-0.001034499845
0.001433709753
-0.0006506790523
0.003502713516
-0.0009609875851
0.003789500799
0.001047257916
0.004127650056
-0.000396827003
0.0003665853001
0.0006583111244
0.003294782015
-0.0009589929832
-0.001010800479
0.0008140236605
-0.000126962128
0.001197174424
-0.001244905056
-0.001276727766
-0.00130017777
0.00239338656
-0.001118912944
-0.002991562011
0.00339181372
-0.003271932481
0.002513854764
0.002772344975
0.001650805702
0.001622443437
0.002616716782
-0.001565797487
0.003710809164
-0.001838841708
0.001560623292
-0.00148065656
0.0004220338305
0.0005190267693
-0.0007200610708
-0.001348123071
0.00142303051
-0.0006480698939
0.001053803717
0.0005159183056
0.00264980644
-0.002873104531
7.697797992e-05
0.001704140101
0.0005582782906
-0.004164883401
-0.001019168878
-0.001299868105
-0.0003545074142
-0.003919560462
-0.004438446369
0.001399438363
0.0004402442137
-0.001291348482
0.00168023177
-0.003351833206
-0.000806488737
-0.0007297962438
-0.000856939354
-0.0001687280601
0.001004767837
0.004250354599
0.003692912869
-0.0005429559387
-0.0002563451417
0.00285486714
0.0006822169526
0.0007015062729
0.004331049509
-4.50994703e-05
0.001334730652
-0.001370255719
0.004757097457
-0.0010075639
-0.0008138288395
0.0003556135052
0.001293463865
0.0005726595409
0.0008379536448
-0.001240393729
0.0003391125938
-0.0006551729166
-0.0002392817696
0.0004202659184
0.003284265753
-0.0006508646766
-0.0005455735372
-0.0004249665362
0.001945674769
0.003456727136
-0.0005922524724
-0.0008205333725
0.0023862198
-0.0004085045075
-0.0005706310039
-0.001047310885
0.0004012956051
0.0003903024481
0.002562673995
0.003312221728
-0.0006171962596
0.002046879381
0.004796852823
9.301442333e-05
0.001512539806
-0.0006931870594
0.001689051394
-5.430461897e-05
0.0009407433681
0.0001400500187
0.0009337318479
-0.001399405766
-0.0007761094021
-0.0007036066963
-0.0008797599585
0.002957886783
0.0001859666518
0.0009224442765
-0.0006058529834
-0.001464954694
-0.0004714261449
-0.0005609364598
0.001156818704
0.001043923548
0.0007331212983
-0.0008097504615
0.0009984737262
0.0003016350383
0.002148259198
-0.0006075147539
0.002138761804
0.0003436446423
0.002714995993
-0.0004571498139
-0.0002292607969
0.0001171338299
0.001825748244
-0.0006232779124
-0.0005152183585
0.0008753607399
-0.0007486899267
0.002088214038
-0.001149537624
-0.001142172609
-0.001079548383
0.001783329877
-0.0007135760388
-0.002651885618
0.001720909728
-0.002395387739
0.001030661399
0.001238884171
0.0007170377648
0.0002412537433
0.001478350256
-0.0008943334105
0.001654066611
-0.001264382387
0.001285038888
-0.001027025864
0.0002221181931
0.0005698816385
-1.287222949e-05
-0.0008886530413
0.0009551839321
-0.0006441826699
0.0002438720112
0.0009033261449
0.00201538438
-0.002025223803
0.0001442068897
0.001629750244
0.0002518561378
-0.002186883707
-0.0009208404808
-0.001130465418
-0.0004788512888
-0.002487568418
-0.00236437656
0.0009006340988
0.0003688089782
-0.001288586063
0.0009075491107
-0.003079133108
-0.000608375587
-0.0004210542829
-0.0005853262846
0.0003136061714
-0.0002883389825
0.002494141925
0.002214860171
-0.0003090280516
-0.0005899885437
0.002555902814
0.0003274346818
-0.0001679892885
0.003067813814
0.0001582300029
0.0005689725513
-0.0003992868296
0.003640281502
-0.0005472930497
-0.0005853313487
0.001173178083
0.001326593221
0.0007876997115
0.0001549538138
-0.001109414967
0.0003643534728
-0.0002710921399
8.634594997e-05
-0.0005320088239
0.00192465377
0.000159368341
-0.0001853160793
5.430224337e-05
0.0005568574416
0.002535347827
-0.0001375763386
-0.0003588388208
0.002057129284
-7.130422455e-05
-0.0002025399881
-0.0007261696737
0.0008657725411
4.470460408e-05
0.002427957719
0.002439781791
-0.0004787177604
0.0009161559865
0.003134162631
-6.665154069e-05
0.0006938508013
3.920689414e-05
0.0006365347072
0.0005839975784
0.0005081576528
0.0002013940393
0.0008649015799
-0.0009319205419
-3.069948434e-05
0.0005315917078
-0.000438865216
0.002526558237
0.0006261997041
-3.005188591e-05
-6.541189214e-05
-0.0001820755133
0.0001086822958
3.580696284e-05
0.0002448243904
0.0006411536597
-7.559645019e-05
0.0001184528737
-9.993396816e-05
0.0002058907703
4.860535046e-05
9.7794662e-05
-0.0002249026875
-0.0003107741068
0.0001948229765
-3.277057112e-05
-0.0003329337633
-0.0001974482875
-0.000258425076
-0.000139515847
-0.0001053973683
5.483775749e-05
0.000813638675
0.0007695693639
-0.0001730619406
-0.0002090898342
-0.0002739206247
0.0001968392753
0.0002561339934
-0.0001559310331
9.586109081e-05
0.0001558587392
0.0001628790778
0.0003056678106
-0.0001067153644
-0.0005189189105
0.0002153692622
4.646533489e-05
-0.000203898453
-0.0001519045327
0.0006864436436
-3.617510401e-06
-7.734328392e-05
3.119729445e-05
0.0007465459057
2.196181231e-05
9.557406156e-05
-0.0002356972691
0.0001990717719
0.0001238215045
0.000105037514
2.972883522e-05
-0.0001129008597
0.0002072863572
0.0002229410602
0.0003147645912
3.206290785e-05
0.0001171192489
-9.822148422e-05
3.087633741e-05
-5.20505746e-05
0.0005087844911
0.0002436257055
-0.0001312589593
0.0003498749575
9.588135072e-06
0.0001325822086
-9.534742276e-05
4.98550362e-05
0.0003165874805
-2.102005783e-05
7.906636893e-05
-9.051209418e-06
9.132108971e-05
-0.0003254252952
0.0005539731937
-0.0001872435678
3.237460623e-05
9.555327779e-06
6.915177801e-05
-6.626787945e-05
-0.0002800096408
-7.339793228e-05
-6.315474457e-05
-9.312509792e-05
-5.892669651e-05
0.0003412372898
0.0001610763284
-0.0001565940911
1.642861207e-06
0.0005328705302
5.216653517e-05
0.0003393488296
-0.0001909476123
0.0001466707181
0.0002200569434
0.0001594690257
0.0001559307129
-0.0004043208901
-0.0004924341338
-9.639065684e-05
-2.933108044e-05
-0.0005677973968
3.657098932e-05
-6.729021698e-05
-7.151534373e-05
0.0002551311336
-8.533518849e-05
0.0002957830147
0.0001504398388
6.637314073e-06
1.823055209e-05
7.145335258e-05
-0.0001469424315
-2.163419776e-05
3.757046579e-05
-0.0001288041822
0.0002958849655
-3.832115908e-05
3.381798706e-06
-3.921990356e-05
-2.486003359e-05
8.830386651e-05
-4.893694131e-05
6.639357889e-05
0.0002082987485
-7.02530815e-06
-8.877673827e-05
0.0001643323048
0.000208175552
-8.52055673e-05
9.984064673e-05
-6.796052185e-05
-8.253316628e-05
-0.0001466974645
0.0002199912124
-0.0002211351239
-1.839696779e-05
-0.0004142498656
0.001196012367
-0.0007656105445
-3.651093948e-06
-0.0005358786439
5.533361036e-05
3.782081694e-05
9.202506772e-05
-0.000410067034
5.720326226e-05
0.0001021597345
-0.0001983178518
-2.224119089e-05
6.952518015e-05
0.0001898913324
0.000246680167
-1.758144208e-05
-0.0002313514269
0.0002189591323
0.0004511702573
-0.0002979728743
0.0006282165414
-0.0005492693745
-0.0005687288358
-0.0002658637241
-0.0002820089576
-0.0005053544301
0.0001601910335
-0.0001734114339
0.0002253220009
-0.0003738429223
0.0002975671669
-1.966211494e-05
-8.96380152e-05
0.0002516166132
0.0003093207488
-0.0001494109019
5.478973435e-06
4.503630043e-05
-0.000240635869
-0.0003746527364
7.815456047e-05
7.177247608e-05
-0.0001748179056
-0.0001206657762
-0.0003256297205
0.0003019648429
0.0002314168669
1.611966945e-05
0.001119076507
0.0002855125058
-2.721756573e-05
3.855773684e-05
0.0001251263748
-0.0002029224561
0.002656162716
-0.0003814930387
6.443925668e-05
7.494071906e-05
0.0001458737679
-0.0001374456624
-0.0004297230626
-0.0004530340084
9.562548803e-05
1.225862525e-05
-0.0003157194005
-0.0001042702861
-0.0002339266357
-0.0005190253141
-4.014225487e-05
-0.0001879613119
9.658704948e-05
-0.0006150025874
0.000119937773
7.980191731e-05
-9.191708523e-05
-0.0001841128978
-9.308440349e-05
-0.0001600315445
0.00018788538
0.0001099131041
6.923727051e-05
0.000130903456
-9.216862236e-05
-0.0002356140176
0.0001339842711
0.0001166526272
9.451794904e-05
-0.0006603697548
-0.0005474576028
3.324130375e-05
0.0001009297121
-0.0005695391446
-6.243441021e-06
4.280031135e-05
0.0001172490156
-9.795339793e-07
-3.775774167e-05
-0.0003236285993
-0.0003486551868
9.088846127e-05
-0.0003376129316
-0.0008899567765
-6.425136235e-05
-0.0001497579215
6.921413296e-05
-0.0004076058103
8.304989024e-05
-0.0001426319359
-4.379156962e-05
-0.0001912731677
0.0002725512313
0.0001064260359
9.521201719e-05
0.0001063460877
-0.000460919895
-8.163387974e-05
-9.367783787e-05
0.0001183940985
0.0001292378583
5.829691145e-05
0.0007022054051
0.004574397113
0.003450022079
-0.004747332074
0.0006543125492
0.004143365659
-0.0005135337706
0.004078569822
0.004019374494
0.004874393344
0.001964208437
0.001736786799
-0.001075157896
0.001739142695
0.002930339193
0.003178141778
0.001333303167
-0.001978744753
0.001580509474
0.003338285489
0.00575846713
-0.0004286774492
-0.0003594172595
-0.00218078983
0.00267252326
0.001043817261
-0.002821595175
0.008350288495
-0.004497301299
-0.002125387546
0.007875852287
0.004667577799
0.003186602145
0.004425347783
-0.0009042257443
0.007362722885
-0.0007963592652
-0.0009661152144
-0.001325805788
0.002456383314
0.001303698285
0.002022023313
-0.001178605715
0.002011090983
0.002269280609
0.0007111947052
-0.001131151686
0.001102223527
0.001908792416
-0.0003683104296
0.006379936356
0.001683376031
-0.02306959592
0.001015588176
-0.0004993368639
0.0002699562756
-0.0007398411981
0.006339905784
0.004086011089
0.005595206749
0.001623178599
0.004805463366
-0.006440455094
0.001573292539
-0.0007859879406
-0.002296363935
-0.0004968944704
0.002268346725
0.007514619268
0.004258407746
-0.0007529770955
0.003451234428
0.003686266951
0.001156273531
0.001064851647
0.004126625136
0.0004454271984
0.001751906937
0.0007854766445
-0.001255669747
-0.001809604233
-0.000749942963
0.001769780763
0.001888641622
0.0005170651129
0.003146226984
-0.001198108774
0.0009769891622
-0.001902142423
0.00123258098
0.0008927406743
0.003063577227
-0.0005336076138
-0.001469173585
-0.0008514208603
0.006604603957
0.004613846075
-0.001590916887
-0.002067724708
0.004901456181
-0.001192132942
-0.0008685263456
-0.00139084598
0.001612112275
-0.0005436250358
0.002701085759
0.00555767538
-0.001778632868
0.004266814329
0.008802521974
3.008171188e-05
0.000278624153
-0.002767693251
0.002176715527
-0.001288031461
0.003499064595
-0.001899770577
0.002082417021
1.51266795e-05
-0.0009212439763
-0.00239127432
-0.002212034771
-0.001981319627
0.002196105896
0.001666902448
-0.001114066807
-0.002974527888
-0.001130901626
0.0002757484617
-0.0002241698094
-2.693188071e-05
0.0001466601389
0.0001377188019
6.939686864e-05
-0.0006756581133
-0.0003615571477
0.0001244529994
-0.0001570314926
0.0002035245416
2.501384188e-05
0.0001304645848
0.0002870454337
9.428244812e-05
0.000653826457
4.644105866e-05
2.397784738e-05
-0.0003263289691
3.449678115e-05
-0.0009949344676
0.0003299041418
0.0001385768846
4.846652155e-05
-0.0001593875204
5.03215997e-05
0.0005468605668
4.716967669e-05
0.0001705516624
6.50414222e-05
0.0001173203564
0.0004192308988
0.0005790393916
-1.588003215e-05
-3.375061351e-05
0.0002773161395
0.0001118231739
-0.0002103880252
4.655436896e-06
-5.469002645e-05
-0.0001197676829
-0.0004041199572
0.0001315572736
-4.731998342e-05
0.0001386907243
0.0003253614414
-0.0003344637807
-0.0004294942482
0.0001422924252
1.915377652e-06
-0.0004708758206
0.0002410621382
0.0001783811167
4.053329394e-05
0.0001095942571
0.0001469426206
3.573612412e-05
-0.0003844405001
-0.0001270424837
-0.0001897782931
0.0003983149654
0.0001114329425
0.001030356856
-2.565048453e-05
-4.187181912e-05
-1.844040162e-05
-0.000343103573
0.0004555097839
0.0002876874642
0.000207884179
-0.0001867558167
3.753359488e-05
-0.0007137165521
-0.0001033654553
0.0005579536082
-6.659542851e-05
-0.0001647188328
0.0004801224277
-0.0004869237018
0.0004713890958
-4.577490836e-05
8.196088311e-05
-0.0007969423314
-0.0006254515029
-0.0003600994824
0.0007495590835
0.0001979216904
9.917392163e-06
-3.400872447e-05
-0.000263499649
0.0008519091643
0.0003387777833
-0.0004699188285
-0.0002238476009
-0.0003617009497
0.002146330895
8.370799333e-05
-0.0001243134029
-0.0002503136639
-0.0004920702195
-0.0001517407654
-9.196384053e-05
7.015079609e-05
-0.0004515992769
0.0001150693861
-0.0006346619921
-0.0002271256526
-0.0001208084141
0.0008917595842
0.0003546684457
0.0002417274227
1.593899106e-05
-0.0005168474745
0.001061204821
-0.0008619673317
0.000223839379
-6.146848318e-05
-5.256931763e-05
-0.0002027239389
-0.000394481729
-0.0007669920451
-0.0001956008491
-0.0005004322156
-0.0005785420071
0.0003180063213
-0.0002909679897
-0.0006293644547
-0.0004556763452
-0.001055198023
0.0008622296737
0.0004504468816
-0.0006681729574
-0.000428271218
-0.0005267971428
0.002001791028
0.001336950576
-3.192924487e-05
0.0003737033694
-0.0005602794117
-0.0002901320695
-0.0002260020556
-0.001381620415
-0.000229931029
-0.002815360436
-0.0002745408565
-0.0003548581444
0.001221636892
0.0008939817199
0.003444815055
-0.001523298328
-0.0005245790817
-0.0004114342446
0.0005271377158
2.825307092e-06
-0.001952776802
0.0002138973214
-0.0002971036592
-7.093944441e-05
-0.0002156894916
-0.001528238878
-0.002339643426
0.00025467659
-3.298324737e-05
-0.000903039705
-0.0005485006841
0.0009831632487
4.189729952e-05
0.0001929768623
0.0003436146362
0.001859112061
-0.0006266888231
3.81582322e-06
-0.0008525813464
-0.0008652315009
0.0007660497213
0.001508548856
-0.0001869903354
-0.000472356478
0.0016700204
-0.0006151237758
0.0001886124373
-0.0001087309574
-0.0002661127364
-0.0004044513917
0.0001673223305
0.0003488324001
0.0009397243266
0.0008803730016
-0.001726031303
-0.000223499912
-0.0005326413666
-0.0004211004125
0.000391115871
0.0001911982836
0.001324554323
-0.001222952385
-0.001331396634
-0.001051221741
0.000692635309
0.0001861977216
0.002339141443
0.0003472124226
-0.00190558983
-0.0003244434483
0.0005491852644
-0.001936959918
0.002115998417
-0.002603383735
0.0004625824222
-7.368114166e-05
0.002972177463
0.002183866221
0.001193661476
-0.00278084469
-0.0004035712045
0.0001132228499
0.0001435885206
0.001154883183
-0.003432780737
-0.001355661079
0.00185868144
0.001048043137
0.001559187891
-0.008086590096
-0.0009004659369
0.0007463297807
0.0009385268786
0.001132493606
0.0004231803468
0.0006456269184
6.453935202e-05
0.001687264186
-0.0004400183097
0.00199727132
0.0005305953673
0.0006212420994
-0.003564694664
-0.001457348815
-0.0007833393756
-5.356533075e-05
0.001589323278
-0.004300748464
0.003132876009
-0.001087383716
-8.004199481e-05
-0.00022144588
0.001163833425
0.001714510028
0.002572121099
0.0007075168542
0.001338537782
0.002177157439
-0.001344379038
0.001350895851
0.001882827375
0.001594911679
-2.915314144e-05
-1.105037518e-05
-0.0001505026157
2.941836465e-05
-5.921106276e-05
3.681000817e-05
8.552506188e-05
4.561243259e-05
-7.721021393e-05
0.0001231013157
2.436691284e-05
1.863194484e-05
-2.070828486e-05
5.808741844e-05
3.547442248e-05
3.179751729e-06
2.566556759e-05
3.089524034e-05
3.319557072e-05
-0.0003401131835
-1.020642958e-05
-6.934141766e-06
9.155135558e-06
4.897924737e-05
-3.929135346e-06
-8.805313701e-05
-6.300739915e-05
-3.692917744e-05
-0.0001025919337
-6.189783744e-05
-9.607995162e-05
-1.99401893e-05
5.012291149e-05
-4.071945295e-05
2.512416813e-06
1.403406895e-05
7.65997811e-06
-0.0001318080467
-2.310107811e-05
-9.826776477e-07
1.728058487e-05
-0.0001630812039
-3.951102553e-05
-6.153461527e-06
5.353730376e-05
-0.0001125045019
8.309270925e-05
6.006100739e-05
-0.0001212085481
3.742229092e-05
2.309464799e-05
-9.03492255e-05
-0.0003045334888
-3.630569336e-05
-7.011113485e-05
2.584150934e-06
-3.958210436e-05
0.0002826879208
-9.172751743e-05
-4.079191785e-05
-2.726407183e-05
-8.628959768e-05
-0.0003959619498
3.09606985e-05
2.442455298e-05
-2.125828723e-05
-2.379285797e-05
-8.349001291e-05
-1.951834929e-05
1.889755185e-05
1.23872569e-05
4.672136856e-05
-8.872321814e-06
6.886457413e-05
-8.329546108e-05
0.0001025985039
1.085855274e-05
-2.906351801e-05
6.263919204e-05
7.452464342e-05
5.451536708e-06
1.578704541e-06
0.0001549603185
2.20043039e-05
4.547333083e-05
-5.062916171e-05
-5.336389222e-05
-0.0001314644032
-1.110844551e-05
-5.784650057e-05
-6.309301534e-05
-2.357801714e-05
3.059460596e-07
-2.069736183e-05
2.676252734e-06
-0.0001544254628
0.000191453204
3.682866009e-05
3.864270184e-05
0.0002085825108
2.308365947e-05
2.573924394e-05
-2.978940529e-06
5.516656074e-07
2.227947698e-05
4.718365017e-05
2.937649333e-05
-4.632806395e-06
-9.907103231e-05
6.857846529e-06
2.489440476e-07
1.826753578e-05
6.112522533e-05
-7.047221879e-05
2.244733332e-05
-1.414138387e-05
3.92639995e-05
3.560747791e-05
-3.69200643e-06
2.761157339e-05
0.0001218575126
-3.358215281e-06
0.0001185213914
0.0001094913896
-2.828395372e-05
-1.43414145e-05
3.809930422e-05
8.247478399e-05
-0.004219700117
-0.01521552447
-0.0121790925
0.01223015599
-0.001524790423
-0.008092111908
-0.001254137256
-0.01174016483
-0.006749962457
-0.01323249936
-0.005217617843
-0.01096074469
0.004658135585
-0.004691798706
-0.01035562716
0.0008811325533
-0.004737249576
0.002508814214
-0.01226155646
-0.01312971208
-0.01633235253
0.001650683815
0.0004006238887
0.006151264068
-0.007741239388
-0.007573618554
0.007343758829
-0.01960543543
0.01250876207
-0.008103340864
-0.02647234872
-0.007766157389
-0.003469375195
-0.0103803454
0.0003117738815
-0.01514946669
0.001251773676
-0.001337990747
0.002188968239
-0.01065220404
-0.003280702746
-0.00882164482
0.00467683794
-0.006588548422
-0.007016898133
0.0009510588134
0.003178162267
0.0004576351785
0.010031946
0.001576844486
-0.02412924357
-0.001753344201
0.0217876751
-0.002704626648
-0.002761282725
-0.001100295223
0.006252688356
0.03071231768
-0.01401372999
-0.02216926031
-0.005683049094
-0.013584489
0.01163585763
-0.008067975752
-0.0001463473891
0.005646069534
-0.002486740006
-0.00294996053
-0.01813984849
-0.007818742655
-0.0005512433709
-0.01173628587
-0.007764396723
-0.007164208684
0.00354903494
-0.01353782602
-0.003506971756
-0.0008963404689
-0.004917406011
0.004399473779
0.004480822012
0.001267772634
-0.007784787565
-0.006338258274
-0.001427423907
-0.005683593452
0.001029470237
-0.004346454516
0.005652391352
-0.006900412962
-8.348777192e-05
-0.008146523498
0.0005926315207
0.002199863549
0.001879531424
-0.005337412935
-0.009536411613
0.005301710684
0.005748773925
-0.01360348053
0.003891836619
0.002414600691
0.00452710595
-0.007211155258
0.001785969944
-0.006292940117
-0.01538983174
0.002577205189
-0.005808567628
-0.01776022464
0.000825877185
0.003085235832
0.008889704943
0.005751336459
0.00131572946
-0.01071406994
0.006306594238
-0.006003029179
-0.00289293984
-0.0001893361623
0.002786197467
0.00671290746
-0.002182746073
-0.01107761171
-0.003209285438
0.002265359042
0.00521636568
0.002232112456
-0.0008873624029
0.000751596177
0.0003922409669
-0.0005952485953
-0.0003014417307
-0.0004295097024
0.001774869976
0.001088150661
4.203418575e-05
0.0002687641827
-0.0005102596479
-0.0002865153365
-0.0002196306305
-0.001184246968
-0.0002069269976
-0.002474474953
-0.0002302502689
-0.0002762151416
0.001036819303
0.0007672564825
0.003055575769
-0.001282348996
-0.000431398541
-0.0003354728105
0.000441200129
3.543296407e-05
-0.001668705838
0.0001499009959
-0.0002498670365
-9.470432269e-05
-0.0002300758788
-0.001320876181
-0.002063365653
0.0001688504126
4.850371624e-07
-0.0007941985969
-0.0004337316495
0.0008470856119
6.683380343e-05
0.0001565489802
0.000307963026
0.001637479872
-0.000483956188
1.851447269e-05
-0.0007203190471
-0.0007534284377
0.0006874012761
0.001256540534
-0.0001697445841
-0.0003469853837
0.001470611431
-0.0005531245843
0.000127000967
-7.937453483e-05
-0.0001890713611
-0.0003722445981
0.0002123113227
0.0002883450361
0.0008052129997
0.0007774602273
-0.001459650113
-0.0002182746684
-0.0003025346668
-0.0003709744778
0.000316596328
0.0001671010104
0.001174333156
-0.001045481535
-0.001138418913
-0.0009089682717
0.0006063649198
0.0001229621848
0.002056882717
0.0003012372181
-0.001692719758
-0.0002907658054
0.0004761824966
-0.001679105684
0.001814229763
-0.002258536872
0.0003803113359
-9.254965698e-05
0.002588612493
0.001921020565
0.001054911176
-0.002400593134
-0.000360978971
0.0001100670488
0.0001208434915
0.001004487858
-0.002972101793
-0.001168073737
0.001645215787
0.000895373465
0.001351684798
-0.007350757252
-0.0007735655527
0.0006250988226
0.0008107530884
0.000964896637
0.0003821438586
0.0005305355298
3.094870772e-05
0.001468202216
-0.0003652331943
0.001743759611
0.0004624807334
0.0005378890783
-0.003125642659
-0.00134557602
-0.000680624682
-7.405258657e-05
0.00135043473
-0.003793075215
0.002743356628
-0.000898614293
-5.600613804e-05
-0.0001545327104
0.001005569356
0.001478967606
0.002245231532
0.0006027783966
0.001176397665
0.001880652271
-0.001132527948
0.001149875228
0.00163073244
0.001423638198
6.028099597e-05
0.0008431334863
0.0006193202571
0.0007704441668
-0.0005275107105
0.0007508682902
0.0001830419933
0.001556360279
-0.0004454407317
0.002329597715
0.0003464568581
0.001964427298
-0.0002116141259
0.0003836874967
0.0003323166166
0.001498844242
-0.0003602314973
-0.0004288370837
0.0005998554407
-0.0004888182157
0.001272664056
-0.0005070020561
-0.0005833991454
-0.000530758698
0.001059673144
-0.000724227808
-0.001563960686
0.001744518755
-0.001611811342
0.001268778346
0.001106033684
0.001015379676
0.0008951959899
0.001307708793
-0.0004367973888
0.001963884803
-0.0008041262627
0.0005264206557
-0.0007638381212
0.000155822112
0.0002471740299
-7.732242375e-05
-0.0006018680288
0.0006548986421
-0.0002092438372
0.0003979706671
0.0006606964744
0.001597829629
-0.0006765698199
0.0001341270836
0.0009464427712
-0.0001928621641
-0.002556393854
-0.0005772092845
-0.0008128196932
-8.105582674e-05
-0.001758520724
-0.002020807238
0.0005486265873
0.0001488730777
-0.0007324574399
0.0007312620874
-0.001876475639
-0.0001858161704
-0.0003222561791
-0.0004264718445
-5.205647176e-05
0.000270955381
0.002021871507
0.001938949572
-0.0001845514344
-0.0003380343551
0.001690813224
0.0003981238115
0.0004056348989
0.002374577802
3.375450979e-05
0.000748157443
-0.0007276390097
0.002250324702
-0.0004909178242
-0.0003920595627
0.0004185499565
0.0007165427087
0.0004188821767
0.0004127344873
-0.0007190121687
9.551269613e-05
-0.0002984988096
-0.0001373596024
-7.743652532e-06
0.001738358056
-0.0002822772367
-0.0002480221738
-0.0001658209949
0.001047063386
0.002122018719
-0.0002004429989
-0.000337176607
0.002056456171
-8.5190557e-05
-0.0002207447542
-0.0005207729409
0.000240424939
0.0003090675746
0.00148978841
0.001884784549
-0.0003336322843
0.0009871608345
0.002886491595
-2.69883858e-05
0.000756253663
-0.0002094265947
0.001000501798
9.821184358e-05
0.0003419072018
7.305623149e-05
0.0004913427401
-0.0007902163197
-0.0002883565612
-0.0002199325245
-0.0003326453443
0.001922428259
0.0004315531987
0.0003308226005
-0.0002789877472
-0.0006199081545
-6.255049084e-05
-0.06664393097
-0.07725556195
-0.03821754083
0.04601299763
-0.02769483067
-0.01628263667
0.02169432864
-0.009726399556
0.004519010428
-0.01949162595
-0.03633608669
0.005556384567
0.04580736905
-0.02845946699
-0.02467141114
0.04610101879
-0.0534982942
-0.007760303561
-0.02987633273
-0.06134182587
-0.09744910896
-0.002952161012
0.008489508182
0.02952564135
-0.03599781916
-0.09356462955
-0.007099356037
-0.06761067361
-0.001775509794
-0.00264846324
-0.09398752451
-0.01038973778
0.008488846011
-0.0438474901
-0.005136687774
0.008214990608
0.0006826870958
-0.02401568741
-0.02108885534
-0.03655582294
0.01561328117
-0.02880718373
0.0160240382
-0.02570668608
-0.02512402646
0.01676028036
0.01933331043
-0.02322921902
0.1376883239
0.02042135037
-0.1459835172
-0.02250139415
0.04155280814
-0.02770297788
-0.03038124368
0.007621621247
0.05624422431
-0.0118662864
-0.05121318996
-0.1234770119
-0.05510096997
-0.06530316919
0.05228557065
-0.0364025645
-0.02276122011
0.035274297
-0.02744466066
-0.005280700512
-0.07620199025
-0.02294406854
-0.0255509261
-0.01437518466
-0.06372393668
0.003859631484
0.03239164129
-0.02426429652
-0.006973454263
0.01596862078
0.01035773195
0.02979847416
-0.005492663011
-0.006953498814
-0.009173849598
-0.01690923609
-0.02108931541
-0.02462884411
-0.001598679693
-0.04298555478
0.03889900818
-0.03932125121
0.007160243578
-0.0103502553
-0.02735118009
0.03352094442
-1.251799404e-05
0.01045813598
-0.02568610571
0.01778043993
-0.0001854232687
0.009443335235
0.02139635012
0.02505579591
0.01473935694
-0.02752415277
0.0424159281
-0.01098709647
-0.05725796148
-0.001542529208
-0.02824873663
-0.02293052711
-0.001263950369
0.03352045268
0.01579301432
0.06910652667
0.01264059544
-0.06599300355
0.03433484212
-0.02174709551
0.001994582359
-0.0209769439
0.03329181671
0.037328206
0.02383136936
-0.0124919191
-0.02146491595
-0.001137724728
-0.02050701343
-0.005599913187
0.001107842661
-0.004940307699
-0.005492530297
-0.0006093196571
0.001335763838
-0.002981210127
0.003331141314
-0.007946535014
0.005941340234
-0.009919313714
-0.002450138098
-0.01411408465
0.0002758472983
-0.004397385754
-0.004355021287
-0.01101625152
0.001125365729
0.002174294321
-0.002991828602
-0.0004730427463
-0.0008627144271
-0.000873262994
8.914391219e-05
0.005190309603
-0.004922342952
0.000568339834
0.005040646065
-0.01210290752
0.008461989462
-0.006473540328
-0.00916223228
-0.00640165573
-0.006063088309
-0.008289942518
0.00214654766
-0.01200641878
0.004316177685
-0.00528057944
0.003376205452
-0.003514445387
-0.000291622011
0.003309501102
0.001413112273
-0.004255556036
-0.002099745907
-0.0004865196825
0.0001163185516
-0.001582887722
0.01148395706
-0.001935166423
-0.005498638842
-0.001502753468
0.0102613708
0.002837499836
0.001619407209
-0.0007959105424
0.01427972969
0.01140938606
-0.004814107437
-0.004026623443
0.0001417711755
-0.006585218478
0.008492663503
0.00147851021
0.001533270464
0.003230163828
0.002433568472
-0.003361837007
-0.01340504177
-0.008940871805
0.002392309252
-0.002325704787
-0.004139758181
-0.00412386423
-0.001652045758
-0.01596507058
0.0003977804445
-0.004173928872
0.0030530605
-0.01272153296
0.003044289071
0.001363791991
-0.0007809150848
-0.002277118154
-0.0007292771479
-0.003567035776
0.003414229723
0.003865776118
0.001883938094
0.0009307519649
-0.001365612261
-0.008089929819
0.001798089128
0.002318906831
0.0008848071448
-0.007215876132
-0.01078336872
0.001119189314
0.00279633794
-0.009010911919
0.001282548299
0.00111314212
0.002227605786
-0.001266730484
0.000296773389
-0.006087029353
-0.008925160393
0.001905334648
-0.005211568903
-0.0113172112
4.311848897e-06
-0.002833843231
0.004139515106
-0.004639246501
0.0008219332667
-0.004002416041
0.001702767797
-0.003689276753
0.004994195886
0.002403272549
0.005982493982
0.005395294633
-0.006950662006
-0.0006743003614
-0.003790074261
0.001268083812
0.004970797803
0.0013478084
0.0005118698464
-0.0009346926818
-0.002951970324
0.002303984948
-0.0009752699407
-0.001674929634
0.002452008659
-0.001541236066
0.005452825688
-0.0005300316261
-0.0001480703504
-0.0004959238577
0.0004281179572
0.0001006831808
-0.0006570873084
-0.001056900248
-0.0004689046473
0.0007270610076
-0.0004862167407
-0.005178634077
-0.001099001849
-0.0007706315955
1.912545667e-05
0.003942782525
-0.0005975368549
-0.001279134303
0.001062397729
-0.002562115435
0.00189466984
-0.0008572080405
-0.008099069819
-0.002134894952
0.0001446598471
-0.00239712256
0.0002250884427
-0.002260246081
0.0006025789771
-0.0021034854
-8.200217417e-05
-0.0001643192227
0.0001580497337
-0.0004782499745
-0.0001402678463
-0.001476080739
-0.0005220791791
-0.0002057847014
0.00339048449
0.0003825474414
0.0116743315
0.0002032397315
-0.001490927883
-0.002149992622
-0.02622170933
0.0003835219832
-0.0002610412776
-4.071666262e-05
0.00726004364
0.0006645427202
-0.001999496017
-0.001954621635
-0.0008879422676
-0.002246199409
0.006956138182
0.007909812033
0.0003303100821
0.001255360548
0.0006341119297
-0.0001370743848
-0.002289675409
-0.001143778325
0.0002719153126
-0.0007917584153
-0.0008200988523
-0.0002090838389
-0.0002480775292
-0.00187684549
0.0002942818974
-0.0003466490016
0.0003194850869
0.001815018943
0.0005261744373
-1.203445208e-05
-0.0001313135581
-0.0001727833878
0.000379646197
-0.001057025976
0.0007014273433
0.001020282507
0.0006228031707
-0.0007185226423
-0.0003262338869
-0.000443393481
-0.0001693456434
0.0007885387167
0.0002004966082
-0.002226416254
-0.0007991084713
0.0005728493561
0.0006717643701
0.001077985158
0.0007406395162
0.0002392295282
0.0002593527315
-0.001003425918
0.001300610602
-0.0003580597113
-0.001677729422
0.001039831084
-0.001514134696
-0.001809126348
0.0009469883516
0.0004891735152
0.001336035784
-0.0005389011931
0.0006519964081
-0.00127026916
0.001148619805
-0.0003363124561
0.001042152755
5.403357136e-05
0.002324043307
0.001534165
0.002693867078
0.001063249656
-0.000654783973
0.0002393835748
0.000735307869
0.0007132751052
0.04381372407
-0.02538105287
0.008554385975
-0.0735758245
-0.03771516681
-0.06583356112
-0.004512512125
0.002508288017
-0.04321816564
0.01958867349
-0.0312615186
0.01430288889
-0.03735121712
0.01701200381
-2.032646807e-05
-0.02075470239
0.04214650765
0.01864736713
0.02055125497
-0.01137708407
-0.001521281316
-0.01180953626
-0.01529918425
0.00361145474
0.01380819455
0.02439369448
-0.01366918813
-0.03602101654
0.004394230433
0.01370450389
0.04403717816
-0.00292296405
-0.03228154033
0.01572899707
0.004559313413
-0.05832611397
-0.01261025574
-0.01281663496
0.005508990493
-0.009681233205
-0.04167018831
-0.07352314889
-0.02725089528
0.02637218498
0.04354601353
-0.04620942473
0.01215558033
-0.02166666649
-0.01228179224
-0.01712545566
0.05907592922
-0.01589713618
-0.01716380008
0.007589310408
0.004521515686
-0.01056309137
-0.02262544446
-0.09135580063
-0.005128127057
0.04946731776
0.004165672231
0.03279542923
-0.02819016948
0.08288165927
0.009789775126
-0.02511940151
0.0196396485
-0.02687746659
-0.001071545412
-0.01559533086
0.02753117122
-0.01579172537
0.03131702542
-0.0003598015755
-0.03530096635
0.003171210177
0.01116876211
-0.01233399566
0.002598172985
-0.03993253782
0.008444957435
0.007405830082
0.01325710211
-0.002910267795
0.02105059475
0.00942366384
-1.281798541e-05
0.05783962458
-0.01052862965
0.0356731005
0.001079981448
-0.01692817546
0.02126219496
-0.006493127439
0.01159962732
-0.01146343909
-0.02763428353
-0.001509742346
0.009990954772
-0.0270077046
9.732885519e-05
0.0004032471334
-0.01097486913
-0.006472385954
-0.02167149819
-0.01165250503
0.01749434508
0.01096758991
0.02249119803
-0.00412964914
0.01339451876
-0.02230726741
-0.008437721059
-0.03933202475
-0.02543647774
0.02702092007
0.0006010864163
0.01729384251
0.007557336707
0.01057258062
0.01469325926
-0.01057017501
-0.02119002864
0.0130450651
0.0008751291316
0.008067236282
0.01203903556
0.03348239884
-0.0003422627924
0.001866153558
0.002129618078
0.002158089541
-0.001139169326
0.002162177581
-0.002040827181
0.005284878425
-0.002625134308
0.00585657917
0.002484288532
0.006569164339
-0.000628419104
0.002308482304
0.002065448789
0.00680026086
-0.001225808519
-0.001739092753
0.0007817306905
-0.001633316977
-0.001581391902
-0.0004394424323
-0.0008113457006
-0.002174166497
0.00291524292
-0.002123300685
-0.004109632224
0.006332815625
-0.005034357309
0.00372197642
0.004489509854
0.003466683906
0.004720975645
0.005152971018
-0.001795542659
0.007405999117
-0.002798834117
0.001910427702
-0.001801638282
0.001418340718
0.0005909973988
-0.003475696314
-0.001274241251
0.001968658529
0.0002817891655
0.001817543292
-0.0008160772268
0.003898672527
-0.006027019583
0.0009544614004
0.002593984362
0.0009301882237
-0.007287797518
-0.002485640114
-0.001873842091
0.0005479624378
-0.006723685656
-0.006286905613
0.002198372968
0.0007992859464
-0.001292047324
0.00296996464
-0.00357427774
-0.002003418515
-0.001436206629
-0.002172009787
-0.0009838780388
0.002329698997
0.008624382317
0.007245731074
-0.001565281302
0.001265082508
0.003936672583
0.002052270574
0.001383804018
0.00745932525
-0.0003525494249
0.00252235611
-0.001369319391
0.009244793095
-0.002339836909
-0.001621587435
0.0002371326555
0.001719420659
0.0009297528304
0.002172488254
-0.002877477556
-0.0008135179523
-0.001682058908
-0.001267151558
0.001849984168
0.00626759883
-0.001939869602
-0.001728702453
-0.001453030622
0.004230760038
0.00685601728
-0.001371572725
-0.001883391524
0.004218490329
-0.001000982826
-0.001333295368
-0.002135907533
0.0003378862457
0.0009416706162
0.004542799201
0.006512907334
-0.00162275508
0.004060581326
0.008253546432
0.0004541904491
0.001757011632
-0.001651373459
0.003245749278
-0.001061462099
0.002556659281
-0.0002261404006
0.001974839251
-0.002289884491
-0.001974683255
-0.001407933072
-0.002280874643
0.004249451216
-0.0001609350875
0.00246236776
-0.001736872364
-0.003952656407
-0.0009356702794
-0.0001078228015
-3.71879978e-05
-0.0003429486533
7.006192754e-05
-6.873675738e-05
-1.574321504e-05
0.0004328115319
-1.611771768e-05
2.709257205e-05
8.636784332e-05
-0.0001314812835
-0.0001686554897
-8.742641512e-05
2.259939356e-05
-8.698914462e-05
-0.0004672114155
9.817051614e-05
0.0001363791525
5.798446728e-05
-0.0007380433381
0.0003565489314
1.019942374e-05
3.673772881e-05
0.0001249292545
-4.877054016e-05
-9.130824037e-05
-8.710398106e-05
-0.000271041732
-8.302672359e-05
-0.0003161779896
-0.0004700591089
-0.0002868674346
-0.0002283657377
-0.0003011741792
0.0001032646906
-0.000313654833
0.0001190728872
-0.0003346062731
3.485600246e-05
-2.357169069e-05
6.373056385e-05
-0.0001693040249
7.614518381e-06
-4.633632489e-05
9.126353689e-05
-0.0003613162262
0.0003162130597
-3.087311052e-05
-0.0001020279815
0.000141245735
5.158602653e-05
-0.0003060872259
8.223439363e-05
-4.326175622e-05
-0.0001308560459
-4.680204074e-05
0.0001075131877
6.507913349e-05
-0.0002408288856
-5.221515676e-05
-0.0001016092501
-0.0003068826627
-0.0005415483611
0.0001256946998
8.659398736e-05
6.442992344e-06
6.223338278e-05
-0.0003099415335
-0.0003287119907
-0.0001768579241
9.32316907e-05
-4.770194209e-05
2.659328493e-05
8.69019641e-05
-0.0003533205308
1.655174492e-05
9.245530964e-05
-0.0003445703187
0.0002978728444
-1.171776421e-05
9.780083928e-05
3.432503581e-05
0.0004708125198
0.0001084226315
0.0001349130034
-0.0003379186965
-0.0001055616085
-0.0001740068255
3.259617006e-05
-2.362442683e-05
-0.0003556623997
-0.0002768970444
0.0001399593893
3.309958265e-05
0.000138892894
-0.0008656100836
0.0001883081277
0.0001363837946
0.0001691957586
0.0005958459806
0.0001119874723
9.594573203e-05
3.074889901e-05
9.179145127e-05
-1.733648787e-05
0.0001236670796
-2.796977242e-05
1.585507562e-06
-0.0006274501793
-0.000484120741
-5.622275785e-05
-3.780307088e-05
0.0002374903124
-0.0004398387391
0.0001720850996
-0.0002485073346
0.0001380601752
1.944956966e-05
1.669348421e-05
0.0001863344514
0.0004298349086
9.225444956e-05
0.0003208685375
0.0003332874912
-0.0002629613446
6.999001926e-05
0.0003747633018
0.0002927386377
-0.05804884061
-0.1059839204
-0.04531268775
0.03414397314
-0.0539678745
-0.02044128999
0.05873429775
-0.01358506642
0.09474280477
0.01460150816
-0.02328426018
0.00905965548
0.06751637906
-0.04687522352
-0.03031300195
0.0552771315
-0.09334430844
-0.006894634571
-0.02829089388
-0.07891621441
-0.1580645889
-0.01595091261
0.003401088296
-0.03345288709
-0.07594976574
-0.1554020792
-0.02548335493
-0.1390269846
-0.002565565286
-0.003615202382
-0.1149548218
-0.01683694124
0.01542911958
-0.05909151956
0.0005073503125
0.03786646202
0.008809685707
-0.02538819611
-0.03240475431
-0.04740817845
0.03001252003
-0.03009106219
0.06368304044
-0.03674254939
-0.02815899998
0.02185626328
0.05627258494
-0.06425067037
0.102818422
0.02916629054
-0.2092944086
-0.04601147771
-0.04230483994
-0.02227165923
-0.05993913859
0.002366306027
0.07957170904
0.1346158683
-0.06572310627
-0.1662431359
-0.09179951996
-0.0678396821
0.1198415905
-0.05724750087
-0.02953282185
0.05503384396
-0.0337119922
-0.0003124765062
-0.1239514202
-0.04616713151
-0.03029332124
-0.02494535968
-0.08787209541
0.004196403548
0.03399894014
-0.03131916001
0.007618453354
0.02015673369
0.01655670069
0.02710961737
-0.01931197196
-0.01317556947
-0.008841256611
-0.009397929534
-0.02271938324
-0.03539338335
-0.0004967243876
-0.04945578799
0.06587199867
-0.04321207106
0.01210987661
-0.02590775862
-0.04352729768
0.0754538551
0.006192063913
0.01227672771
-0.041510351
0.01998155378
-0.001711187069
0.0004235642264
0.0285616722
0.0391764231
0.0166965723
-0.03348060325
0.04479480535
-0.0134636201
-0.07855191827
0.01407083031
-0.04926037416
-0.0228910055
0.002394170733
0.05584156513
0.0180578772
0.1009245887
0.02476621233
-0.1085737944
0.05280698091
-0.02655099891
0.00899811741
-0.03494004533
0.03944129497
0.06133619696
0.01049033273
-0.02127781697
-0.04196111113
-0.005587282591
-0.03972937912
-0.005297856405
0.000459212868
-0.0006012300146
-0.000480811228
-4.326173075e-05
0.0001291648805
0.0002928233589
-0.002977213124
-5.862322723e-05
-0.0006127661327
0.000573099649
0.002036051592
-0.0001798974117
0.0004202701966
0.001027452643
0.001168636256
0.002101650462
4.171253022e-05
-0.0003935303248
-0.0007438197499
0.0008571670623
-0.0046395557
0.0006650200812
0.0005636427668
0.0003007634077
-0.0003887627681
-0.0004513384192
0.0009452094673
0.0009917316493
-0.0002442915284
0.001446474227
0.001265032915
0.001572595444
0.002573286183
0.0009352905909
-0.0005636009737
0.002472033957
-9.838947153e-05
-0.0007532017771
-2.018013583e-05
0.0003227775451
-0.0004454093287
-0.001117922948
2.077201134e-05
3.547660162e-05
0.0004937973572
0.001186234411
-0.002414956223
-0.0001594319474
0.0004839047906
-0.0002688482928
-0.0007451498532
0.00064989354
-0.001916962559
-0.0002005514398
0.0001842836209
0.0005770918215
-0.0006786790909
-0.0007095723995
-0.0004569897428
-0.0002736184397
0.0009937708965
0.0003007526684
0.003415742656
-0.001263647224
-0.0001171906479
-0.0002846586285
-0.001347538782
0.001730174874
0.001518555335
0.001013919013
-0.0005868736189
0.001677693566
-0.001676322077
0.0005219284794
0.001422113506
-0.001057205256
-0.0004843523493
0.001727960538
3.056711284e-05
0.0002849485027
-0.0002468840394
0.0001484869135
-0.002270876197
-0.0008350647404
-0.001088127843
0.00191748247
0.0004481018987
-0.001381904818
-0.0002525792515
-0.000938171579
0.002151521388
0.0009593335562
-0.001419759938
-0.0007114505279
-0.001026312471
0.003531775204
0.0007668012986
-0.0004108689318
-0.000490881328
-0.001075352659
-0.0005378579372
-0.0002974006638
8.497161616e-05
-0.001637733076
0.0002164271718
-0.001428097836
-0.0002553404483
-5.262276682e-05
0.001714156009
0.0008663557237
0.0005291120033
0.0002200926829
-0.00118401472
0.002124748426
-0.001782600069
0.0006796952803
-0.0008354086895
-0.0001306515478
9.987062367e-05
-0.001203656662
-0.002005135641
-0.000767263351
-0.002533983439
-0.001548593747
0.001657613204
-0.0009067551582
-0.002226895653
-0.0008631042438
