-0.2507778406
0.05526756123
-0.4497598112
-0.00502187293
0.0832323432
0.4845931232
0.03360131755
-0.01132272929
-0.0428757146
-0.01641312428
-0.4217443168
-0.002075223485
-0.2960074246
-0.0247063525
0.0136295706
0.009730271995
-0.02145274729
-0.03577740863
0.01327630039
-0.001512467046
0.002329512965
0.009431201033
-0.001322893309
0.0004864964285
-0.01694629714
0.001841523219
0.02622224391
-0.0004338900035
-0.003563641571
-0.01757996157
-0.0006123877247
-0.0004880430643
-0.003094170708
-0.0009043824393
-0.00162641448
-7.78877893e-06
0.0001693790255
0.0007953180466
-4.785332203e-05
2.726535786e-05
0.0003083364863
2.876171675e-05
-0.002010032069
3.288386142e-05
-0.003361666575
0.0002551300859
-1.317329406e-05
4.910885036e-05
-0.07806545496
0.08946419507
0.009551954456
0.009180122986
0.009037112817
-0.01406572387
0.0007672970532
0.0009511082899
-0.007493858226
-0.003542287741
-0.0389694646
0.01806757972
-0.02656581625
0.05285941809
0.001720809261
-0.00331688812
0.229823783
0.6478281617
0.489538312
0.03540116176
0.03421929106
0.4220646918
0.008587466553
-0.0005398659268
0.004587059375
-0.009496012703
-0.06066467986
0.01259425282
0.2397945374
-0.09331654012
0.0003777052334
0.03644831851
0.1919129938
-0.1145905554
-0.09169847518
-0.06508263201
-0.01510899235
-0.2254195064
0.004532398656
-0.002406953368
-0.0919804424
0.008326218463
0.02110580169
-0.02050467022
0.02168302424
-0.02118994854
0.00784657523
-0.06993045658
-0.4908036888
0.3123368025
0.2822975218
0.01725873537
-0.007439140696
0.06665304303
-0.002932443051
0.002078508493
0.1964906156
-0.00319163641
-0.1622940153
0.002468230668
-0.1109286547
0.2630173862
-0.0002028059534
0.003210439812
0.004425586201
0.04923764244
-0.1985390782
0.003895787755
-0.002262497088
0.03856785968
0.003384759882
0.000289752672
-0.009120865725
-0.004959383048
-0.005319106393
-0.006137867458
0.0004376184661
-0.02128298394
0.002337555401
-0.00111318077
