-0.0002855766215
-0.0009856504621
0.0002555723768
6.817837129e-05
0.0004212917411
7.158418885e-05
-0.01464623492
0.05061196908
0.0004074063327
0.0002594541875
-0.001397374901
0.0001587397273
-0.0007819102611
2.950851922e-06
-0.0008377677877
-0.0001789885864
-1.034670277e-05
0.0002668565139
-0.003136303043
-0.001678920118
-0.0002835047198
-0.0001374407875
0.001042427379
0.0001109175428
0.01585586555
-0.001325275167
-0.001239913749
0.0003050738305
-7.507538248e-05
2.378231875e-05
0.0004043346271
-0.000974483497
