-0.001008299412
-8.22738657e-05
-6.910123921e-05
-0.0001842068887
0.0001174531862
-0.0009236391052
0.007127148099
0.001250316272
0.0006612098659
-0.002126633888
-4.74718945e-06
-7.135952183e-05
0.01453269366
-0.0006127335364
6.532661791e-05
8.044281276e-05
3.695336272e-05
-0.0005613595131
-0.0003146421805
0.0009594017174
2.551806392e-05
0.001420591143
0.0008521442069
-4.734015238e-05
0.005748589523
0.001952195074
-0.000212211773
0.0001005103695
-0.001533475588
0.0001599821262
0.01064270642
-0.001171753043
0.0006226277328
0.000134220536
0.0003635476751
1.797668665e-05
-0.0006699792575
0.00140852225
-0.006871833466
-0.0001471129945
-0.001474554185
0.001102921786
-0.002052562777
-0.0002981992729
-0.005822931416
0.0003178924089
4.758679279e-05
0.0004446545499
-0.0004967706627
0.0006185712991
-0.0008163832827
0.002837139182
8.260018512e-05
-0.002151880879
0.002407227876
0.0001089805446
-0.004076038022
-0.001440889901
-0.0003270971356
-0.002012801357
0.001204752596
0.0001936817134
-0.005892796908
0.0006438280689
1.601515187e-08
4.253818986e-08
1.651719117e-08
2.895165663e-09
-4.158785316e-09
1.749200962e-08
-1.540544048e-07
3.297961904e-10
-1.971692676e-08
2.379762698e-08
-5.629183164e-08
-1.435863872e-09
-1.567315024e-07
3.677645211e-08
1.582626652e-08
-7.210450015e-10
-1.643864378e-09
1.014558748e-08
1.992604526e-09
8.915381766e-10
4.230125694e-10
-4.16813819e-08
2.176545832e-09
-1.473294681e-10
-9.947994073e-08
-3.266667292e-08
1.363549829e-10
-5.650882784e-08
2.575880664e-08
-8.599775336e-10
-1.493055919e-07
6.560747501e-09
-0.001787804766
-0.0008783877711
-0.0009633851587
-0.008801489137
0.0009471824742
-0.001963350689
0.236410588
0.04741563275
-0.003457337618
-0.004884225316
-0.08524620533
-0.001158010331
0.238597095
-0.001341900672
-0.0008264691569
0.002019757638
0.0005931612104
0.002591345459
-0.0003164795053
0.002184954239
-0.0006460002041
0.004106919747
0.001998657361
-0.002979581244
0.1223574951
0.008289097808
-0.005862263497
-0.07901699096
-0.005327622872
-0.001106602023
0.1751434207
-0.00155681977
0.003380936105
-0.0011545585
0.0005196598358
0.001591736451
-0.0004132820468
-0.004222126678
0.001912302105
0.0005667012301
0.002778135473
0.004650313873
0.008133348078
0.000442392804
-0.04301597178
-0.001394981984
-0.00142968318
-0.0005885539576
-0.0001321554009
-0.001208563452
0.00058672874
-0.001993553946
-1.126382631e-05
0.00344428909
-0.001752269105
-0.0009344198625
-0.01078313962
0.0003243988322
0.002323713154
0.007213926874
0.001344659948
-0.0002361803054
-0.02764152363
0.003355966881
-0.003454849124
5.081098425e-05
-0.001602480304
-0.005638494622
0.001604326651
0.003839231562
0.0763566643
0.03105580062
-0.00522811152
-0.006085737143
-0.04142437875
-0.001734279795
0.1260315329
0.0003237159399
0.0003473326506
0.00282354909
0.001070555416
0.002415786497
-0.0002768906706
0.002721307101
-0.0007647833554
-0.00276583503
0.002468411811
0.0001092152961
0.06881190091
0.005066566635
-0.005608816165
-0.04298111051
-0.004712042864
-0.001245310297
0.1403841227
-0.002834428567
-0.003682755632
0.0005436916836
-0.001234971103
-0.001311788801
0.0006947290967
-0.0003886984487
0.03879331425
0.007019726094
-0.0004742276506
-0.005237597041
-0.01567672566
-0.0006696779747
0.07446280122
0.0006605715025
0.0009025635663
0.001051564002
0.0003252773313
5.024113489e-05
-0.0006291989121
0.002280640416
-9.703794785e-05
-0.0004184558638
0.002030812204
0.0005862730322
0.03058663197
0.003101196606
-0.001822749618
-0.01534726843
-0.00373685197
5.737791435e-05
0.06099754944
-0.003606855636
7.266577086e-06
-9.682989912e-05
-8.418066864e-05
3.664747965e-06
6.188054249e-05
-0.0001291339286
0.000914216449
-0.0001361947943
0.0001604962163
-2.85477854e-05
0.0002903775021
3.664587712e-05
0.0004276495893
-0.0001186727459
-0.000105941479
-4.683918814e-05
4.334151163e-05
-6.358414248e-05
6.162561476e-05
-0.0002659309539
-8.300306945e-06
0.0001511270093
-0.0002305528469
-6.724058039e-05
0.000371225382
0.0002654274576
5.046419756e-05
0.0002938046819
-0.0002774257155
-3.83920451e-07
0.0006380196428
5.174161925e-05
-6.609541015e-05
-0.002015261445
-0.0003136585292
0.006168914959
6.324969581e-05
-0.03197116777
0.1803412586
0.1056334376
0.0243542064
-0.00064528652
-0.1586572826
0.00116177497
0.4405667484
-0.00348991435
-0.001375911874
-0.001992461737
-0.0001635313383
-0.01682880521
-0.0007233682554
0.0009648863925
0.0006829292979
0.04961666837
0.0008612748352
-0.0003149886325
0.2477263808
0.01263639145
0.008902313188
-0.153872028
-0.006182346493
0.001613996224
0.3940398395
-0.001330205589
1.264372997e-07
2.164867283e-06
9.159017509e-07
7.652988643e-08
-1.127837095e-07
3.685725005e-07
-5.96166592e-06
1.131043291e-06
-5.125414759e-07
-7.920234566e-07
-3.012657317e-06
-1.798960767e-07
-3.660984476e-06
2.065482931e-06
9.91507136e-07
1.239962018e-07
-5.21250314e-08
1.371580254e-07
-1.122192117e-07
1.461080728e-06
3.89852417e-08
-7.0532991e-07
1.025890924e-06
-4.529341879e-08
-2.084497737e-06
-8.689677884e-07
-7.088952714e-08
-3.272805998e-06
9.821920912e-07
1.09802329e-07
-4.214318324e-06
-1.032273758e-06
0.001621334348
-9.05207562e-05
0.0001462673245
0.000488764781
-0.0001341325551
-9.915677947e-05
-0.01584146731
-0.0006462359452
4.875475133e-05
0.002875217469
0.001738523599
0.000142719975
-0.02414603345
0.0002933753713
-0.0003058081202
-0.0001590416214
-1.924893149e-05
7.154977357e-05
0.0004138105433
-0.001348787686
-2.852114631e-05
-0.0001632621133
-0.001190873911
-0.0002711741545
-0.008217827417
-0.001410739496
0.0005766738905
0.002245740732
0.001670471276
-0.0002032773045
-0.01915154606
0.001767837326
6.785601272e-07
-2.195381057e-06
-1.292197567e-06
-1.323086849e-07
1.714371649e-07
-7.606245731e-07
6.801836207e-06
-7.208893749e-07
9.960943999e-07
-4.535034464e-07
2.628223683e-06
2.089161768e-07
3.555909871e-06
-2.468791081e-06
-1.700051826e-06
1.529693705e-08
1.038145356e-07
-2.835413682e-07
3.528051309e-07
-1.752354137e-06
-5.301138728e-08
1.448006856e-06
-1.457112944e-06
-1.277213215e-07
3.408593102e-06
2.232871338e-06
2.294657122e-07
2.592965075e-06
-2.264842351e-06
-1.426892027e-07
4.686300599e-06
1.652541755e-06
-4.408267159e-06
-1.194467359e-06
-1.312619816e-06
-9.844104625e-07
7.836648592e-07
-9.832293472e-06
5.668079757e-05
-1.300613235e-07
1.016447914e-05
-8.501597222e-06
1.871958375e-05
-2.658238714e-07
4.548293873e-05
-3.119874918e-06
-1.47279934e-07
3.930841501e-07
2.28651416e-07
-4.708251254e-06
-1.128032068e-06
4.370281204e-06
9.603970597e-08
1.714115751e-05
3.826934062e-06
-3.918854418e-06
3.443665264e-05
3.508292866e-05
1.686556288e-06
1.849588079e-05
-2.608332034e-05
5.287076306e-07
4.685457316e-05
3.79192943e-06
1.328843813e-09
-1.849495668e-08
-7.184783879e-09
1.0170495e-10
1.40080747e-09
-4.171050172e-09
2.616685535e-08
-2.751829431e-09
4.561093281e-09
3.489763145e-09
1.052078868e-08
1.313482656e-09
2.037238822e-08
-1.5890949e-08
-1.005746331e-08
-7.000598434e-10
8.410862007e-10
-2.492535733e-09
1.394965921e-09
-7.539544988e-09
-3.142373861e-10
4.686261601e-09
-6.399128782e-09
-9.174521698e-10
1.204621647e-08
9.331730055e-09
3.736075338e-10
1.22345174e-08
-1.130931526e-08
-5.009016535e-10
2.453900905e-08
5.378827606e-09
5.943957149e-07
9.768011751e-07
3.871518004e-07
8.000453278e-08
-1.394978142e-07
5.821374884e-07
-3.844938874e-06
-3.800194861e-07
-6.149109026e-07
1.104301077e-06
-1.745464601e-06
6.354193616e-09
-6.237920843e-06
9.108277368e-07
2.326848119e-07
-4.287107913e-08
-4.899292705e-08
3.72793977e-07
1.330869424e-07
-3.689321204e-07
-1.060476817e-09
-1.312514769e-06
-3.046027643e-07
7.184577555e-08
-3.47824971e-06
-1.095595167e-06
5.731840247e-08
-1.776802833e-06
9.311258395e-07
-8.4389157e-08
-5.268299901e-06
6.208087484e-07
-1.457157123e-05
-6.820701674e-05
-5.103502554e-05
-7.899044249e-06
8.230365893e-06
-4.447180618e-05
0.000555906794
-0.0001142706606
7.408447709e-05
3.534537245e-05
0.000267095078
-2.732734174e-06
0.0003648104903
-5.737362517e-05
-1.145790065e-05
3.927673333e-06
3.094413387e-06
-1.625510777e-05
-9.492107893e-06
1.350155344e-05
4.237592464e-07
6.110739923e-05
1.393134153e-05
-1.795806838e-06
0.0001887718681
0.000110358822
1.779561535e-05
0.000293735473
-0.0001158297528
3.596266879e-06
0.0004049234558
-1.299797805e-05
