1.340866334e-06
-1.381040704e-07
-2.142871409e-07
-1.351139503e-07
-2.742220007e-09
4.003565535e-10
-1.210872051e-05
-9.698339909e-07
-3.621242683e-07
2.972401671e-05
1.660284826e-10
1.714776886e-06
1.746529961e-05
-4.752540463e-06
1.434585215e-06
7.469600405e-07
-4.140877991e-06
4.089774302e-05
1.103791874e-06
6.650931805e-09
3.376583436e-06
1.104172497e-05
-1.582635711e-08
5.874715381e-09
1.836797736e-08
-4.099318573e-07
-5.21387733e-07
-1.095811983e-11
-1.495904378e-08
2.733887641e-07
1.027381472e-06
-1.524487516e-06
6.794357521e-09
6.148624665e-11
2.695512737e-11
1.924539521e-11
-4.005741322e-13
-4.822419455e-14
5.906614642e-10
1.01776837e-10
1.066916416e-10
2.598797177e-09
1.720158521e-12
-2.406644883e-10
-1.988300191e-09
4.856920977e-10
-1.598898097e-10
-1.469920852e-10
-8.522270667e-10
-1.180339027e-08
-4.781085597e-11
-3.737204123e-12
-2.829197154e-10
5.075376786e-10
6.697715733e-12
-1.144263503e-12
-1.704732926e-12
1.157911891e-10
8.747177982e-11
1.704231645e-14
-8.281808399e-12
-6.884783021e-11
-1.425598528e-10
4.031554257e-10
1.013311171e-10
-1.031081037e-11
-1.278282341e-11
-5.121828742e-12
-9.848526617e-14
2.221691526e-14
-7.838470983e-10
-1.812265893e-10
-6.228256799e-11
3.395777659e-09
-1.834759693e-13
3.067570364e-10
1.133786731e-09
-5.037951306e-11
2.098433927e-10
1.05640198e-10
-5.512896251e-10
1.668793659e-09
2.965270807e-10
1.000872345e-12
2.807480637e-10
1.178019016e-09
-8.233827032e-13
2.232942157e-13
2.429766674e-12
-2.241604818e-11
-2.804699875e-11
-1.428201734e-14
-1.019731391e-12
5.377879739e-11
1.467853339e-10
1.897682705e-11
9.753122868e-06
4.143836065e-07
-2.258242148e-06
-1.358030659e-06
-2.028398782e-08
1.002470329e-11
-9.46248183e-05
-7.773328434e-07
-9.304464754e-08
0.0003718241642
1.049485334e-07
-1.058840098e-06
0.000202493713
-3.493482154e-06
9.34109039e-07
1.136056653e-07
-4.541409362e-05
0.0005115412059
-3.79004473e-06
2.348498107e-08
2.325037349e-05
0.0001162189874
-2.011824591e-07
5.768821154e-08
3.863030074e-08
1.517410055e-06
-1.906774401e-06
3.974776897e-10
-1.532462761e-07
-7.725280966e-07
5.372035048e-07
-4.821779385e-07
-1.578709453e-05
-6.088941973e-06
5.014932412e-06
2.535747399e-06
-5.850606666e-09
1.864726151e-08
0.0001426101808
-1.37053712e-06
-1.323717333e-05
-0.0007955845213
-3.953527141e-07
1.569342021e-05
-0.0004729945504
-1.937244087e-05
7.055546575e-06
1.687568511e-05
0.0001208495232
-0.0009511186508
1.494946082e-05
1.342384053e-07
-1.305189107e-05
-0.0003166147799
4.574623063e-07
-9.06885802e-08
1.445236464e-08
-1.67898088e-05
-4.983854978e-06
-1.316633247e-09
3.874753247e-07
1.054618224e-05
1.306188096e-05
5.225183486e-07
-9.752153078e-12
4.093472387e-14
8.267127759e-13
4.051322266e-13
6.037910887e-15
-8.790714391e-16
1.811236404e-11
7.919307571e-12
1.650322674e-13
-5.047857271e-11
4.70592659e-15
-1.225430781e-11
-3.601430959e-11
8.951278954e-12
-6.361680713e-12
-1.060280986e-12
3.904009928e-12
-8.477157865e-11
-1.378382911e-11
-2.06641304e-13
-4.56175939e-12
-2.489461068e-11
5.409815797e-14
-5.720041445e-15
-8.186977978e-14
1.129279504e-12
1.331320904e-12
-1.474174156e-17
5.169135451e-14
-2.375245996e-13
-1.944430944e-12
-4.548488322e-14
8.266490844e-22
1.237890731e-21
-3.464369124e-22
-2.627769134e-22
-2.970942624e-23
3.668734113e-24
-6.443566931e-21
4.11919668e-21
1.215777887e-21
-5.127646735e-20
2.032032864e-22
-1.100355293e-21
-2.576834337e-20
-1.00324437e-21
-1.186973281e-21
2.092731811e-21
9.285184771e-21
-5.87514659e-20
1.160478823e-20
-1.097254022e-22
5.202050015e-21
-2.94690428e-20
-6.202918058e-23
-1.579931252e-23
-2.332807478e-23
-1.829450228e-22
-1.019632381e-22
1.89276781e-24
-2.934853854e-24
-4.696415873e-22
4.685360612e-21
-5.623539735e-21
-0.0001802182087
-0.0004261258582
-3.053505225e-06
1.675541353e-05
-3.864214477e-07
3.020396662e-07
-0.001060652779
-8.388761489e-05
-0.0005327453255
-0.007837143727
-1.180045365e-05
0.0001153538324
-0.004769186955
-7.377354632e-05
7.840920443e-05
0.000828086806
0.000844991242
-0.01565862261
-3.172940524e-06
9.831616808e-06
0.001207612921
-0.003283940721
2.932925781e-06
-8.263630207e-07
6.43323915e-07
-0.0005856661592
-0.0005629130173
-4.702433287e-08
-6.731575013e-07
0.000482828822
0.000962367747
0.0001058911294
-0.02586516738
-0.0004936796031
0.0004617349769
0.001001537894
3.484605259e-06
-4.852659549e-05
-0.01179916225
0.0005540341954
-0.0008509657346
0.1001439467
-0.0001140075401
-0.0005969693302
0.1021274105
-0.0002520458656
-0.0004341297608
0.001226974535
0.004608689807
0.06182038784
0.000446187536
-6.37011326e-05
0.003700507572
0.05974935368
6.821595889e-05
1.93400092e-06
-4.323435405e-06
-0.0006533261621
-0.0008536279784
-1.788160262e-06
-2.139454182e-06
0.0003878651187
0.00157607533
-0.0009625849198
-0.0003057481372
-6.78433571e-05
8.412143507e-05
2.501057452e-06
-2.965128587e-08
-4.884125993e-09
-9.18485166e-05
-8.835559129e-06
-8.307132521e-05
-0.001206463319
-1.695984679e-06
1.227823032e-05
-0.0007560689119
2.174761221e-06
8.101474123e-06
0.0001159935127
0.0001829914399
-0.003583056154
-1.023040204e-05
1.165598064e-06
0.000159701769
-0.0005603487953
4.254686417e-07
-1.274241299e-07
4.82885838e-08
-8.513552893e-05
-7.085257675e-05
-7.63808039e-09
-2.735141038e-07
7.332632231e-05
0.0001437738683
3.206011388e-05
-1.624470372e-07
1.754126444e-08
2.992807424e-08
1.79722015e-08
2.051110948e-10
4.849941976e-11
1.537748176e-06
2.366162875e-07
3.108578284e-08
-4.696343694e-06
-8.267093121e-10
-8.692069997e-08
-2.501453082e-06
-4.42914363e-08
-1.067357971e-07
-7.405427027e-08
6.728237167e-07
-4.675195214e-06
-7.189544249e-08
-3.392172376e-10
-4.127448108e-07
-2.027666824e-06
2.882198036e-09
-6.81034229e-10
-1.838532881e-09
2.076640904e-08
6.570520839e-08
2.65644646e-12
2.311008496e-09
-2.972167223e-08
-1.509613554e-07
-2.589945858e-08
-7.318068203e-15
3.442223842e-16
-6.013659302e-17
-3.76816404e-17
-9.600423625e-19
5.24524739e-19
1.057976762e-14
3.825880957e-15
5.859360471e-16
-6.078200009e-14
7.695377044e-18
-4.311545509e-15
-1.821410352e-14
-3.365842117e-16
-2.545915495e-15
-9.551012223e-16
1.053800551e-14
-2.51993403e-14
-2.100976075e-15
-6.383845787e-17
-2.809640262e-15
-2.824307188e-14
-1.816944071e-17
-3.445873132e-18
-3.957775343e-17
2.589361985e-16
5.286901724e-16
3.731566323e-19
2.381658786e-17
-4.722570258e-16
-1.423029751e-15
-1.699000179e-15
1.084347998e-12
4.728367288e-14
-1.932122133e-13
-5.701991342e-14
8.349379785e-17
-1.786341862e-17
-3.310413575e-12
-4.90631407e-13
-2.642651451e-13
2.466517875e-12
-7.665992915e-15
1.601109219e-12
2.707251957e-12
-2.000164764e-13
4.033158356e-13
5.610889899e-13
6.107142786e-14
1.055734666e-11
-8.943360917e-13
2.06862217e-14
1.63130631e-12
-1.584187425e-12
-3.408516272e-15
3.153722621e-15
5.990281377e-15
-3.365651399e-13
-5.660278019e-13
-1.498219039e-16
-5.029340287e-15
2.228904181e-13
8.553170108e-13
-7.587381244e-13
0.005324414466
-0.0008020440582
0.001256258576
0.0001904600504
3.299072341e-05
4.441872443e-05
-0.01341873873
0.0006452066591
-0.00112187746
0.07152699679
-0.0001297267008
-0.0006515652058
0.05376791582
-0.0003039623261
-0.0004820477625
0.001657951041
-0.02591806091
0.189541772
0.0004821259354
-2.599090294e-05
0.00420529861
0.05260076746
4.099526996e-05
2.959864105e-06
-4.732260095e-06
-0.001262812875
-0.001272729365
3.528245429e-07
1.764087528e-06
0.0006141507765
0.002512831939
-0.001097325468
-0.02329455502
-0.001592598041
0.002693508752
0.0017714852
6.906009367e-05
-5.248754405e-06
0.007682738826
-0.0002542346483
-0.001855362672
-0.09229884297
-0.0003474689147
0.0001736087288
-0.02666598186
0.000460083771
0.000151444925
0.001536065247
0.04906511679
-0.05167949572
-0.000564006099
-7.396422006e-05
-0.0009915493429
-0.02083599567
0.0001991641184
-8.7471999e-06
1.16217393e-06
-0.001480464707
-0.001653278596
-2.262606131e-06
-5.405385309e-06
0.00078706973
0.001723110327
0.000941471546
-4.541577437e-05
-2.720651173e-05
6.561950272e-07
2.08014103e-06
-7.173823491e-08
4.536014586e-08
2.190068881e-05
-7.293858289e-06
-4.334282494e-05
-0.000972786569
-7.26791086e-07
1.158529813e-05
-0.0006320796092
-1.142928522e-05
7.772187928e-06
5.805955152e-05
0.0001088805147
-0.00166309136
7.275614735e-06
3.731758227e-07
7.093838212e-05
-0.0003882044402
4.130956768e-07
-1.089054535e-07
4.145388033e-08
-4.078537677e-05
-3.09041643e-05
-3.173532992e-09
3.322022835e-08
3.822548751e-05
7.61902993e-05
7.067429124e-06
