-2.766987564e-06
-7.236610691e-05
-1.122831272e-09
0.002270962577
0.0001857830066
0.001372734318
0.0005607321509
1.673473889e-05
0.004267646931
-4.011235433e-08
-2.255001164e-06
4.688837976e-07
4.987022294e-06
-5.832963001e-10
-2.341600513e-08
2.819752262e-05
-5.617274655e-05
1.169345524e-06
-2.870847449e-10
-0.000775821798
2.229514575e-05
-0.0005686263321
-0.0003272295289
3.42915564e-06
-0.002614077181
-4.971787959e-08
9.608946129e-05
1.336107758e-08
1.3173036e-09
1.276448114e-10
5.895761657e-09
3.755556918e-06
0.0007131978637
-0.0006877055275
-3.648834124e-08
-0.04210428521
0.008583352901
-0.002113364171
0.008874186315
0.0001079317153
-0.07401682436
-1.963335535e-06
-0.001745084417
1.728672601e-06
9.053249414e-06
-5.968001648e-10
-9.388879789e-07
0.000291178585
-3.676386973e-10
-1.238850356e-09
-6.26524589e-14
6.309228251e-09
7.574336713e-10
6.490616045e-09
1.509651515e-09
6.809734443e-10
3.809799765e-08
-4.805603398e-12
1.129800808e-09
4.647868895e-12
1.767149903e-12
1.133302301e-14
-4.083321788e-12
2.615211936e-10
0.003354510525
-0.001977845328
-2.40700988e-08
0.1172903031
-0.0169533845
0.05919027328
0.02465646714
0.0007461813511
0.3178921938
-5.52746485e-07
-0.004864669871
6.37369908e-08
-2.053280241e-06
1.505208402e-08
-1.423717777e-06
0.0001033570006
-9.335782147e-10
1.108412917e-08
-2.908900334e-13
2.532793175e-08
2.619181094e-09
2.076833638e-08
5.931078295e-09
-1.70847736e-09
1.088881731e-07
4.894341009e-12
3.346534605e-09
-8.949709029e-12
4.42588674e-12
8.075181826e-15
-1.597993786e-11
8.555052222e-10
0.01706535183
-0.006541388575
-1.865066679e-07
0.351544857
-0.05453975871
0.2154606432
0.1046197489
0.0004132295435
0.5927636623
-4.524806627e-06
-0.0355733633
4.777314189e-06
5.766462345e-05
2.539064425e-08
-7.661647942e-06
0.0003694490297
1.656925178e-06
-3.183881063e-06
-4.249903207e-11
-2.574779137e-05
-5.86125816e-06
-1.164988862e-05
5.218809065e-07
4.40157379e-07
-5.505789886e-05
-1.707969211e-09
-8.26799635e-07
2.549700895e-09
2.756666539e-08
4.917600181e-12
-1.827886065e-09
2.644635515e-07
