-0.02845838666
-0.1073939353
-0.2499997318
-0.02182085253
-0.0588859506
-0.1248271838
0.1333966851
-0.3456030488
0.06933572888
-0.2689662576
0.1133707613
-0.05595518649
0.02330474555
0.03199050575
-0.04419821501
0.1040596813
-0.07317113876
-0.002101429738
0.2721366584
0.4058443904
0.02744886093
0.002098927507
-0.3810586333
-0.3597924113
0.07490049303
0.1917455941
0.09168883413
-0.2377755642
-0.1975405514
-0.4225642085
-0.02052772976
0.1054268181
-0.09451447427
0.05789781362
0.06444485486
0.01346727926
-0.07572484016
-0.04084223509
-0.02139509283
-0.03389513865
-0.1575048715
-0.01394599117
-0.09257546067
0.2633511722
0.004263546318
-0.06101031601
-0.1137133613
0.04957026988
-0.1233325601
0.04420021176
0.03485839814
0.07518383116
-6.939934974e-05
0.0001690814097
0.1751125306
0.09216214716
-0.09030917287
-0.07266764343
-0.003912372049
0.2069765478
-0.1581283659
-0.13926889
-0.1772359908
-0.002165185753
-0.2057085782
0.0296378471
-0.04718535021
-0.01928321272
0.05104146153
0.07270976901
0.09880325198
-0.1258351058
-0.08333682269
-0.06828253716
0.2020647377
-0.01607084647
-0.00496383151
0.01529044099
-0.1801550984
-0.2796774507
-0.04004620388
0.06389071792
0.2474587262
-0.007839917205
-0.001725937705
0.002052543452
0.2628347874
0.06812861562
-0.344813019
0.06924381852
0.08000228554
-0.00622414751
0.04928370938
-0.06162601337
-0.1378436834
-0.09910625964
-0.02779145353
0.06300591677
0.02767615207
-0.0100164758
0.02129056305
-0.02695254236
-0.04111169279
0.04509676993
0.007251279429
0.03681679443
0.03217804432
0.02369331382
0.0106187202
0.01269414648
-0.01721554622
-0.04750040919
0.008755087852
-0.002301751636
0.001691095997
-0.006904656067
0.01201674435
-0.000690861023
0.06713211536
0.06514151394
-0.02698648907
0.01187792886
0.01869726554
0.03020001017
0.02364820801
0.06876964122
0.001220413833
-0.01866784506
0.002374477917
-0.02029031888
-0.004516140558
0.0003889673389
0.01951961219
-0.04070699215
0.02019288018
-0.01056550629
-0.02221213654
-0.02622317709
-0.0267420169
0.01409954019
0.0007959287032
0.004135329742
0.03542531282
0.02472703159
0.02017918602
-0.008888141252
-0.1198717728
0.01232037973
0.0005448983866
0.00282152812
-0.04035106674
-0.02805645764
0.04883626848
0.01155965868
-3.707706492e-05
-0.02742245235
0.003995839972
-0.01456966344
-0.001235571108
0.03222344443
0.04583384842
0.09028854221
0.1448781192
-0.02840229683
0.3013271391
-0.2521884143
-0.109774217
0.05034554377
0.03697433323
0.136447221
0.2699404359
0.05653612688
0.02812387422
0.02350232936
0.1749617904
-0.1283253878
0.09008137882
-0.03715258092
0.08802366257
-0.1318090558
0.03888378292
0.006551041268
0.2603874207
-0.03367647529
-0.05320029333
0.2372345179
-0.04540477693
0.1587902755
-0.005444303155
0.1686217636
0.02047644183
-0.07607307285
-0.000780766597
0.005891496781
0.003023162019
-0.0009633137961
0.005540300161
-0.002611167962
-0.003358194372
0.000509058882
-0.0002182802273
0.001166564762
0.007137029432
0.0004632175551
0.001036939444
0.0009587312234
0.003106341697
-0.001212601899
0.00131048332
-0.001805675798
-0.007045740727
0.006119337399
0.00118786213
-0.0002797742491
0.004909445532
0.003791870549
0.002185116522
0.003288044361
0.0001108942961
0.00430075638
0.004229648039
0.005180020351
-6.201501674e-05
-0.0005208916264
0.03169947863
-0.1779397428
0.00309879519
0.004953406751
-0.07618948072
0.1256596595
0.04993296042
-0.1439746469
0.0701520592
0.01555795688
-0.07408554107
-0.07136249542
-0.01730941795
-0.003468175186
-0.01385748945
0.04787012562
-0.06154605374
0.03025431745
-0.08299154043
0.06481909007
-0.01473376341
-0.00504928641
-0.01509451494
-0.07533026487
-0.1332439184
-0.08540466428
-0.0662734583
-0.06254632771
-0.1085717753
-0.08852741122
0.02001647279
-0.02598280832
-0.1472374946
0.05307150632
0.123847425
0.005524439737
-0.04499285668
-0.1761057228
0.1628561914
-0.1015028432
0.0480579026
0.03423646465
0.001781436382
-0.1340963989
0.003762176726
0.05562509224
0.002104222076
-0.02394445427
0.02087454125
0.1507117748
0.1416598558
-0.1341080666
0.001295263064
-0.009480213746
-0.0450415425
-0.04833427817
0.1882702559
-0.01569225825
0.3761349916
-0.1860539764
0.2758324146
-0.0617762059
0.04681386426
0.01743538119
-0.1132404208
-0.1355153173
0.107219018
0.007482605055
-0.2757831812
-0.1236992925
0.148067221
0.1163039058
-0.1000607237
-0.2874815762
-0.2217961699
0.2332365364
-0.003229055554
-0.05451200902
0.03035391495
0.1122184172
0.004082474858
-0.01204095967
-0.166502744
0.2348321527
-0.008803235367
0.004899620079
-0.2489277422
0.226565659
0.2041738182
-0.1170495898
-0.01447781082
-0.1085393354
0.1533633918
0.1162209734
-0.06425987184
0.0149638569
-0.06278904527
0.08848614246
0.03308723867
-0.002955519361
0.002412403002
0.0240027532
-0.03461411595
0.0004864760849
0.04590488598
0.07356633246
-0.1097801626
0.08812806755
0.007647425402
0.003804340493
-0.1381986886
-0.04252962768
0.008134030737
0.0544465743
0.1731407791
-0.1171952486
0.003567069303
-0.001300225267
0.02911293693
0.1032778993
-0.1369712502
-0.1481002867
0.04274161905
0.01629387029
0.09807584435
0.07575529069
0.06888507307
-0.05104439706
-0.0009662125376
0.000707890722
-0.002861741232
-9.748170851e-05
-0.001990657765
0.002568962751
-0.001862712437
-0.001613302389
-0.0001253674709
-0.00696409354
-0.001444256748
-0.001432614983
0.0003922594769
0.0003047667851
-0.002892504912
0.0006527207443
-0.001267927582
-0.001583916717
-0.001648853417
0.001868634601
0.0003916096175
0.0007800220046
-0.007349458523
-0.004346115049
-0.001316888956
0.001950762933
-0.001651427941
0.002127146581
0.0004303576425
-0.001387404278
-0.001883641817
0.001889067004
0.2689754665
0.1446968168
0.03355861455
0.0331957154
-0.08576806635
-0.00501434505
0.04641263187
-0.04596402869
-0.01260588039
0.1525054723
0.06325384229
0.03078597784
0.009482380003
0.01140135527
-0.1431473792
0.1401699036
-0.1911704391
0.06880670041
-0.006271481048
-0.2221436501
0.002981267637
-0.0002976598917
0.004641225096
-0.004712375347
-0.09355845302
0.07613591105
0.00416362891
-0.08457919955
0.004303362221
-0.07733042538
-0.08106125146
-0.02567288093
0.06176575646
-0.1155521274
0.08466772735
0.002987386659
0.02263087779
-0.04843120649
0.2053187788
-0.1656828523
0.06075584516
0.132162571
-0.01154365856
-0.09876434505
0.002826302545
-0.003540662117
0.0866381228
-0.04602996632
0.1994231343
0.1747905761
0.06658680737
-0.07152738422
0.004540044349
-0.006634954829
-0.02959566936
-0.08693400025
0.07293754071
0.08164435625
0.1269266009
-0.01423822623
0.2542795837
-0.0301135201
0.1657890677
0.02565209195
0.04614121839
-0.03789452091
-0.04314656183
0.006767755374
-0.01220639423
0.04572696984
0.02052804641
-0.03247439861
-0.004086182453
-0.02839679085
-0.05325206369
-0.01681592874
-0.007163566072
-0.007834123448
-0.007815735415
0.0605979301
-0.006390908267
0.002538056113
-0.04093316942
-0.003120973706
-0.00794382114
0.001594444504
-0.04104991257
-0.04908620194
-0.007559266407
0.01939181425
-0.01545838825
-0.02514082007
-0.03342052177
-0.06605053693
-0.007729119621
0.008848471567
-0.1152502149
0.3110375106
0.1338903904
-0.01484158728
0.02899405546
-0.1502823681
-0.07724224031
0.01311424747
0.0123497732
0.09677190334
0.1190171614
0.01373947784
0.02480695955
0.02128737792
0.08276696503
-0.1187849492
0.08556894213
0.006564396899
0.02663859539
-0.0428734906
0.02030431852
-0.002794542816
-0.0228573624
-0.05142530799
-0.04882409796
-0.02528761514
0.08937959373
0.2944885194
0.03099670447
-0.1294999272
0.1091876402
-0.04581875727
