1.166213042e-05
-0.0001533987961
-7.81417184e-05
-1.004223395e-05
-8.636053099e-05
-3.106369695e-05
3.481002932e-05
-3.258296783e-05
-9.106484504e-05
2.523510375e-05
-0.0001157413935
2.900470281e-05
3.337845556e-05
6.997546734e-05
-4.081041425e-06
-3.572018977e-05
-0.3945248723
0.2324253619
-0.02835470065
0.09098865092
0.5420049429
-0.1959678531
0.06783647835
0.06710855663
0.1481488794
-0.06746524572
-0.1911444664
0.00576294167
0.4953634441
-0.09948086739
-0.05977101997
0.2456272542
-0.122026518
0.02579616196
-0.06123360619
-0.0001586841972
0.1182695106
0.08936566114
-0.004989730194
0.01236320287
0.01682417654
-0.00118230388
-0.02434850857
0.003023626283
0.04259354994
0.0008854885818
0.05285098776
-0.0195126161
-0.08009465784
0.0574503392
-0.100990057
0.002079707803
0.06746938825
-0.02680179104
-0.04556039721
-0.0706179142
0.04377416149
0.0368864201
-0.1891075224
-0.001054041786
-0.01856779493
0.018491745
-0.005360962357
-0.05304106697
-0.273770988
0.03738847747
0.1626876295
-0.2277193218
0.1575072706
0.4146381915
0.002923334716
0.1414242834
0.1198593229
0.1489918381
0.4374910891
0.1356307417
0.04915426299
-0.3573590517
0.03319560736
-0.1927699298
0.006357874721
-0.04147070646
-0.1622179151
0.007060433738
0.0872258395
0.01929859258
-0.001073947293
0.05395293981
-0.03226359189
-0.02372831479
-0.07320766896
-0.002137953416
-0.005264055915
-0.01724873669
-0.0191352088
0.05311363563
0.09812760353
-0.4294257164
0.4216175079
0.1698233932
0.02194154449
0.1658406109
0.1473383605
-0.2445797771
-0.1150703654
-0.04648526385
0.429446429
0.07863970101
-0.3023319542
-0.1251227856
0.2249399722
0.01980336942
0.5170249939
-0.3085462749
-0.2582043707
0.07170680165
-0.663249135
-0.425488174
0.2520334125
0.3955924213
-0.4287823737
-0.2362671942
-0.7084239721
0.03637294099
0.4888519943
0.1303196251
-0.06949392706
-0.3938763142
