0.1345773637
0.00894411467
-0.01508096699
0.04388837516
-0.1245834231
-0.06301572174
-0.07452448457
0.00096768816
-0.02655474655
0.02266465314
-0.1254129708
0.03254590556
0.09004336596
0.07427132875
0.06644853204
-0.07441203296
-0.0271448344
-0.004569566343
-0.01764521003
-0.003498773556
-0.0584978573
0.1060262695
0.002608614508
-0.03877214342
0.02991703711
0.08135702461
0.0575347878
-0.05639042705
0.07544346154
-0.05507261679
0.1652489752
-0.01497498341
-0.06748267263
0.01957764477
-0.05263860524
-0.1679594219
-0.1081972867
0.05261880159
-0.03245869651
-0.02495113574
0.03257202357
-0.06001150981
-0.07924664021
-0.02260783873
0.04780314118
-0.08651524037
0.01655079611
-0.02958046272
-0.08715978265
-0.04567312077
0.06096635759
0.08820161968
-0.1361280084
-0.01588403806
-0.03016181104
0.007625448052
-0.0683491081
-0.1891836822
0.02799164318
0.0598956421
0.01551911887
0.08789998293
0.07823423296
0.1617195159
0.01271402836
-0.03336431086
0.003378035501
0.002408501226
0.03098802269
-0.02325633354
-0.02057012729
-0.06553640962
-0.01278060023
-0.01813669503
-0.02404937521
-0.02285683155
-0.004140727222
-0.009833143093
-0.02585729025
0.0473369807
-0.01287737302
-0.01489839982
-0.02854157612
0.001217644545
-0.02293977514
0.01908965036
-0.04341264814
-0.01027659792
0.001365849632
0.04114275053
-0.03211008757
-0.005715432111
0.00622809073
0.01199213881
0.002616869984
0.008141407743
-0.04693207517
-0.01170837972
-0.01747398451
-0.06108107418
0.01475821994
0.0005369855207
-0.03615459055
0.02638481744
-0.02524762042
-0.01060017105
0.002978800796
0.0036080305
0.01071629208
-0.02850287221
-0.01167844981
-0.03349310905
0.004682046361
0.009542646818
0.001402487513
0.03830800578
-0.02377873845
-0.01474300586
0.01673492044
-0.01072186511
0.01266883686
-0.001201280393
-0.03467163071
0.02871721238
0.02967981249
0.01129191928
0.02076297812
-0.02207673155
0.1332412064
0.2101245821
0.07864902914
0.2125158012
0.1980184764
0.1500746906
0.06956599653
-0.02058926411
0.02138011344
-0.001539910911
-0.1095206216
0.01369854808
0.07616334409
-0.002010444645
-0.101936385
-0.1945711076
0.03261715919
-0.1104998589
-0.01723778807
-0.06295262277
0.1387831271
0.07309336215
-0.06824823469
-0.092320472
0.06496711075
-0.1403115541
-0.1170487627
0.08687951416
-0.1863825172
0.20419541
0.3763241172
0.02529814281
0.03460199386
0.1019032151
0.01692100428
-0.1331381351
-0.01861502044
0.004751287866
-0.04250620306
-0.009403510951
-0.00500335265
0.1943972409
-0.2410184443
-0.02334678173
0.00474687526
-0.1120572016
-0.0277103316
0.1102360263
-0.1075177267
-0.06683144718
0.02595196664
0.159808591
-0.01497995295
-0.0340230912
0.1256805658
0.1696523875
-0.02244791947
0.1001170129
0.1406043023
-0.1424425691
-0.02169220336
0.1449996233
0.02147762105
0.05225245655
0.01833113842
0.08759696037
-0.1736834645
0.1849045455
0.03846088797
-0.04343508556
0.007820673287
-0.0158378873
-0.1594099849
-0.09080065042
-0.0001243742881
-0.1466568857
0.05296942592
0.02033303119
-0.2182431072
-0.05356987938
-0.009628551081
0.05804974213
-0.165834114
0.01696653292
0.00811068248
0.02828948572
0.1210471168
-0.117477119
0.01081972942
-0.002443156904
-0.03266934305
-0.01456037443
-0.01758889854
0.01340024639
0.02851148322
0.0292009674
-0.07182325423
0.03067522496
0.01877683774
-0.04964130372
0.05628197268
0.03093507886
0.06867448986
-0.01208774839
-0.121342808
-0.01326125395
0.07848218083
-0.01562750153
-0.03856768832
-0.03127367422
0.04970862716
0.1453088224
0.05264844373
0.04513086006
-0.01277576853
-0.07048604637
-0.03519221395
0.009312321432
-0.1155662984
0.009308002889
-0.08297778666
0.03777083755
-0.144478485
-0.1294288039
0.0123727899
0.0386858657
-0.01817871071
0.06941404194
-0.04865513742
0.1679339409
0.02824627794
-0.09107055515
-0.1351579279
-0.2051624656
0.0691568777
0.1078870818
-0.1246763021
-0.1128268614
0.04098180681
0.03982289508
-0.07142294198
-0.1502801627
-0.185311541
-0.05623048916
-0.1233996898
-0.02016071975
-0.06294176728
0.06959854066
0.07786761224
-0.1343826354
-0.1061847061
0.0711022839
-0.1211682856
-0.0608395189
-0.01159570273
-0.1313583851
0.1116450951
-0.204907462
-0.1367382407
0.009417492896
-0.1892776638
0.02878489159
0.1037277654
-0.1907633841
-0.1456608921
0.009515221231
-0.1077927276
-0.03837509081
-0.09107715636
0.2224029452
0.02898836322
0.08523632586
0.1613659859
0.05643046647
0.1172211096
-0.04413540661
-0.1177997589
-0.147828415
-0.01372191589
0.1434606612
-0.2800158262
0.1811259687
0.03572335094
-0.07369714975
-0.05430142581
-0.041175697
0.02793100663
0.01012022328
0.05216566473
0.0930614844
-0.03415504843
-0.06535698473
0.02310403064
-0.08772782236
0.07732459158
-0.1062128171
0.006639268249
0.02059113234
-0.001846047351
-0.1167247742
0.07887350768
-0.02325717919
-0.07869324833
0.03387293592
-0.07941164076
0.01911346242
0.03440985084
-0.02455940284
0.03015388362
-0.02790790796
0.07458222657
0.02317118831
-0.00115717249
0.006020373665
-0.1063978225
-0.02960629947
0.04409601539
0.06277719885
0.08024724573
-0.05510850996
0.06729266793
0.01220351085
-0.01105479617
0.04815471545
-0.01159824617
0.01355567295
-0.03939813748
-0.09952709824
-0.01981911436
0.001974948449
-0.02209723741
0.02610179223
-0.08266842365
0.05163872987
-0.02513534203
0.04528141767
0.04255772009
0.03139126673
-0.02956054173
-0.1558737606
-0.08257519454
0.0001059892238
-0.009125884622
0.09073387086
0.03441063687
0.0335313417
-0.08550641686
-0.006281285547
0.03507140651
-0.0985751003
0.009354977868
0.004684815649
0.03247717768
-0.004622682929
0.008357276209
0.006993295159
0.1633413285
-0.1522122771
0.02611089125
0.1603169441
0.06487227976
0.1378205419
-0.01586055756
0.1433466524
0.02520642057
0.2144950628
-0.01929255947
0.2551507354
0.001655061264
-0.06533300877
-0.0564317219
-0.1183254868
0.06373190135
-0.04476538301
0.06564877182
0.009550358169
0.2366667092
-0.1425871998
-0.1344314814
-0.2454838455
0.0886022374
0.1256487221
-0.08084829897
-0.03495924547
-0.009338210337
-0.05355362594
0.09443679452
0.06680046767
-0.1506102979
-0.02555756085
0.1328212768
-0.08935239166
0.07289408892
-0.08351051062
-0.2035599351
0.007798826788
0.1169780344
-0.06397978961
-0.0185908284
0.03492049128
-0.06987965107
-0.1071262658
0.02924008667
0.01988605037
0.142971307
-0.09240268171
0.01299240813
-0.1033387259
0.02732210234
0.01507182699
0.1085066348
0.07440740615
0.05896537751
0.09136787802
0.05143653974
0.02146248147
-0.02710664086
0.2187832594
0.09864947945
-0.00408698339
0.02864848264
0.05597769842
-0.112847656
0.05503638089
-0.01450815797
-0.06237705052
-0.0008608305943
-0.003810370574
-0.1015511602
-0.08144743741
0.0751247704
-0.04167220742
0.04930011183
0.0347965844
-0.1880361289
-0.08833935112
-0.004761104006
0.05757309869
-0.1049733832
0.0210687425
0.002618380357
0.01616157778
0.1162293106
-0.03670879826
0.005399644841
-0.01223122515
-0.02713912353
-0.09123919904
-0.006538153626
0.008306060918
0.02049347386
0.005385382101
-0.07227549702
0.02557720058
0.04516856
-0.0645287931
0.03642867878
0.0198475346
0.05869599432
0.01018397044
-0.04918091372
-0.0183836557
0.04983665794
-0.01230209414
-0.0576797016
-0.04834956676
0.04820888862
0.145126462
0.04480399936
0.03377480432
-0.01243803743
-0.0839176774
-0.03789447621
0.01488137338
-0.04556874186
0.02691240422
-0.05721372366
0.08169548959
-0.1375290304
-0.1013391614
0.002804387826
0.03834104538
-0.01926756464
0.06314048916
0.1193802953
-0.1366900206
-0.07576114684
-0.03467309475
-0.2011710852
-0.08240742981
-0.04362368956
0.007269306574
0.1519892067
0.07824451476
0.02613502555
-0.04363812134
0.08645033091
0.1560258418
0.08587179333
0.05992620438
-0.04563483596
-0.02372809686
-0.1119298935
-0.04328608513
-0.2170994729
0.0839266777
-0.08837746829
0.1898643076
0.07132580876
-0.1071433499
0.1042132229
-0.1238127127
0.08237562329
-0.04488328844
-0.04063609242
-0.1163381413
-0.06537331641
-0.05676175281
0.03098459542
-0.07280679047
-0.08995658159
-0.1651032716
0.01538225636
-0.09759774059
-0.003826371627
-0.1732968837
-0.05860701948
-0.0366907306
0.1216439903
-0.04647080228
0.08802518994
-0.1646901518
0.08615294844
-0.02878636681
0.03185974061
0.04348194599
0.09545372427
-0.04911941662
-0.01433827728
0.004918077495
0.1137394607
0.2162769288
-0.01696978509
0.0008334422018
-0.07152594626
0.04295432568
0.1493011415
0.137868762
-0.005278855562
-0.07448376715
0.07637692988
-0.01773917861
0.01427877136
-0.04311897606
0.004541968927
0.0120468298
0.07343643904
0.0556169264
-0.01764950715
0.128795296
-0.001607781043
-0.005452353507
0.05894282833
0.04810365289
-0.04708745331
-0.05443486571
0.03379496187
-0.03773013502
0.02778299898
-0.01999054849
-0.07477704436
0.1207190752
-0.05756768957
-0.01620147936
-0.03864327446
0.04727436975
-0.01103761699
-0.04172522947
-0.04316835478
-0.04567964002
-0.002616446
-0.0569315441
-0.0001484350651
-0.03225878626
0.03964933753
-0.03959555179
-0.07859492302
0.01332510076
0.0009320547688
-0.01866449043
-0.04971857369
-0.02106396481
0.06067392603
-0.01004960481
0.01514889207
-0.08049053699
0.06350655109
-0.05499283969
-0.0125921797
0.02686054446
0.04692194983
-0.05565473065
0.04391264543
0.0002362579835
0.09108632058
0.03669238463
0.03988743201
0.06732551754
-0.04265291989
-0.02108746208
0.009911200032
-0.003035994247
-0.009500451386
0.1140892729
-0.09705588222
-0.06001543254
-0.06717652828
-0.04166744277
0.008022676222
-0.06432235241
-0.02362919785
-0.1389085799
-0.02699703351
0.07990141213
-0.05264799669
-0.0002232742845
-0.2085807323
0.1916944832
0.09338537604
0.03119322285
-0.1590591967
0.1402350068
0.1251157373
-0.09238819778
0.08085035533
0.1052469313
-0.05084659159
0.03272385523
0.05857979879
-0.01224015467
0.10519173
-0.1716317534
-0.185138002
0.0008859840455
0.04640975222
0.01258516032
0.06226154044
0.09997686744
-0.02218040265
0.1129842699
0.09459272772
0.003120089415
-0.01697170734
0.1845199317
-0.05085472763
0.02215459011
-0.02451470122
0.03506238386
0.01492773183
-0.03287281096
-0.1738253385
-0.05672004074
0.02032911032
0.01100532338
-0.117420204
0.02794210985
0.06564239413
-0.09658914804
-0.04639403149
-0.08619432151
0.07056222111
0.03711948916
0.03009193949
-0.04603820667
-0.1722549796
-0.09032123536
0.03255877644
-0.04871317744
0.09725883603
-0.101834245
-0.0697600171
0.02003810182
-0.03649760783
0.01507968362
0.1244010627
0.02373481728
0.0009738858207
0.1588727832
-0.04313196987
0.03521330655
0.141763553
0.03145390376
0.03526520729
-0.02186644636
0.09464530647
-0.004167072009
0.02010030672
0.002911196789
-0.07249357551
-0.04486077279
0.000455096364
-0.03707361594
0.03456348181
-0.01964818873
0.03736622632
-0.04919557646
-0.02984561399
-0.0003183610679
0.002384418622
-2.35971238e-05
-0.03245118633
-0.04219961539
-0.01080679148
0.001183650689
-0.01573312283
0.01101037208
-0.02159025148
0.01726854406
-0.07798232883
-0.01247181837
0.07301869988
0.02633082122
-0.01899131574
-0.1286942959
-0.03859509155
0.001881505712
-0.0107036205
-0.0078337593
0.04152711481
-0.01729757152
0.01982400008
0.002760342555
0.03539345041
-0.06928928941
0.04461910948
0.01181077771
-0.01850459166
-0.005206348374
-0.014640579
0.04034946486
-0.1546475142
-0.1319317818
0.01871850714
-0.01736674272
-0.09445952624
-0.225315392
0.01740642451
-0.01947299577
0.07629428804
0.1299570352
-0.1301207989
-0.0382451117
-0.05873418599
-0.07902459055
-0.05907828733
0.005326379556
-0.08366960287
0.01177084912
0.09211343527
-0.08185486495
-0.175821051
-0.05481913686
-0.004104042426
-0.02398283035
-0.08767798543
0.0679082945
0.08653550595
-0.08135138452
0.0245434735
0.07683298737
-0.07504383475
-0.0246892143
0.09125474095
0.08788550645
-0.02083317935
0.07016175985
-0.0111729987
-0.07603867352
-0.01233398262
-0.001652935287
-0.1207007021
-0.1097256169
-0.03571846336
-0.01128353458
-0.03140357882
-0.07692503184
0.05252418667
-0.0793735832
0.1756801456
-0.03712581098
-0.02918964252
-0.01009374764
0.03170831129
-0.01154190302
-0.002141676378
0.003365634242
-0.09319512546
0.03996500745
0.03017893992
0.02738402411
-0.00697005121
-0.1044982672
0.04053893313
0.1211738959
0.002358258935
-0.01356606185
0.06645868719
-0.006059239153
-0.00255542621
0.02814790793
0.0324206911
-0.01692949235
0.04762393609
0.02504292317
0.001142932335
-0.05587185919
-0.001853774651
-0.01440629084
0.07500173897
-0.00535440864
-0.001279808814
-0.02290666848
0.04940034077
-0.00842551887
-0.02933951095
-0.02882934175
-0.05692087114
0.01810575277
0.02084086835
0.005517576821
0.04808838293
-0.002013377845
-0.02953024767
0.005117094144
-0.01369212102
0.001954729436
-0.02296148986
-0.003507066984
-0.01572340913
0.02695192397
-0.03191067651
-0.02034010366
-0.0381132029
-0.007669146638
0.04565816373
-0.01018575858
0.03337762505
0.01873854548
-0.035504926
0.00206369441
-0.01266960334
-0.0311294701
-0.007310740184
-0.02914758399
0.02615926228
0.02133516781
0.06960435212
0.01755117439
0.0515105091
-0.0186462868
0.0151725933
0.006279546767
0.02201426215
0.02242958732
0.01938576065
-0.02228113078
0.01750280522
-0.0144214984
0.1769211888
-0.1619522125
-0.004694223404
-0.1088654324
-0.1660359502
-0.2334368229
0.1128351018
-0.05165468156
0.09334996343
0.122642383
0.008153589442
0.1141708121
0.070141837
0.09792855382
0.1140893474
0.03426218033
-0.1288232803
-0.02485970594
0.1233402863
-0.1632576436
-0.2459986508
-0.03018608131
0.02895419486
0.1297920793
-0.06088303775
0.001187917427
0.0229957141
-0.08119177073
0.09237734228
0.06828925759
0.007126725744
-0.1060773209
-0.06496714056
0.02774267644
0.05644663796
0.07158160955
-0.0863846615
-0.1688384563
-0.1441188753
-0.04648857936
-0.01615473069
-0.1852973253
-0.0790386647
0.06500183046
0.06791961938
-0.1328036487
0.07005170733
-0.2868899703
-0.07805658132
-0.02504983917
-0.02002147958
0.03361937776
0.1852258593
0.06454543024
-0.08535271138
-0.01219944376
0.02015429176
-0.2075293809
0.07673306763
-0.05812258646
-0.001112808357
-0.249479875
0.3891826868
-0.0530776754
0.007868233137
-0.05383238196
0.08442047983
-0.027274644
-0.06114528328
-0.03309608251
0.04354571179
-0.006900862791
0.007062064949
0.005230595358
-0.05009150505
0.02062664181
0.006978995167
-0.004274521954
0.04254096001
-0.0236092899
-0.02740815468
-0.03553143516
0.02078975737
0.02281651646
-0.01769389026
-0.008758668788
-0.05376027152
0.04513460398
-0.004264798481
0.02601698972
0.02776346542
0.00381594128
-0.008075768128
0.01793750934
-0.002504678443
-0.009723449126
-0.0245082546
0.002888819668
0.04564201832
-0.0266870819
0.0171770975
-0.01224012859
-0.05744592473
0.02535778284
0.02530155703
-0.001114283106
0.01094518322
0.01269718911
-0.03104658052
-0.08412306756
0.01061305217
-0.06666897982
0.0007563867257
-0.02349026687
0.02899967134
0.04981421679
0.03889876232
0.03466145322
0.06678641587
-0.01787115447
0.02211541496
-0.03718498722
0.03933620453
0.02153357305
0.03607231751
-0.01814264804
0.05207696185
0.01472368184
-0.1279958785
-0.07287638634
0.1255019605
0.03507101163
-0.1765251011
-0.1894785017
-0.0506570451
0.01994866133
-0.09734224528
-0.08214126527
-0.121241942
-0.2443347424
-0.003424253082
-0.07622351497
0.203770265
0.00431293156
-0.07014659792
0.005203582812
0.06599730998
-0.02278855629
-0.1396453232
-0.03810100257
-0.01692522131
0.04654550552
0.03022227436
0.1800109595
0.0242047701
0.0664665252
-0.05053791031
0.1589483768
0.1521769911
0.0001002276113
-0.01344420202
-0.02740250155
-0.07184059173
-0.02064513229
-0.1480991542
-0.1729232669
-0.07891111821
-0.02736046724
0.07372347265
-0.08063395321
0.1160835549
0.01906900667
0.0180681888
-0.1092034653
0.01764542982
-0.1299151033
-0.0358549431
-0.005556804128
0.08327153325
-0.06372630596
-0.1695792079
0.05343838036
0.03072560765
-0.1077855751
-0.03923020139
-0.1044976637
0.06214627624
0.02013529092
0.05788647756
0.008771827444
0.07429006696
-0.1535547972
-0.01095647272
-0.0154662542
0.03041567467
-0.0891251564
0.003553952323
0.06706005335
0.008258759975
-0.01116480865
0.01253256388
0.007444383577
-0.0370291248
-0.01120629441
-0.04951943085
0.000752021966
0.1056998447
0.02481091954
0.03818116337
-0.01129001565
0.09959748387
0.01885331981
-0.01999552175
-0.004589166027
-0.08122458309
-0.02785539441
0.05467584729
0.04494322836
0.05946318433
0.07196992636
0.04521945119
0.05989375338
0.02849604189
0.04655555263
0.04680642113
0.002127724001
-0.003391280072
0.004375413992
-0.02857962437
-0.02346709371
-0.03817998618
0.02886179648
0.01526646782
-0.02811260149
0.0301331114
0.07579147071
-0.01686096191
0.02150174603
-0.0248595085
-0.07130572945
-0.05697758496
0.01943108253
0.02708243951
0.09375311434
0.006112919189
0.05481197312
-0.01116822287
-0.03934417665
-0.01450518053
-0.09781996161
0.06681067497
0.04474997893
0.06263943017
0.0006643341039
-0.0002217711444
-0.02280672081
-0.03170978278
0.0626257956
0.03461317345
-0.1344320774
-0.06757652014
-0.02687873319
-0.09955010563
-0.006481741555
0.04390616715
-0.04585270211
0.05427466333
0.07404888421
0.04481609166
0.03122125752
0.08915825933
0.07171245664
0.03158225119
0.01475413516
-0.1183379963
-0.02676898427
-0.0939841941
0.03935178369
0.009782941081
0.03959368542
0.003423714777
0.01942080446
-0.001489223447
0.08858249336
-0.03522324562
-0.1063837782
-0.03835892305
0.0348668769
0.04879426956
-0.02274826914
-0.02024674974
0.02610213682
-0.0288520623
-0.0673417002
0.05064271763
0.04230781272
0.06747982651
0.05517556891
0.04042527825
0.01849897392
-0.02357620001
0.09230517596
-0.06271638721
0.06135898829
0.0127605442
0.06110510603
0.02855142392
-0.03539031371
-0.08100543171
-0.09841341525
-0.003918285016
0.004595456645
-0.07775809616
0.02281542495
0.02609466761
-0.00386348227
-0.04058653861
0.05455583706
-0.05598074198
-0.08902507275
-0.01485677902
0.01045623049
0.01557644363
-0.002652531257
-0.01553949341
0.04722857475
-0.03053721413
0.05225260183
0.04003744945
0.05177338421
0.02546937019
0.09794870764
0.005677572917
-0.0002886091534
0.08027552068
0.1470348388
0.02563890442
-0.006211508531
0.04841804877
-0.02229833044
-0.01051876135
0.01274612732
-0.04508031905
0.02241479605
-0.004084668122
-0.004965252243
-0.001317804679
0.08344685286
0.006061175838
0.004831012338
0.01465878263
0.008506501094
0.07444568723
-0.01122719143
-0.006499145646
0.06774463505
-0.01060541999
-0.01427171659
-0.0176486019
-0.003059007926
0.01750516519
-0.01737355441
-0.03816037625
0.00783758983
0.03468224779
0.03578989953
-0.02520653605
-0.01880738139
-0.01023294125
0.02840192802
0.02519148402
0.02344565652
-0.005944972392
0.01225449517
0.04201472923
-0.0003409742785
-0.0002489377512
-0.02177252993
0.1047155932
0.0565566346
0.002632551128
0.003098660149
-0.008700782433
-0.02211652324
-0.0384173505
-0.1319049448
0.04800540581
-0.1223975942
0.004513460211
0.01812149025
-0.03737129271
-0.02294182777
0.06139698997
-0.0389777869
-0.01902935095
-0.05932239443
0.0685146153
0.1780137718
0.007226509508
-0.02979278006
0.01114754751
-0.02986234426
-0.07037708908
-0.08476813138
0.002501658164
0.1250402182
0.1594020277
0.01971667074
-0.06911532581
-0.04540525377
0.3746421039
0.02879568189
-0.04360883683
-0.08381567895
-0.06447483599
-0.04127265885
-0.03811350465
-0.05978118628
-0.08863612264
-0.02826518565
-0.04405783117
-0.04173186421
0.1690055132
0.04579687864
0.01507408917
0.09512113035
0.08779957891
-0.08447343856
0.02610869333
0.08204737306
-0.06860101968
0.02493559942
-0.1741261929
-0.04564775527
-0.1165321693
-0.06583078951
0.09095676988
0.01903310604
0.05662841722
0.05192902312
0.03072110936
-0.21908544
-0.009220317006
-0.03922475874
0.02595157363
-0.003088185564
-0.001193735516
0.1701800972
-0.00575314695
0.003143765731
0.05366460234
-0.06058761105
-0.056988094
-0.009202312678
-0.06520914286
0.02912563458
0.03101980872
0.001428477699
-0.005350088235
0.02752700634
-0.04507058114
-0.04955791309
-0.04096608981
0.02026849054
0.01566865481
-0.007481904235
-0.03879260272
0.03015787527
3.761447442e-05
-0.02239144966
-0.007241153158
0.03290693089
0.007208792027
0.01773767173
-0.03689220548
0.004186025355
-0.00147540262
0.01135963853
-0.002610516967
-0.01050386578
-0.06592340767
0.008646090515
-0.004713276401
-0.02237855271
-0.01737095602
0.02311000042
-0.02486655302
-0.009360720403
0.01255632471
0.0432305932
-0.01868634857
-0.01896069385
-0.01574504934
-0.00167774898
-0.01295949426
-0.001479159575
0.03061244637
0.01473588217
0.03190174699
0.01742423326
-0.07048969716
-0.007169574499
0.0479318127
0.002311801771
-0.01563051343
0.03285912797
0.05213163048
0.02303389274
-0.00781258475
-0.005832677241
0.009388862178
-0.05838812888
0.2318632454
0.1473430097
-0.05791533738
0.1459642947
0.00736607099
0.02447436564
-0.053776104
-0.0263061095
-0.03808881715
0.04552363232
-0.03881901503
-0.006234431639
0.04074148834
0.2665268779
0.1337157786
-0.05574165657
0.01488800161
-0.01742736064
0.0009242745582
-0.09390062094
-0.04392617568
0.07752680033
0.06591782719
0.03946296126
-0.06311067939
0.00697294483
0.04526599497
-0.1859450489
-0.106526874
-0.08342671394
0.1887573451
-0.07874450833
-0.006876395084
0.02189260721
0.0243649371
0.08765813708
0.03579401597
0.127512157
-0.02765494585
0.004300373141
0.0049596061
-0.1446898878
-0.05835185573
0.04202254489
0.1173476651
-0.00889368169
-0.006783112418
-0.07773090154
0.138035357
-0.06505701691
-0.01720790379
0.03139748052
0.189557448
-0.0435009338
0.06052744016
0.0680283457
-0.07196493447
-0.1285514086
0.1166553572
0.07527817041
0.03901157156
0.006445717532
0.1524030417
0.09054265171
-0.01244489569
0.01002281439
-0.0258735586
0.05897550657
0.02563180588
-0.02176960744
0.01152217947
0.01699219644
-0.01877859421
-0.0166878812
0.01479840092
-0.01191648189
0.04286050797
-0.01768103987
-0.08712229133
0.001038553892
-0.03750124201
-0.005550608039
-0.06105215102
-0.006175746676
0.02132928371
0.0104894219
0.0160376709
0.04352590442
-0.02893713117
0.01293163653
-0.03396997228
-0.0001843113714
-0.02777545713
-0.004134544637
-0.009475362487
-0.02142430469
-0.03690937161
-0.01054303907
0.0271779187
0.03288993239
0.06963276863
0.0003553468268
-0.01330633368
-0.00421117479
-0.07209505886
-0.01770276949
0.04242847115
-0.01701629348
-0.009314013645
-0.01855895482
0.02648626268
0.06295603514
0.04890725389
-0.005045636557
-0.009954093024
-0.0232203044
0.004774781875
-0.02757817507
-0.0002498665126
0.01135269366
0.0514309071
0.06450848281
-0.01580022834
-0.09474565834
0.009633896872
-0.000737532333
-0.0125915492
0.01335951313
0.256570816
-0.06388640404
-0.05540212244
0.1979564577
0.006712133065
0.208030194
-0.001631022547
-0.02068290859
0.02879007161
0.03587009758
0.1179806218
-0.06595142186
-0.05059128255
0.1450346261
-0.05892602354
-0.002044695197
0.05616573617
0.02958743088
-0.0595042482
0.02069644444
-0.09430211037
0.04106285796
0.05839430541
0.2165662795
0.09580808133
-0.1552625448
0.02443861961
0.04888674617
-0.01935277693
-0.05271165818
-0.01612433977
-0.03980670124
-0.01177883893
-0.02787105367
0.05989200622
0.0909261778
0.0873869434
-0.1683845669
-0.03329496086
-0.02457516827
0.2214687616
-0.02017792501
0.07873586565
-0.06239825115
0.0953970775
0.01717313379
0.08069680631
0.1445321292
0.01751624793
0.04794930294
-0.1346138418
-0.1438991874
0.412158519
-0.02735771239
0.02242790163
-0.02851778269
0.07495138049
0.2021283209
-0.08414395899
-0.08922695369
-0.03231275454
-0.1112042516
0.02449974045
0.05312214792
0.001552072237
0.04649177566
0.02849171683
0.04005429521
-0.01383590512
-0.03812479973
0.03853862733
0.03873796389
0.06321968138
0.04132656381
0.05092516169
0.1190774962
0.04030361772
-0.034338817
0.05787417293
0.02604426071
-0.02350333892
-0.004011522047
0.03820874915
-0.01502548624
0.04793353379
-0.02424330637
0.01295073517
0.1199063361
-0.04476963729
-0.03206424043
-0.06105719134
0.01670926064
-0.0648599416
-0.02568937466
-0.006937047001
-0.07695243508
-0.007487404626
-0.01881012321
0.031238297
0.02522365563
0.02895167097
-0.0135201551
-0.007621573284
-0.01581342705
0.01057412755
-0.01993500814
-0.07931807637
-0.02653312497
0.02941305377
1.374341082e-06
0.03040800244
0.03836729005
0.08703977615
-0.07199359685
-0.01351464447
-0.04880079255
0.05973333493
-0.04942268506
-0.002854219172
0.02573469281
0.111525394
0.1068279147
-0.0125329718
0.002059767488
-0.09442678839
0.003066607984
0.02691037394
-0.005418669898
0.004304479342
-0.09203508496
0.02654363029
-0.05716187879
0.07161809504
0.01682308316
0.006299346685
-0.01280077826
0.02106230892
-0.01282312442
-0.007541149855
-0.04960984364
0.04214684293
0.05217734352
-0.01019854378
-0.0008498299285
0.006358922925
0.005249818787
-0.01860294491
-0.03325084597
0.008296770044
0.03670119867
0.1759177893
0.01383182406
-0.0006418024423
-0.02257527225
0.1142973304
-0.0279908292
0.03021797352
-0.05731871352
-0.0464915745
-0.0170607511
-0.02258049883
-0.02335193753
-0.04320541024
0.0285803955
0.02059253864
-0.06420464069
0.1531132311
0.004918963648
0.01562246308
0.0235890802
0.1266411394
-0.03597329184
0.01252203435
0.02274450473
-0.05069738626
0.04516642913
-0.1620734334
-0.0127873309
-0.1223325878
-0.04798353091
0.02986596897
-0.002427177969
0.01980780624
0.02452068217
0.05307391286
-0.1669213176
-0.0142491525
-0.01603657752
0.02491149493
-0.04676886648
0.003191482276
-0.02136811614
-0.004522232339
0.01188035775
0.06405229121
-0.03951834887
-0.05208342895
-0.008544526063
-0.02743346058
0.01345566753
0.03167490661
-0.03497458622
0.006219605915
-0.0224799104
0.01237188838
-0.02770740725
-0.000200073453
-0.01491009258
-0.006539709866
0.005142107606
0.003743554698
0.02121892385
-0.01581113227
-0.02148455754
0.01556845102
0.04124463722
0.01405736804
0.0218506474
-0.0168581605
0.006456688978
-0.02806917578
0.01149062067
0.007029464934
-0.01896123588
-0.05465305597
-0.00173148897
0.008099074475
-0.005544209387
-0.01116898656
-0.005552405957
0.01405214239
0.01657421514
0.005279392004
0.02063595317
-0.00268125697
0.002496145898
-0.01837301441
0.004601412453
-0.02989115752
0.02162601799
-0.0006679228973
-0.008490796201
0.03369151056
-0.02160172537
-0.05832103267
0.01317118201
0.02862090431
0.02749968693
0.01813169941
0.0189236328
-0.01290085912
-0.008341030218
-0.01290825009
-0.003707999131
-0.002131900983
-0.03946232796
-0.09543795139
0.1401322186
0.0346220769
-0.01730540209
0.00233129994
0.1275534332
-0.1000163704
0.006811172701
0.006488612853
-0.06536472589
0.04100069776
-0.05683441833
0.1010855585
-0.04413849488
0.1478301734
0.03235351294
0.1202424392
0.001557946089
-0.1798422486
-0.05048765987
0.01880488731
0.04678223282
0.05109583959
-0.02029119432
0.08837521076
-0.05150295794
0.1471564025
0.2013859004
0.02275172062
-0.01958848536
0.04359570891
0.06569691002
0.04887397215
-0.006583091337
-0.01645829715
0.01802114025
-0.04318891093
0.005837718025
0.005904841702
0.07988472283
0.1091788486
0.1249995157
-0.01602756046
0.02431829832
-0.08613690734
0.1409080327
-0.03421779722
0.1378480196
0.04357920215
0.05931447446
0.01653825119
-0.1047200784
-0.06712450832
-0.09890571237
0.08396653086
0.002613028977
-0.06397677213
-0.06458412856
-0.02486812696
0.01528482139
-0.01421823446
-0.00407483615
-0.1458195001
0.1162307784
-0.03667892143
0.00877452828
0.03502716124
-0.0003679913061
0.02224962786
0.06640789658
-0.03934255242
0.07708656043
0.002599375788
0.06335230172
0.02969702147
0.1176145151
-0.0366439186
-0.03999629617
0.1199738979
0.1645835638
0.05083136261
-0.0006479336298
0.08782866597
-0.02540406212
-0.0008312764694
0.005875209812
-0.06884493679
0.001034897054
0.0270218756
0.01714517735
-0.04110983759
0.09385261685
0.007806122303
0.01923715323
0.02417620644
0.02838831581
0.06028411165
-0.0100055756
-0.01463637128
0.0797149837
0.008394010365
-0.003848597175
-0.01432775892
0.00920339115
0.03377751634
0.001483712578
-0.02596168406
0.007369214203
0.02032271773
0.04796885699
-0.04409587011
-0.01803418808
-0.01580123976
0.04076367244
0.01868024841
0.02579339035
-0.04651682824
-0.006683712825
0.0625641048
-0.02291526087
0.02756898664
-0.01335805748
0.1549550891
0.07891321927
0.01217784267
0.0198621545
-0.03025286086
-0.06690371037
0.1595203727
-0.003044747049
-0.004412705544
-0.0167406518
-0.05660955235
-0.0785934478
-0.007389114238
-0.01514865551
-0.09665638953
-0.007263738196
-0.01975833997
0.03855235875
0.06703420728
0.08561443537
-0.03436693922
-0.02381403372
-0.04777797312
-0.0004781774478
-0.03465411067
0.1865860969
-0.01618064009
0.05662465468
-0.0715130195
0.01225127466
0.0102240378
0.01817915961
0.1144678816
-0.04085471109
0.1771673411
0.08549987525
0.08633640409
-0.04893120378
-0.1067024618
0.02627215721
0.01248351764
-0.09756287187
-0.08123768121
0.09976280481
-0.03303268924
-0.05282402784
-0.06631992757
-0.0635157153
-0.07587682456
-0.002456193091
0.008703891188
-0.07572185248
0.05757106841
-0.06723059714
-0.05756544322
-0.09213697165
0.03292329609
0.01587661915
0.1498837322
0.01412971877
0.02274509519
-0.07308904827
-0.08269626647
-0.168101877
-0.007713254541
0.02190832794
0.008535130881
-0.06934594363
0.0007684074808
0.155563876
0.01077148225
-0.05753226951
0.05032138899
-0.0195328407
0.02599293366
-0.02432543039
-0.004127427004
-0.0418310985
0.001861185883
-0.0209257789
-0.04628298432
0.0006079468876
-0.02120502293
-0.02923100069
-0.04853732139
-0.07553095371
-0.02031656727
-0.02524504252
-0.02004733309
0.02138602175
0.02573134936
-0.001365794218
-0.04215955362
0.03602974117
-0.001356126042
0.04389882088
-0.03190835938
-0.01411866862
0.006319682579
0.002236614935
-0.01335255802
-0.01341581531
-0.07940698415
-0.01714247838
0.01234413218
-0.04240185022
0.05264061317
-0.005327028688
-0.04445633292
0.03939510509
-0.01369691826
0.0262962319
0.009025197476
-0.004552079365
-0.01630758122
-0.03120629862
-0.001604510122
-0.05590744317
0.02301719785
-0.01378925517
0.007676441222
0.02953004465
-0.008006611839
-0.01088729221
-0.008999965154
0.0004649691982
0.05111208186
0.00899919495
-0.009793838486
0.0308786016
0.01237392146
0.003882560646
0.01512404159
-0.03902695328
0.03441174328
0.03670704737
0.04302829877
-0.04806879535
-0.02211827226
-0.009810602292
-0.1674402505
-0.02353370748
-0.1884527504
0.001696028048
0.08296732605
-0.0829782486
-0.1101180613
0.05442838743
-0.1590660661
-0.01801560074
-0.0229446739
0.05336876214
-0.1648204178
0.04050397873
0.03940080479
0.009365708567
0.0465949662
0.2160992324
0.09408082068
0.09302255511
0.02311525866
0.241419062
0.02468975075
0.01552939508
-0.1972818524
-0.0259130206
0.1587297171
-0.008400022984
0.02571225353
0.1200771853
0.1510755867
0.09928749502
-0.04874391854
0.03389593586
0.01373575255
0.04013105109
-0.2157421857
0.07650478184
-0.02273802832
0.1137259379
-0.06682987511
-0.184268415
0.03489669412
0.0963479355
0.09329757839
-0.03495135531
-0.00502096815
0.06163851544
-0.05953860283
0.03491807356
0.05876221508
0.1231517568
0.04126813635
-0.003503031796
-0.06902240962
0.06091418862
-0.2147307396
-0.007029886823
-0.01608870551
-0.08405628055
0.1155774444
-0.1008134261
-0.0304648634
0.06844617426
-0.01887316816
0.06884618104
0.1122074425
0.09197582304
0.004927801434
0.2034467757
-0.08690135181
0.03332865983
0.2311811149
0.1246251315
0.02420772612
-0.03198613599
0.1801210344
0.006174486596
0.03659720719
-0.0278569404
-0.1474587917
0.06496953964
-0.002631975804
0.03482787311
0.01629399695
0.01632181555
0.07022574544
-0.02798519656
-0.02573634125
0.01122561283
0.1401686221
-0.02483886853
-0.08825322241
0.2177217603
-0.1039144471
-0.01085201651
-0.03883513436
0.0431070067
-0.04878185689
0.02226184122
-0.09799924493
0.02027461305
0.1222883835
0.06738847494
-0.03652174398
-0.1757746637
-0.08116037399
-0.01042663399
0.008724147454
0.04098415002
0.08131271601
0.01545560732
-0.1207817718
-0.08317285031
0.1379278451
-0.03670194
0.1420807987
0.1187429652
0.01725907438
-0.0372332707
-0.02374254912
0.05600515381
-0.09748416394
0.07179105282
-0.04808302596
0.09923565388
0.03111436032
0.005477246363
-0.04458845779
0.01275166217
-0.05328651518
-0.05327299982
0.04626492783
0.08244272321
-0.1716179848
-0.02889620513
-0.1149723083
-0.04325458035
0.002689428162
-0.003969852347
0.05645616725
0.07537038624
0.1281103343
-0.1218111441
-0.106856741
-0.004169186112
-0.01757737622
-0.0242840033
-0.09658901393
-0.06017014757
0.0501287207
-0.1022450924
0.03877785057
0.02798803709
-0.03371686861
0.05560397729
0.06522208452
-0.083867535
0.02863880619
0.1007297114
-0.03990713507
0.03261948377
-0.02364978194
-0.02903246693
-0.1922654659
0.02063741535
0.01369997859
0.001041077776
0.01016644668
0.0240470916
0.1287782043
0.06220260635
0.07774206251
0.03340572119
-0.06374507397
0.03494656086
0.028258048
-0.04955291376
0.005878131371
0.09922426939
-0.04291346669
-0.01170737389
-0.03260953352
0.1728318185
-0.03202181309
-0.034590289
0.02240789123
-0.01147794351
-0.03323231265
-0.03516051173
0.01428538468
-0.004958648235
0.01675006747
-0.0494289659
0.02561610937
-0.04137932509
-0.0136416303
-0.04330949485
-0.02988021635
0.02127880603
-0.001895124326
-0.103405647
0.01424209028
0.02628736757
0.01654361002
-0.001005886355
0.002549649682
-0.00671747094
0.006567272823
-0.05187956616
-0.000471913605
-0.03717495501
0.03662237525
-0.05370379984
0.01561394054
-0.01370936818
-0.01189075317
-0.02305935882
-0.05108963326
0.004683149047
0.01296004187
-0.008984793909
0.0114067262
-0.0006387722096
0.02805767767
0.01271874737
-0.04789294302
-0.006565233693
-0.01553432737
0.008765936829
0.006000610534
0.008186028339
-0.006816780195
-0.001856444869
-0.02348778211
-0.03726741672
-0.01695998944
-0.04583021253
0.02257008851
-0.01712112874
-0.04218868539
0.0008795642061
0.03130703419
-0.03955975547
-0.0736637786
-0.05384933576
-0.04117978364
0.008476668969
-0.01629080065
0.04896891117
0.192698732
-0.03375751525
-0.07074412704
0.01055779494
0.00973504968
0.03371931612
0.0216072835
-0.001573429909
-0.06314212084
0.03546843678
0.01549802162
0.04216418415
-0.05292208865
-0.008307736367
-0.02348957211
-0.1016971543
-0.05101487413
-0.01637968235
0.07023917884
0.04221683741
0.03310435638
-0.07968810946
-0.02271445468
0.03656016663
-0.003740595188
-0.0692384243
-0.0001984886621
-0.09421194345
-0.03948902711
-0.07765087485
0.158626914
-0.01135320216
-0.07144470513
0.1277017593
0.01314479671
-0.1340573579
0.006037142593
0.02433008328
-0.07209447026
-0.01177101769
-0.02654109709
-0.02413378842
-0.04791580141
-0.007439384703
-0.08572209626
-0.1250062734
0.03940911964
-0.04517963901
-0.1272009015
0.09008615464
0.05399345979
0.04270689189
0.08369171619
-0.03258866444
-0.02127236314
0.05406330153
0.01878414862
-0.1225512028
0.005301426165
0.0112184668
0.01271480601
0.1040805355
0.06324896961
0.02220675908
-0.000416796538
-0.03344391286
-0.03599153087
0.01035141014
0.05725588277
-0.01172563341
0.02866546065
-0.01800457388
-0.02410394885
-0.02148670331
-0.006151197478
-0.0362472795
0.003483910346
-0.01616858505
-0.06449091434
-0.1210069507
-0.01715471968
-0.004727793392
-0.03287672251
0.004218227696
0.03286937624
-0.006664936896
0.01342900284
0.006029840093
-0.01951489784
-0.01349857822
-0.006088982336
-0.02193074301
-0.00442947261
-0.005493012257
-0.01608610526
-0.005628696643
-0.03969983384
-0.0109138554
0.009546410292
-0.02257685363
0.03254534304
0.0002476000809
-0.01144702081
-0.01307122968
-0.02640997618
-0.003204588545
0.02758970112
-0.01037418284
0.007652288303
-0.0133266449
0.03675110266
0.03032293357
0.03488541394
-0.01189647056
-0.02540882677
-0.006274980027
0.03450175375
-0.01050333865
-0.02117500268
-0.00895024091
-0.01474803779
0.02662682533
-0.08987454325
0.01664453372
0.004237239249
-0.002995628165
-0.003308159765
0.02053770237
-0.1217598766
0.1784561425
0.03732534125
-0.08916607499
-0.0930448547
-0.09691917896
0.07066493481
-0.007484485395
-0.05829239264
-0.05522669852
0.09336764365
0.2082740664
0.02540164255
0.14448677
-0.2036072612
0.1303576082
0.0758414194
-0.1375189275
-0.1010092124
0.04000312462
0.06787085533
-0.07485794276
-0.07689188421
0.1136825308
0.01638093963
0.05603950843
-0.05581228435
-0.1010985821
-0.01876401156
0.004004623741
-0.09376843274
0.08582498878
0.1647195816
0.1579642892
0.02118770778
-0.007572770584
-0.03512436152
-0.1571946889
-0.1499421895
0.1165997311
0.1136397645
0.05591279641
0.02858330496
-0.1077341959
-0.113825798
0.08478447795
0.06793805957
0.002962117083
-0.09815616906
-0.02296410687
-0.01982219145
0.01122117043
-0.06672640145
-0.09070508182
0.2349334955
-0.1673732996
-0.03747818246
-0.3572193682
0.2148463577
-0.01392306015
0.1198177487
0.1664782315
0.04248378798
-0.02156650834
0.007923559286
0.03021861613
0.1332698911
-0.05360660329
-0.06168748066
0.0660263598
-0.01654323936
0.1427918822
0.05886730552
0.04569773003
0.07469083369
0.01651840284
-0.05201702937
0.04013184085
0.1431689411
0.001644790522
0.003309677355
-0.02498908713
0.1228997931
0.06082304567
0.005863789469
0.01096178219
-0.09164892137
-0.05300842226
0.04506070539
0.02429381572
0.03611936048
0.03371730447
0.078980878
0.05961818621
0.01102276891
0.02996923588
-0.03570535034
0.002330328338
-0.02130574919
0.2613751292
-0.04790380225
-0.004584860988
-0.03989720345
0.05130157992
-0.003575696843
0.03240420669
-0.007543430664
0.04690168053
0.0345502831
0.0384789072
-0.007526758593
-0.09446512908
-0.08168718964
0.03877319768
0.02758203819
0.02213521115
0.0126066152
0.02203057148
0.1491521746
-0.01330811251
-0.05502948165
-0.1577326506
0.2824635506
0.05619949475
0.04534888268
-0.01091804076
-0.002843784168
0.01171420235
-0.2520019412
-0.1966998428
-0.1166454479
0.0348104015
-0.07880595326
-0.1458777487
-0.006036921404
-0.1543105841
-0.09685505182
-0.1021933407
-0.05344897509
-0.008636633866
-0.100736253
-0.01260001492
-0.3088786602
0.1309360415
-0.09559927881
-0.1077947095
-0.05989296362
0.06299078465
0.3034652472
-0.08990064263
-0.004960443359
0.1518153548
-0.01708457433
-0.07810551673
-0.02532021888
-0.09744252264
0.2404196262
-0.1199328378
-0.2203570455
-0.01040271018
0.01863580942
0.03588065132
0.06240954995
-0.3599741459
0.0247313641
0.02385593578
-0.05400757492
-0.08282176405
0.05531984568
-0.05621031672
-0.04540413991
-0.08708042651
0.06386955082
0.01787401736
0.1584201157
-0.01106158271
0.03032775968
-0.04040226713
-0.03940209374
0.2414727062
-0.1642868817
0.01061967108
0.0445342958
-0.1657986939
0.03982896358
-0.09071659297
-0.0188848637
0.03353149444
0.02675344236
0.01278091874
-0.1297843754
0.06627630442
0.02756217495
-0.1648256928
0.1105127484
-0.1091147885
0.08993010223
0.06063606218
0.05348937958
-0.004685850814
0.1570906341
0.01763797365
-0.07520414144
0.06287849694
-0.08742784709
-0.01700307243
0.1271169633
0.05636104569
0.02003580518
-0.06341359764
0.09025783837
-0.02582844347
0.09132833034
-0.01265533548
-0.1634368598
0.03241368383
0.01871584356
-0.01994894445
0.07236793637
-0.009968646802
0.0329236351
-0.05555059761
-0.04931331426
0.01448376291
-0.07094080001
-0.02801219933
-0.01854620129
-0.08829026669
0.06460075825
-0.0120359743
-0.05624570698
0.03205062449
0.0256219469
0.0626052767
-0.01262993924
-0.009368532337
0.07569295168
0.03938556463
-0.03824005648
-0.1789684743
-0.04541772977
-0.07353891432
-0.02028101496
0.0750856474
0.1056497768
-0.02624491788
0.03270064294
-0.01877037436
0.1154825315
-0.06580715626
0.06071318686
0.03077453002
0.009702576324
-0.02305515669
0.004652839154
0.02352373302
-0.1327352971
-0.2488675416
0.06347609311
-0.02618646808
0.07068517059
-0.1695463955
0.01916692965
-0.1229937151
-0.03870818391
-0.00145923486
-0.02523380704
0.01184041705
-0.01370907202
-0.1179941073
0.009402127005
-0.05565971509
-0.01331657823
0.1590595245
0.05191406235
-0.3244190216
0.0006474108086
-0.1728935987
-0.0522640571
0.06669039279
-0.03422858566
0.1324175745
-0.05923781916
-0.048783537
-0.1655522287
-0.08281231672
-0.1713294685
0.04893928394
0.05344666541
0.1323270202
-0.2037090659
0.03931180388
0.07106286287
0.06197202951
0.06068019569
0.0473264195
0.1091493145
0.003728637472
0.005350216292
0.04772451147
-0.1577040702
-0.01605075784
-0.1165750399
-0.04310866818
0.02891830355
-0.03779662028
0.08634932339
-0.01407122705
-0.1168812215
-0.06783115119
-0.02629715763
-0.02735672146
0.01920780353
0.1272265166
0.3078285158
0.004347729962
-0.03740903363
0.09799435735
-0.1651866585
-0.1718909889
-0.03713408858
0.01388037484
0.1339361966
-0.07729273289
0.04688318074
0.09408245981
0.03598565608
0.1293903291
0.1054060683
0.05721042305
-0.02927104011
0.09636882693
-0.03779737651
-0.02492710948
0.2549376786
-0.03583262488
0.02374447882
-0.02427016571
0.2041482627
-0.01783219166
0.006443405058
-0.008594620042
-0.08381818235
0.0757098943
0.02762791328
0.01730739512
0.02287310362
0.04315823689
-0.002065445995
0.03018320911
0.006916590501
0.02414651029
0.08929418027
-0.02374231629
-0.01062222477
0.04378785193
-0.01035169978
-0.04350809008
-0.03367789835
0.04899139702
0.05696908385
-0.01337835658
0.01303929742
0.0293812342
0.05231408775
0.066220209
-0.0470132716
-0.09416060895
-0.01113641355
-0.01346322522
0.02471308783
0.02584933303
0.06245579198
0.02044820413
0.03798356652
-0.02455310524
0.1115780473
-0.1121750623
0.1441371292
0.1417978704
0.01642096601
-0.02570996247
-0.0442699939
-0.02732492611
0.03135252744
0.1708465815
0.0103911357
-0.002522362163
0.02955040894
0.09585687518
-0.04724806175
0.003171605524
-0.1380533576
-0.1734924614
0.03107559867
-0.08231343329
0.01379361376
-0.1078585833
0.05381366238
0.06635552645
0.05226380751
-0.02295813337
-0.1553025991
0.01809225976
0.1632934064
-0.04699752107
-0.08980067819
-0.02536895499
0.03039765172
0.06856804341
-0.01965051703
0.1112798527
-0.1225134656
0.07660059631
-0.03568428755
0.08241163939
0.03746429458
-0.07204226404
-0.03352412954
0.02085668594
0.02565799281
0.1126815155
0.05604093522
0.04423435405
0.07213512808
0.09883218259
0.03146779537
0.00143975392
-0.02643455379
0.08339000493
-0.08987145871
0.1785087138
-0.1256522983
0.0493651256
0.06071406603
-0.1713932008
0.006202051416
0.003723054426
0.116787076
-0.05081509426
-0.01314984262
0.03704337776
0.09193626791
-0.01371260174
-0.07083180547
-0.04491883516
-0.06535371393
0.09797281772
-0.01269801985
0.02350099757
-0.02105869167
-0.00813305378
0.04346090183
0.06514946371
-0.01233222988
0.04561560601
0.0283044111
0.04837366194
0.04623396322
0.08774015307
-0.03304957598
-0.01497157849
0.1173085421
0.09688131511
0.05216223747
0.01987648755
0.08335163444
-0.0375672169
0.01339095179
-0.00479236152
-0.02960894629
-0.04247860238
0.01362498198
-0.01933017187
0.006564976182
0.06397209316
0.005540288053
0.008416793309
0.02335384116
0.01163638104
0.08721206337
0.003749348456
-0.02863857709
0.05114688352
-0.01725868136
0.006084950641
0.02754157223
-0.00732265925
0.004777959548
-0.02749239653
-0.04137535766
0.001725045382
0.03135771677
0.06057742611
-0.03242840618
-0.01050504856
-0.02301549725
0.004514950793
-0.003662882606
-0.005149919074
0.02031366155
-0.01437696815
0.03855068609
-0.00645313412
0.01755812205
-0.02547327243
0.08326689899
0.04011001438
-0.02052849345
0.02080198377
-0.01057958975
-0.01192297414
-0.1698600352
0.03448884562
0.06236882135
-0.06640559435
0.01142370887
-0.08477618545
-0.1093446985
0.01702225395
-0.1100780964
-0.09141483158
-0.04270812124
-0.1850084811
-0.02482273243
-0.02617898211
0.05701606721
-0.14552176
0.03076141886
0.06048805267
-0.07407774031
0.04412844777
-0.1637463421
-0.01684030145
0.04536278918
0.1231440231
-0.04225362465
0.1311893463
-0.09334372729
0.2386337072
0.107296966
-0.05671383813
0.005808373448
0.1053030565
0.2162927091
-0.08766968548
0.06661479175
0.2583657801
-0.1298498362
0.0580499731
-0.009761513211
0.03264761344
-0.1257797182
0.1061450616
-0.1186041757
0.01633379608
-0.1674493402
0.1043815985
-0.1369455904
0.1672507077
-0.2582449317
-0.0193275772
0.1129924804
-0.1104241833
-0.4712854922
-0.1250711381
0.006180560216
0.06082741544
-0.1090766266
0.01787178591
0.2289765477
0.09388230741
0.02636595257
0.08263849467
-0.1239653602
-0.184022218
-0.06696183234
0.03096529841
0.1513668299
-0.0628490001
0.02247336693
0.1069525182
-0.05898080021
-0.03621692955
0.06968804449
0.06544005871
0.007614837959
0.2187016606
-0.0704061687
0.01156882662
0.1812215
0.1863050759
0.05319370702
-0.03029602394
0.2172219455
0.06703162193
-0.01555927098
-0.02138995193
-0.08543847501
0.0005024903221
0.04924280196
0.09377940744
0.01913390495
0.1201988757
0.03813350946
0.04700385034
0.01977117732
0.02376961894
0.1179913133
-0.01523375232
-0.02316985652
0.1192985624
-0.0167356059
-0.03295834735
-0.04830463976
0.06648944318
0.06378021091
-0.003563977079
-0.03342194483
0.07961504906
0.03211368248
0.09268874675
-0.08556842804
-0.1172432974
-0.08999690413
0.04514687136
0.05344976112
0.07004643977
-0.06540518254
0.02118105069
0.0383025147
-0.03406505659
0.01061650831
-0.05893100053
0.2246388644
0.1433493048
0.06892548501
-0.00701944204
-0.05752977356
-0.0787460506
-0.04517468438
0.07249674946
-0.05179001391
-0.04661969468
-0.1345514655
-0.40590626
-0.001002393663
-0.07320756465
-0.1979079843
0.0640309155
0.02814698964
-0.02362679876
0.03185637295
-0.2890312374
0.07316387445
-0.04248655587
-0.09267865866
-0.1040217578
0.1197662726
0.1667750925
-0.01298586
-0.05361274257
-0.1652667671
-0.13203381
0.0531550236
0.07817362994
0.01369891129
-0.01188468654
0.03523828089
0.04426365346
-0.07903667539
0.07965552062
-0.02380803972
-0.005715201143
-0.08704042435
0.08183692396
-0.1571919173
0.1713738441
-0.1073926538
-0.1164938286
-0.3391649127
0.1345484406
-0.07599072903
0.05986049399
0.02427161299
-0.05212479457
0.05775945634
-0.2333375216
-0.1343957931
0.1714957058
-0.04109333083
-0.01821654662
-0.1684657484
0.1599217653
0.01580520906
-0.1440988481
-0.2323479652
-0.2898223698
0.03556613997
-0.01088578347
-0.04032221809
-0.2191578299
0.01127513871
0.06377167255
-0.005558137316
-0.1200406253
0.1807128191
-0.06907434762
-0.03788773715
0.02853170596
0.002631121082
-0.09880811721
0.06313209236
-0.00837597996
-0.06163842231
-0.008472913876
-0.1247026324
-0.02505782247
0.09065263718
0.07697786391
-0.02209543437
-0.02431034669
0.1747122258
0.1372827888
0.01290568896
-0.06035826355
-0.1651201546
-0.04072275758
0.08068011701
0.06916784495
0.07319295406
0.09190932661
0.1273569763
0.0491809994
0.01219722722
0.03352422267
-0.07876643538
0.02648967877
-0.02180179954
-0.09775877744
-0.05877146497
0.02929352596
-0.05146908388
0.07346213609
-0.01041582972
0.04855167121
0.0006648996496
0.07401414961
0.01996660605
0.01186316367
-0.04985341057
-0.2028541416
-0.156530723
-0.04179373756
0.03773099929
0.1219091639
-0.04455078393
0.01656785421
-0.1608307064
-0.06297913939
-0.02804005891
-0.2596866488
0.2053310126
0.07356413454
0.03627756238
0.02314252406
0.02888406441
-0.03583686426
0.111240983
-0.07274284214
-0.0432324633
-0.0991255641
-0.1076021641
-0.06132178009
-0.02388536558
-0.005595847499
0.005880103912
0.08304015547
-0.05494180694
0.1146390438
0.04498701543
0.1091368794
-0.06014752388
0.05080631003
-0.1006905809
-0.01676757261
-0.07602987438
0.02895487845
-0.177704677
0.09817624837
0.1011670679
0.09969457984
-0.04005160555
-0.07311604917
0.1572717279
-0.1224966645
0.04721394554
-0.03738120943
0.003516162746
-0.06993819773
-0.05979676917
-0.008070729673
-0.03447635472
0.03298024833
-0.0447424911
-0.03702542558
-0.005071081221
-0.0890616402
0.09271428734
-0.1051328033
-0.0005610428634
-0.01947197877
0.03290195018
-0.03091688827
0.07659213245
-0.1451018453
0.1147724167
-0.07803782821
-0.1148994565
0.04398211837
0.03273784369
0.01696137525
-0.07536581904
-0.009116894566
0.1322498918
0.05938189849
-0.0290654581
-0.08122061938
-0.1114513204
0.02939966694
0.1080374122
-0.06595628709
0.02366075292
-0.03543069214
0.02380935848
-0.002249330981
-0.03513228893
-0.04132258147
0.01066190004
0.01060365792
0.05072645098
0.01816700026
0.007401218172
0.03176631406
0.01866827905
-0.01993246004
-0.02608946338
0.02287787385
-0.02681962028
-0.03711786494
-0.06298419833
-0.005830948241
0.03070689179
-0.01980149932
-0.02506893128
0.103160359
-0.04056206346
-0.03411188349
-0.02672957629
-0.03016416915
-0.0321293883
-0.03545236215
-0.03373715654
-0.04363140836
-0.04320574924
-0.01469051931
-0.01182150189
-0.0573200807
0.005043757614
0.001975761261
-0.05464143306
-0.04998222739
-0.001603399636
0.003911272157
-0.05410635844
-0.02266729064
0.01013168693
-0.02123529464
0.01819259115
-0.03356748819
0.05829301476
-0.04803400114
-0.01551198773
0.01593711041
0.04026329145
-0.0502949357
0.0233809948
-0.007853641175
0.02059802413
0.05906137079
-0.04093626514
-0.01957947016
-0.01911327615
-0.02121525444
0.0454714559
-0.007973581553
-0.04450986534
0.1306121945
0.01648278162
-0.1482508332
0.04249449447
0.01824347116
-0.07984164357
-0.04410983622
0.0552126877
-0.01280376874
0.155308038
0.02277588472
-0.08667786419
-0.02168238722
-0.07191055268
0.1169146225
0.08365146816
-0.006985676475
-0.09888258576
-0.16555655
0.0614800714
-0.07214216888
0.079550758
0.07430797815
0.08902216703
0.0363689512
-0.07383076847
0.1184983924
-0.1753620654
-0.06169591472
-0.09917763621
0.08320343494
-0.01070388127
-0.022760408
-0.01755039394
0.1729826778
-0.09258977324
-0.07209426165
0.1210250109
0.1074602455
-0.1893280745
0.07121620327
0.08808011562
0.01392356027
-0.2223600745
0.1721642762
-0.1033013165
0.1195535585
-0.1685252041
0.07680507004
-0.07273374498
-0.0246602837
-0.05374530703
-0.1518278718
0.07173606753
0.08496767282
0.01031573024
0.1137928218
-0.02671205439
-0.1098163053
-0.0424265638
0.01130343881
-0.1195148453
-0.2427682579
-0.03169787675
0.002895833692
0.09836435318
-0.04168475419
-0.00689233467
0.06044890359
-0.01277897507
0.06068215147
0.1400765777
0.08647861332
0.004265474156
0.09020978957
-0.01199924573
0.02002701722
0.2219872922
0.1810967326
0.04125253111
-0.01909295656
0.1766778231
-0.04552476108
-0.04808064178
-0.01356223505
-0.08237808943
0.05586310849
-0.01350518689
-0.02652377822
0.04138522595
0.09904324263
-0.01510875486
-0.01425932348
-0.009070385247
-0.009750674479
0.09196279198
-0.03022210859
0.008771017194
0.06840726733
-0.02656623535
-0.05609863997
-0.003978426568
0.0306750387
0.01581334695
-0.02283700928
-0.06808745861
0.02246954106
0.07847175002
0.06839765608
-0.06222360954
-0.07607316226
-0.03951816633
0.008770002984
0.009792610072
-0.0001890048734
0.02226414531
0.00949348975
0.08971872926
0.02809184417
0.1107913852
-0.05357287452
0.07589640468
0.0665544495
-0.02102552541
-0.02454976365
-0.01872443408
-0.006595484447
-0.1104610115
0.08559025079
-0.03972712904
-0.08114316314
0.03039305471
-0.0709721595
0.0159726385
0.1013188437
-0.002859239234
0.1529385895
0.01405081898
-0.02740972675
-0.1271949261
-0.2058056146
-0.06073573232
0.1402722001
0.07606476545
0.1319641918
-0.00935141556
-0.1841111332
0.1307316273
-0.09825371951
0.038307596
-0.04636485502
-0.1179393977
0.06486733258
-0.1673167348
-0.03573589027
0.06493575871
-0.1146706417
-0.06417185068
0.007051747758
0.04522333294
-0.08548796922
0.05264095217
-0.04822507873
0.05037686974
0.1190498546
-0.05972375348
-0.006960095838
-0.001310917083
0.002900503343
0.07732141018
0.06703954935
-0.1158552468
0.05278541893
-0.0223625768
-0.01242432836
0.2242338061
0.08731795102
0.142781198
-0.008516813628
-0.1173533648
-0.04001905397
0.03416097537
0.001663342817
-0.048962567
0.1231188551
0.1124698743
0.008014954627
0.01873265766
-0.1001362726
-0.1734022051
-0.1794988811
-0.006169709843
-0.04576379806
0.01211615559
-0.01421376318
0.05537304282
0.06888177991
0.03520899639
0.03554805368
0.04707288742
0.03709720075
-0.01515164506
0.0822058022
-0.05440695956
0.008523161523
0.1311817318
0.06105005369
0.01662509143
-0.007270446047
0.07757925242
-0.03650436923
0.001644908218
-0.01630983874
-0.04843151942
-0.04757797718
0.01137306169
-0.02983609959
0.05682294443
0.02366994508
0.01498744171
-0.01274627447
-0.01891185716
0.02171577513
0.06151658297
-0.01721137017
-0.02159464918
0.03634130582
-0.01503196731
-0.02767749503
-0.00572807854
-0.01232113037
0.01683103479
-0.01096036565
0.02307559922
0.01468520053
0.02056535147
0.04471402615
-0.01096877921
-0.06730744243
-0.03070010804
-0.01675460674
-0.0001694540842
0.02830818668
0.08192066848
0.003469104879
0.0537093617
-0.03554154187
0.0117773423
-0.08140665293
0.1187560707
0.02668114193
0.0196502097
-0.01729055308
-0.01953145675
0.009110330604
0.02308209613
-0.03504654393
-0.01356914826
-0.05357480794
-0.1058000922
-0.02974661253
-0.03317449242
-0.009026430547
0.03758035228
0.0500424467
0.02121333219
0.06745110452
0.02076735348
0.003534690477
-0.009708996862
0.03774102032
-0.02760302089
-0.01858494803
-0.02428453788
-0.04319648445
-0.1287113279
-0.005779797211
-0.05138928071
0.07644424587
-0.0120039545
-0.06938958913
-0.001219809288
-0.03788981959
-0.005287302192
-0.01648960449
-0.06386993825
-0.006689128
0.009505806491
-0.00116500631
-0.02589483187
0.04196620733
-0.05918802321
-0.05021215975
-0.01691989228
-0.03584366664
0.05145085976
-0.08003614843
-0.01026485674
-0.01105511189
0.01339591574
-0.01826118492
-0.005152537953
-0.04320551828
0.07294305414
-0.02645956166
-0.02384426259
0.02831145003
0.002961236984
-0.06404422224
-0.0343648605
-0.01284347754
0.02958748862
0.003792193951
-0.004302070476
-0.009618395939
-0.06159582734
-0.01781298034
0.1081264243
0.05290892348
0.006089018192
0.00308239134
0.02248324454
0.03246342018
-0.0244406648
-0.02373920009
-0.004117970821
0.02102264203
0.02990846708
0.04870344326
0.02672540769
0.0702681765
0.03091230057
-0.008119727485
0.02321499214
0.03418944031
-0.01308602747
-0.01904274151
0.0150809912
0.002781608608
0.004067858215
-0.01069143321
-0.01594927721
0.06485760212
-0.01738000661
-0.01394015085
-0.01250091102
0.01737093925
-0.02563484572
0.00113919354
-0.01184045337
-0.01123213954
0.03074992262
-0.01320874225
-0.01188415103
-0.002639402635
-0.009122083895
-0.01218201686
-0.03093420714
-0.02271037921
0.003391274717
-0.007643815596
-0.03279261291
-0.000252172671
0.01258908026
-0.004944457673
0.01121964213
0.0135636311
0.04684093595
-0.01895308495
0.002176275942
0.01101176441
0.01502880082
-0.01844128408
0.01453752816
-0.001825534273
0.01285063382
0.06242765486
0.006900102366
0.02365581132
-0.01076762471
-0.0105282804
0.01456161588
-0.02190366574
0.1862607747
0.0599601008
-0.06003707275
0.08702858537
0.006416893099
-0.005525453016
-0.03745009378
0.01949671656
0.03962810338
0.0585809201
0.01168675721
0.1382904649
-0.07073383778
0.2011752874
0.08789885044
-0.1132154316
0.04026138037
-0.001614061533
0.01387785748
0.07362766564
-0.06606066227
0.1484923661
-0.005521556363
0.1593687385
-0.0739711374
-0.0423222445
0.01631825604
-0.1666208655
0.01928660087
0.1347053349
-0.1773846745
-0.02507076226
-0.008052335121
0.08877266198
0.05913265049
-0.07099281251
0.07470452785
0.07705456764
0.0600736104
-0.04247963801
-0.06281519681
-0.1670548916
0.02484102547
-0.03878197446
0.1221046224
-0.109389469
0.05510573834
-0.0087527344
0.2448796183
-0.1717258245
0.1070609316
0.013530517
0.2408033609
0.1026960984
0.02406334691
-0.006281085312
0.2248895764
0.0599225238
-0.006536264904
-0.0373285301
-0.007542820647
0.07641281188
0.1028271094
0.1814121604
0.004386649467
-0.03220782056
0.003815096337
0.04000735283
0.01870632358
-0.05745524541
0.0123276813
-0.05793879554
0.04291613773
-0.029646907
0.003508304711
-0.05263052508
0.003293318208
0.008741070516
-0.08413966745
-0.06118993834
-0.05568986014
-0.01146344002
-0.04766941816
-0.00366429775
0.03781728074
-0.01406246144
0.00125076517
0.08205104619
-0.06029742211
-0.0291607175
-0.02077071741
-0.04044456407
-0.007013680413
-0.05307964981
-0.03277633339
-0.05616758019
-0.07333210111
-0.03851694241
0.03621416539
-0.05952843279
0.05513270572
-0.02287949994
-0.019879492
0.02160071954
0.01365147345
0.001241093036
-0.01208646595
-0.02931707166
0.04459794611
-0.01485057082
0.0379405953
0.009936040267
0.04156542942
-0.05137337372
-0.03254936635
-0.02500181273
0.0221542269
-0.04816510528
0.0009813569486
0.02060348913
0.05837849528
0.08464854956
-0.0673039332
-0.09241878986
-0.04975426942
-0.0006197619368
0.002955863951
0.03717394918
-0.1220489517
-0.2697830796
-0.06724086404
0.08088260889
-0.1139935479
-0.2145108432
0.0657492131
-0.05318555608
-0.03626789898
0.02354539558
-0.03907685354
-0.07611808926
-0.1393116266
-0.0176364705
-0.2033736259
0.1001119837
-0.0929332301
-0.1201979518
0.04891254753
-0.06357359141
0.01737992838
-0.1825633198
-0.05905498937
0.1320291162
-0.05522939563
-0.05568948016
-0.04148752987
-0.1001316532
0.06929780543
-0.04423352703
-0.04524246231
0.002628071699
-0.02977046184
0.0404211618
0.1439356655
-0.1256869286
-0.03169130161
-0.01031994447
-0.03660177067
-0.03566559032
-0.05801989883
-0.1499634832
-0.09088040143
-0.06383197755
0.05226698518
-0.1249033883
0.1047640592
-0.03195039555
-0.03937600926
-0.08781523257
-0.05348362774
0.09400768578
-0.0657286495
-0.02105675451
-0.07924769819
-0.02115499415
0.06609626114
0.03598951176
0.08315233141
-0.05582903326
0.02502181567
-0.1794596314
0.07009633631
0.0944763869
0.01798141561
-0.06179435551
0.0979385674
-0.001046176301
0.053585466
0.02941761725
0.06717691571
0.03877362609
0.134824872
0.06235168129
-0.0008314995794
0.09182747453
-0.005963590927
-0.02085528709
0.09880704433
0.01153982431
0.01015016902
-0.05460684001
0.07586387545
-0.01007538661
0.05327225477
-0.05212024972
-0.07511480898
0.08785392344
0.002999337623
0.0006786074955
0.04768636823
0.02866552956
-0.03939890862
-0.02451460622
-0.04347116873
-0.03292347863
-0.03202390671
-0.03483950347
0.01562194619
0.0101343384
0.03709721565
-0.03959841654
-0.05429827794
0.01510531083
0.05485506356
0.01908358
-0.004543728195
-0.006339653861
0.05640489236
0.01421401836
-0.01286919136
-0.06144547462
0.03695782647
-0.080909051
-0.003547782078
0.03254394606
0.117067866
-0.03382953629
0.07781521976
0.0177377481
0.1179082841
0.05354804173
0.02122556791
0.02969935164
-0.01645358279
-0.02905104496
0.04334994778
0.005566189997
0.008309729397
0.002061596839
0.01583691873
-0.1051924154
-0.1064294428
-0.2038130611
0.04310821369
-0.04839388281
-0.0705659762
0.1351898611
-0.1517418474
0.124746874
0.03766373917
0.02821203321
-0.1951431632
-0.1563310623
-0.2321801037
0.02155041322
0.269744426
0.1065415516
-0.05229845271
-0.016206339
0.01494059153
-0.2471478432
-0.1009470299
0.07160674781
-0.04533810169
-0.0749456957
0.04687995836
0.3408381045
0.0005730504636
-0.03642537817
0.01564381272
0.08035886288
0.08506924659
0.1028550416
-0.07860065252
0.06499180943
-0.1299798936
0.04084666818
0.01707490534
-0.05965317041
0.02531012893
0.06624595821
-0.113632381
-0.1144639701
0.0626167655
-0.1478937566
0.1857728064
-0.03872383758
-0.03643628582
0.05512084067
0.1163202524
0.1683690101
-0.01907659881
0.03899801895
-0.2211722583
-0.05742545053
0.01289654337
0.0433646664
0.117881909
0.0002286628005
0.1137952507
0.05491225049
0.03265299648
0.01531058177
0.03538395837
-0.03445475176
-0.02901696786
-0.03532802314
0.006365352776
-0.09757323563
-0.08586148173
-0.08272279054
-0.09626418352
-0.1834807545
-0.01617169753
-0.006812966894
-0.1360153854
-0.1232536212
-0.01212156378
0.008872807957
-0.05386278406
0.08641237766
-0.04378923774
0.01223756932
0.01107385568
-0.08916373551
0.05510372669
0.07201966643
0.05364308134
-0.06480035931
0.02614374831
0.06350459903
0.02130747214
0.02289493568
-0.08799316734
0.03922439739
0.004622686189
-0.07610174268
-0.01255569607
0.03447685391
0.0006722378894
0.05616463348
-0.03567129374
0.03219971433
0.08114437014
0.04897501692
-0.1117691845
-0.06478575617
0.007586092222
0.005439443048
-0.04580364749
0.007130557206
0.03355215117
0.02065787278
-0.037576776
0.06606565416
-0.08638875932
-0.008407617919
-0.07039016485
-0.06979482621
-0.04305688292
-0.01289604604
0.06632821262
0.01865785196
-0.001046759076
0.001978469547
