1.910031824e-05
5.034420246e-05
-1.535786942e-05
1.313264761e-06
-5.150071229e-05
1.856259587e-05
1.366116794e-05
-7.41924433e-09
-2.125251922e-05
2.919256303e-08
-3.447266408e-06
-6.064226909e-06
1.787520159e-05
-2.79303913e-05
-6.477710122e-05
5.78407271e-05
-0.04870118201
-0.06399317086
-0.003273035167
-0.1913328469
-0.05520641804
-0.004653009586
-0.02590539865
-0.0003596901079
0.0339773111
-0.03463607654
0.09082739055
0.2452564389
-0.08903597295
0.06243211031
-0.08106295019
-0.05994134396
-0.06434333324
-0.02550222166
-0.0264528729
-0.1612892896
-0.07223100215
-0.1641776264
-0.02719941549
-0.0008242082549
0.1852858663
0.1804565638
0.1989399195
0.581602037
0.1263992041
0.3496181965
-0.2617797554
0.2220921069
-0.04669185355
0.006937992759
-0.01928855292
-0.1144957542
0.006831564475
-0.1325268
-0.109021455
-0.001822200487
0.1982688755
0.06857509166
0.2919404209
0.3561710715
0.02172484621
0.1785014868
-0.1771907806
0.03450223058
-0.09872175753
0.289804697
0.03248045221
0.210609898
-0.4050459862
-0.1565751135
-0.07634118944
0.001013858826
0.1928333044
0.2401096821
0.1690014601
0.07407807559
0.1244869903
0.4309356213
-0.4355013669
0.1659610569
-0.0004706585314
-0.0005610288936
8.029689343e-05
0.00328713702
-0.005310622044
-0.002266164636
-0.003197013168
8.952015378e-06
0.001142712077
0.0002690699766
0.001173795434
0.0004211284395
-0.0002096718963
0.001148392796
0.00676055206
4.655767952e-06
0.2713395059
0.1393836141
-0.230340749
-0.001011811313
0.5422016978
-0.1353977174
0.150338456
-0.001102396171
-0.2961186469
0.1670552492
-0.2480925769
-0.2074082494
0.08320692182
0.1265285313
0.8723428249
0.241087392
-0.08749978989
-0.1499483883
0.04874607921
-0.3582409918
0.3279467523
0.004512999672
0.04576857388
-0.002569526434
0.05191644281
-0.07626288384
0.09315223992
0.4240857661
-0.146726191
0.1134689376
-0.09480816871
-0.1861995906
