0.003728240263
0.01426647324
0.06381756812
-0.01818482764
-0.09053350985
-0.05996678397
-0.2023589611
-0.01273390278
-0.05981627479
-0.0856622532
-0.02066696621
0.0297395885
0.03356170282
0.2029802948
0.09824533015
0.07464911789
0.01298755966
-0.02055731602
-0.5215196609
-0.09171598405
-0.2976801693
0.0562739484
-0.08258742839
0.01468729507
-0.0005349075655
-0.07391064614
0.04190061241
0.04054572806
0.02679868974
-0.1270693392
0.002223899355
0.001082564122
0.06554023176
0.05223641545
0.01876577921
-0.04336189106
-0.1290908307
0.002774410881
0.01825793087
-0.1437406391
0.01246185508
-0.0385755524
-0.08464547247
-0.02238864638
0.09567176551
0.09916980565
0.04116644338
0.08251149207
0.1673235148
-0.02762637287
-0.153617233
0.1777034551
0.08733028173
-0.05047652498
0.004250779748
-0.04673663899
-0.009798574261
-0.01035682298
0.02195456997
0.07445688546
-0.1611068994
0.1811137944
-0.1315912753
0.0572216697
-0.01778543554
0.03518681973
-0.001094031963
0.09669817984
-0.03199818358
0.05860396102
-0.04396527261
0.01223672088
0.02908945829
0.04404883459
0.0462719202
0.02638458461
0.02363424376
0.03836685792
-0.04711579531
0.09209979326
0.001270602224
-0.0598703064
-0.01304638851
0.03619901091
0.000680964964
-0.0438205041
-0.05519469082
0.02527516335
-0.04535715654
0.005638746545
0.03494340554
0.04814514145
0.07675822824
0.01605970412
0.002389687579
-0.0003063907498
0.02218600735
0.00871620141
-0.02241033129
0.006494973786
0.0323442854
-0.01670577377
-0.05015035719
0.01332400832
0.03905551508
-0.01053323224
0.009964354336
-0.008055302314
-0.06735569984
0.04769834876
-0.03821479157
-0.02529618144
-0.03670119494
0.07331617177
-0.02616585046
0.03193663061
0.01257870719
-0.02193371393
0.05956125632
-0.009511959739
0.06759172678
0.03369202837
0.1201390699
0.0507668592
0.004539540969
0.01996400952
-0.01897270791
-0.002514591906
0.105213277
0.18126598
0.08778768033
0.01509670541
-0.1251042485
-0.03507563099
-0.1142050326
0.08777128905
0.04759144038
-0.01784045435
0.05211764574
-0.04054549336
0.05935131013
-0.05007357895
0.1966421902
0.04659745842
0.05188718438
0.03369510919
-0.07146860659
-0.01451179292
-0.02605929039
0.03294593841
0.004318166059
0.05454489589
0.003298709868
0.04149626568
0.02358684316
-0.05361497775
-0.1417493075
0.04413391277
0.01955707744
-0.04080266505
0.07157534361
0.1819322854
0.02104634978
-0.01638277993
-0.02238076739
-0.07872228324
0.004276132677
-0.02698103897
-0.1210342646
-0.01781598479
-0.01780777238
0.06117987633
-0.07643782347
-0.04227828979
-0.09309931099
-0.1808742136
0.1993991286
0.1171108335
0.153896898
-0.07343585044
0.03406140953
0.06722088158
0.07898917794
0.06846135855
0.02441898361
0.01561000291
0.02514034882
-0.05170543119
0.03405329958
0.2657937109
0.03768958151
-0.1269628108
-0.02322594635
-0.02913951501
0.03856176138
-0.04512907565
-0.1580216438
0.01345862262
-0.002692147391
-0.04087357223
0.0003822948202
-0.04174929112
-0.07815036923
-0.0403631255
0.114971824
-0.03177506477
-0.02967799269
-0.003427903401
-0.03261671588
-0.01572263055
0.01435054
0.07173755765
0.1279430687
0.001845613006
-0.03943924606
0.02522733808
-0.0585779734
-0.1061609834
0.005169880576
-0.047182668
0.00635790918
0.005457236897
0.0226576142
0.0293724481
0.02180599608
-0.004003108945
-0.01615780592
0.01901452057
0.04384095594
0.00542706158
-0.03534768522
0.03795665503
-0.1248493046
0.07809442282
-0.05626058578
0.009577021934
0.02380315028
-0.05544055626
0.007197127212
-0.06650889665
-0.03589584678
0.09486979991
0.06246688217
-0.01564388536
-0.01310885884
0.03390702233
0.01227727253
-0.01634228416
0.03428325802
-0.1263985485
-0.001254995237
0.007332244888
-0.02413730696
0.03065725788
-0.02786671929
0.0476035662
-0.1142583787
-0.09023940563
0.07318541408
0.1502026469
0.02555979975
-0.0204017628
-0.1365616471
-0.03748679161
0.01442822535
-0.1601308286
0.007633633912
-0.1067904532
0.06875378639
0.05746073276
0.04241948947
0.1420069486
0.1075704098
-0.07941062748
-0.4232578278
0.0903583914
0.07675016671
0.08624206483
-0.08886683732
-0.06499648094
0.02236750722
-0.06643816829
0.109029375
0.1466222107
-0.1616951227
-0.1178014576
0.1796438545
0.05636992678
0.1193519756
-0.02850969695
0.01684077084
0.01163159311
0.004429899156
0.1709812582
-0.001448743977
-0.09071478248
0.01972636394
0.02548176795
-0.04289253429
0.01396236103
0.03257952258
0.028579982
-0.08136504143
0.1012836024
-0.09079416841
-0.01970074885
-0.07174948603
0.01119011361
-0.08427469432
0.16821073
0.08152935654
0.01528821699
0.05867528543
0.09816104919
0.07344879955
0.08918147534
-0.005547632929
0.177450031
-0.03563687578
0.05577373877
-0.08654923737
0.03096996434
-0.002165661659
0.01993815787
-0.1019875109
0.01502338331
-0.03654841334
0.03773166984
0.05668247491
0.05869988725
0.02966914326
0.06282988191
0.06538205594
-0.01424370799
-0.01570387557
0.1439626962
-0.01479368936
-0.06276429445
0.04766934738
0.08533360809
0.03764945269
-0.02836814895
-0.07013455778
0.08408375084
-0.04463469982
-0.02461806126
-0.03052835353
0.03255944699
0.04708366469
0.0008508838946
0.01919462532
-0.01127105393
0.05187667906
2.085284541e-05
0.01883777417
0.006228412967
0.08398251981
-0.01752896421
-0.05370667949
0.03704115376
-0.005641035736
0.05958941579
-0.02946416661
-0.03793727234
0.04133244604
0.02243291214
-0.03743660077
-0.07652970403
-0.08127337694
0.07649277151
-0.04352097213
-0.02016725764
-0.05658353493
-0.02161934227
0.09570074081
0.02710226737
0.08732146025
-0.01152811199
0.1172152162
0.1249487549
-0.0264403969
0.02167229354
-0.0464713648
0.02140785009
0.1352829188
0.0136063695
0.05732392892
0.02528031357
-0.1166604161
0.05134731159
-0.2205505818
-0.007821579464
0.1773318499
0.01586414874
-0.08534920216
-0.004543367308
-0.01404239517
-0.01749374159
0.1369849592
-0.04633290693
0.0678550005
-0.07368365675
-0.3017769158
0.1718124598
-0.3139996827
0.03513600677
-0.0943230316
-0.02002221718
0.189470008
0.04521159455
-0.006188420579
0.1300483495
-0.08209151775
0.06550932676
0.2584103346
0.0907894522
-0.06445785612
-0.0780659914
-0.1424613148
0.1022930443
-0.1485170126
-0.1275333911
0.04298412427
-0.1747218966
0.1567960978
-0.07302035391
-0.0373028405
0.1025218889
-0.1224312261
0.1019640565
-0.1915507317
0.2503418624
0.01445883326
-0.04443001002
-0.03548164666
-0.02060126327
-0.2865177393
-0.2166094631
0.01656526141
0.09419050813
-0.009267183021
0.1500689536
-0.02107155509
0.01579361781
-0.1202940419
0.03091633134
-0.004171202891
-0.1088951528
-0.06982812285
0.09159763902
-0.02081825957
0.09500855207
-0.03672739118
0.03971863911
-0.05882708356
0.07821570337
-0.04268444702
-0.02547384985
0.04833780974
0.02451415546
-0.00622728141
-0.1196999624
-0.037763495
0.00751827145
0.05041169003
-0.0394689776
-0.03158671409
0.03667845204
-0.1435012668
-0.08292846382
-0.01156192925
0.03208350763
0.018427331
0.1022687107
-0.01811506785
0.1278012842
-0.03541015089
0.03661158681
0.0226768665
-0.01424563304
-0.04904369265
0.01180017553
0.05272401497
-0.05062631518
0.02591368929
0.002566334326
-0.004617983475
0.02584505081
0.09635399282
-0.0008802773664
-0.03858636692
0.005476274528
-0.1470904052
0.08452946693
-0.137664929
0.08078030497
-0.05475593731
0.04092667997
-0.04551715404
0.03649418801
-0.1680131108
0.002428902313
0.02314615622
0.1019457057
-0.01740017533
0.02975225449
0.08835223317
0.0526314564
0.01068267226
0.001058439026
-0.06227268651
-0.06544505805
-0.1781473607
0.1525596231
-0.06828418374
0.05092653632
0.0329999961
0.06723739952
0.1080371514
0.04865082726
-0.03179199621
-0.05323890969
0.1255361587
0.07788617909
0.03346126154
-0.1299175918
-0.007022884209
0.02524027601
0.01329019759
-0.03426955268
0.1708966196
0.07175240666
0.1900011301
-0.0810809806
0.1611370146
0.00470276596
0.09368425608
-0.1380369812
-0.07238184661
0.06724774837
0.07021326572
0.03391065076
0.05983939767
-0.01367459726
0.04489352554
0.02620073967
-0.03734964505
-0.0341193378
0.02099640854
0.07066210359
0.0416880846
0.02506831847
0.09629227966
0.08202338219
-0.101559408
-0.04157527164
0.04804408178
-0.06514774263
-0.03046393394
-0.0006557784509
-0.004252525512
-0.02543980815
0.1521591395
-0.05095322058
-0.04206606373
0.1010176763
-0.01017591637
0.05421633273
-0.05024239793
-0.003834207077
0.1366751045
-0.009637142532
-0.03827409819
0.05273968726
0.1168365628
-0.02455834486
-0.02702048421
0.008336097002
-0.0460565947
-0.03238911927
0.03023171797
0.04466269538
0.0397340171
0.1350101531
0.001913414453
0.02308054082
0.01615082286
-0.0128961606
-0.04620270059
-0.07358728349
0.07431641966
-0.01415591408
0.009897165
0.01181030553
0.04335256293
0.01603088528
0.08292783052
-0.01836918294
0.09545850009
-0.04858564958
0.03345881402
-0.04013883695
-0.005277545191
-0.003826623783
0.0715116784
-0.001889750478
-0.05707549676
0.001099801972
0.005751551129
-0.01432750281
0.0460755527
-0.0617775172
-0.04697858542
0.004704270978
0.03324988857
-0.04314027354
0.03047635406
0.07109089941
-0.000179043127
-0.005315760616
0.03476301581
0.08709932864
0.06221373007
0.02230196819
-0.02319497988
0.0421279557
-0.05381743982
0.1130597666
-0.08769433945
0.0911025703
0.02729697526
-0.07798884809
0.05553802103
-0.04772124439
0.09335682541
-0.03987162933
0.07187590003
-0.06008053198
-0.001285471255
-0.03132532537
-0.1493747234
0.1086546779
-0.09550219029
0.03351444751
0.02555419132
-0.09153103828
0.1286639124
-0.04627792537
-0.1989559382
-0.0565027073
0.04852090776
-0.05871387571
-0.06731380522
0.007803658023
-0.09703380615
0.01786158234
0.04295112193
0.06425137073
0.01060207374
0.04431404173
0.2860104144
0.007766057272
0.06058965251
-0.1099901348
-0.01300475467
0.0901011005
0.08295183629
0.04105662927
0.1323559731
-0.04478722811
0.08124613762
0.06605646759
0.000256532483
-0.001873304602
0.02669343539
-0.09669393301
-0.01184219588
0.02462401427
0.02615525946
-0.03221525252
0.05339685082
0.09414292872
0.03486513346
-0.048754666
0.06326389313
-0.2582010627
0.1094374806
0.2557078898
0.09110694379
0.02488525398
0.157878533
-0.01049802359
-0.04734880477
-0.04551083967
0.1083729267
-0.05503654107
-0.04057023302
0.3507243693
0.01086091623
0.132230714
0.04422750324
0.1563312262
-0.02548547648
0.0003138486354
0.00742011331
-0.07071953267
0.04007862136
-0.04537308589
0.03779581934
-0.0655503422
0.01030373946
-0.1073859036
0.05434108153
-0.06066342443
-0.07975263149
0.02910276875
0.05353127047
-0.02250371128
-0.04151248187
0.01458095759
0.04383680597
0.03233985975
0.0533744283
0.03751980513
0.005623291247
0.0454630889
-0.02533349767
0.07395156473
0.003781958017
0.1021044329
-0.05850993097
-0.02722704597
-0.00838962011
0.0460800752
0.079344064
-0.01911685243
-0.04254256934
-0.01066141482
0.06457930058
-0.05569466576
0.0960803479
-0.04877540842
0.05869631469
0.05520617217
-0.08491548896
-0.04449014738
0.0255595129
0.01850664057
0.1412947178
-0.07845315337
0.0558937341
-0.1413405985
0.03169486299
-0.06672517955
0.0520610027
0.03055818938
0.05339869484
0.02475691214
-0.03024941683
0.04667005688
0.03700368479
-0.07604960352
-0.03231247514
0.08396746963
-0.009521963075
0.09066295624
0.07118904591
0.1010261625
-0.005635140929
-0.291903168
-0.03759616241
-0.04714326188
0.05461385474
0.09982567281
-0.08656816185
0.006267720368
-0.002825353295
-0.04055780545
0.07843833417
0.1463643461
0.1101073325
-0.1632487625
0.0140293045
0.1096084416
0.005853704643
-0.05426326394
-0.08454521
0.1921361089
0.2859672904
0.2143065631
-0.006116658915
-0.09937725961
0.144640103
0.1567680538
0.03932879493
0.09688581526
-0.2008626908
-0.1108887643
0.1861150265
0.1111592278
0.1286688
-0.04986550659
-0.002279609675
-0.1203248277
-0.03606968373
0.2011611313
-0.1091717705
0.0283102598
-0.01400070265
-0.07287401706
-0.09237179905
0.0805542171
0.004320834763
0.05247881263
-0.1239820793
0.2067995667
-0.1778045744
-0.1922815591
-0.1631040424
0.04523619637
0.1130865216
0.08641156554
0.07866838574
-0.07658737898
0.2194595188
-0.0811855644
-0.0803149417
-0.1557153314
0.002865325194
-0.04604858533
-0.3456061482
0.08468651772
-0.08988337219
-0.04711307213
-0.1922561377
0.01643518358
0.05063477159
-0.01805468835
0.03208562359
-0.04516847432
0.04663787782
-0.1044860855
0.1198818237
0.2065971494
0.01183354482
-0.01982085966
-0.1510208845
-0.1669869125
0.03737051785
0.01424366236
-0.06537062675
0.05991522968
0.03860073537
-0.01048031077
0.07849454135
0.005699669477
-0.0118869422
0.05866709352
0.01967168786
0.09362649173
0.05446206033
0.02621174231
0.01955887862
0.07097664475
0.05554208159
0.05416577682
-0.01302716136
0.09647263587
0.02430031635
0.05619967729
0.07537095249
-0.01055905595
-0.07933207601
0.08038777858
0.04644593596
0.0174715966
0.1406654567
-0.001114544226
0.08235272765
-0.00413437048
-0.02240678109
0.03499698266
-0.006504566874
-0.00485277269
-0.07786420733
-0.0003066471545
-0.02946824208
0.04913842678
-0.18376261
-0.04400413856
-0.1096226573
0.0198140461
-0.04914304614
0.02452661842
0.009134172462
0.05668331683
-0.06164499
-0.02033327147
0.02639435045
-0.03175853193
-0.013885336
0.006472025532
-0.0150430426
-0.02596651763
-0.002490380546
-0.06021716446
0.007633300032
0.04353095964
-0.02974346094
-0.005992386024
0.01043958776
0.06997917593
0.02338884026
0.02741226181
-0.1659445465
-0.05498086661
-0.0534700565
0.03784558922
-0.06959875673
0.03631222993
-0.021430986
-0.05291972682
-0.1271174699
-0.06037272885
-0.06683494151
-0.04009122401
-0.1710032672
-0.01615586132
0.06243558601
0.0553714782
0.03935253248
-0.02775292657
0.02800327912
-0.1767010391
0.06378167868
-0.09004843235
0.04112609476
0.0280216299
-0.006365864072
-0.02449428104
0.02832965739
0.08418559283
0.09501924366
-0.0962895304
-0.03773860633
0.03507677838
-0.05441461131
0.002413258888
-0.01546317898
-0.05094570667
0.03713034093
0.04469562694
0.1920854002
0.09184341133
-0.01507796347
0.008035354316
0.03809611499
0.0182258971
-0.01522188541
-0.1067179963
0.002539307578
-0.02317181602
0.05381815508
0.001897883136
-0.03619641066
0.01540759113
0.02598860301
-0.006032664329
0.03348790109
0.03188930824
0.01332279947
0.03489714861
0.02786239423
0.04476471245
-0.01190714631
0.008382551372
-7.070352149e-05
-0.02103869431
0.01665263064
0.01498491131
0.0298587475
-0.02000612207
-0.1053463146
0.07983087748
-0.02749492787
-0.01753931306
-0.001581878285
0.02859681472
0.01547044143
-0.02648492344
0.01366110612
-0.004642054439
0.008130731992
0.0004617464438
-0.02028047666
0.01331776474
0.0413504988
-0.002529521007
-0.04999604076
-0.01260813326
0.03522023559
0.01151431911
0.000938858022
-0.007872466929
-0.001005361904
0.008904869668
-0.01524191163
-0.009306375869
-0.01827241294
0.02621478215
-0.01380765811
-0.01183645241
0.05227058008
-0.01741284877
0.03330443427
0.004228150938
0.05902529508
0.01837559417
0.04984662682
0.03788332641
-0.001597032649
0.01065883879
5.396705819e-05
-0.0046713911
-0.1616592705
0.02187315375
-0.05394413695
-0.2288066298
-0.04574400932
-0.06892175227
0.1299119145
0.2172548175
-0.1692813188
0.1488031894
-6.893575483e-05
-0.01571531408
-0.04917065799
-0.1385872215
-0.1723893285
-0.1138736531
-0.1094672382
0.06679844111
0.2830491066
0.1634522229
-0.09592288733
-0.1567931026
0.01728254184
-0.2239787132
0.06585190445
-0.1178219393
-0.06197668612
-0.005334288813
0.00770219136
0.2343700975
-0.02630889975
-0.01030402351
-0.2460832745
-0.1380817741
-0.1921437234
0.1306168586
-0.1451891661
-0.0276294332
0.03194024414
-0.0436158739
-0.01123506948
-0.09033028036
-0.1410032809
-0.02887086943
-0.2201330066
-0.07595458627
-0.0182271935
0.1365071535
0.02799970284
-0.04030949995
0.08137692511
-0.09183662385
-0.2645004094
-0.01151206903
-0.1101500541
-0.09498555213
-0.1333314627
0.003536616918
0.1318207979
-0.009994290769
-0.111118488
-0.2328200638
0.05724393576
-0.1979905814
0.008300531656
0.06651896983
-0.05796900019
-0.01017854922
0.05527098104
0.03349878266
0.05519621447
0.02313931286
-0.04422572255
0.004225970712
0.03276064247
0.02863629907
-0.04272704571
-0.03891179711
0.1115852147
-0.03106255643
0.04033624008
-0.005788269918
-0.008711228147
-0.04048587382
0.03838638589
0.05354521796
0.182163775
-0.1180202812
0.04105747864
-0.006578691304
0.08124084026
-0.02432892658
0.008793377317
0.0008451037575
-0.03415199369
0.02480875701
0.008404603228
-0.00603372138
0.0352155529
-0.002004040172
-0.09815891087
0.02647796646
0.08595982194
-0.02323882654
0.04801069945
-0.0486795269
0.04529469088
0.03899078071
-0.03502947837
0.05055414513
0.06501051784
0.06118466705
0.07414893061
-0.04569733888
-0.07763288915
0.0647277087
-0.05064832047
0.1123201624
-0.01586005837
-0.09479342401
-0.01137670409
0.06159251928
-0.0380172357
-0.04896766692
0.06599069387
-0.04336932302
-0.0306666363
-0.006633131765
0.04246483743
-0.03125037253
-0.03234666213
-0.09400307387
-0.0212207213
-0.05098600313
0.04240532964
-0.02175166085
-0.1111435667
0.05249199644
-0.005854331888
-0.005161153618
-0.02327094227
-0.0276992023
-0.05965171382
-0.04562045634
0.008500679396
-0.009757887572
0.1062131971
-0.07103450596
-0.1240467727
-0.09073449671
-0.04080677778
-0.07008527219
-0.014276064
0.08714888245
-0.05757559091
0.02553671412
0.0131629305
0.03093914315
-0.03851464391
0.01881716214
-0.09234884381
-0.07660200447
0.003658710979
0.02810707316
-0.03732958809
0.04473429173
-0.0002716836752
0.00231284555
-0.01656697504
-0.07038073987
-0.04672537744
-0.05207791179
-0.002257923596
-0.01381809264
0.05077105388
0.0964448303
0.05220028758
-0.07187520713
-0.04691576585
-0.04134133086
0.04456596076
-0.04046587646
-0.0660526529
-0.09945570678
0.02291689999
0.05438156053
-0.05345362425
0.04265907779
-0.05099971965
-0.05017796159
0.002423763042
0.09524078667
0.04275166243
0.0125186611
-0.005885285791
0.05647314712
0.1155712456
0.02433810383
0.01558408048
-0.04600518197
0.02864468098
-0.07298562676
-0.002418053336
-0.008013800718
-0.03825682402
0.006555913948
-0.02732257918
0.02202292159
0.03855063021
-0.001882770332
-0.06084792688
-0.03693563119
-0.0373091884
0.009718448855
0.01598990895
-0.005761154927
0.03224210441
0.07631489635
0.009192576632
0.04959841445
-0.0006746530998
-0.02998121642
-0.009774839506
-0.03288665414
-0.0175211709
0.002832604805
-0.0003527911613
-0.06516047567
0.02853884362
-0.01048474014
0.02469535358
-0.0222830046
0.03551613167
-0.02868712693
0.03899647668
-0.003934885841
-0.023470046
0.0268529281
-0.003763223998
0.03166517243
0.008273742162
-0.05783982575
-0.03000126593
0.03813789412
0.06847804785
-0.0007044987287
-0.06636724621
0.005822930951
-0.01236553397
0.08610569686
-0.007637506817
0.002565984149
0.02065813169
0.02114500105
-0.005163005088
0.0239853505
-0.1361708194
-0.06178890169
-0.04916288704
-0.1557867378
0.1212595031
-0.009981177747
0.2076630592
0.00182329095
0.04032249376
-0.02790871635
0.1291455775
-0.06076059118
-0.09772977978
-0.1858037263
-0.1029639915
-0.02470436692
-0.002582026646
0.05789834261
0.4387395382
-0.0152793508
0.1939085722
-0.1525735706
0.03749969602
-0.01186540723
0.01973274909
0.09883604199
-0.03088929318
0.01273944229
-0.142405495
0.07778311521
-0.02529787645
0.01350860205
-0.1407503486
-0.1078439206
0.01090498175
-0.01528424956
0.1080095619
-0.001051670639
0.1387128681
0.1507943273
0.01402557082
0.06691768765
-0.02515917644
-0.09128872305
-0.03097201139
-0.1453241557
0.09991253167
-0.006194544956
0.007043765858
-0.1218959019
-0.0404988192
0.1195113882
-0.0790316239
0.09253825992
-0.07662019134
-0.08731074631
0.1312097311
0.05055075884
-0.05599019304
0.008198678493
0.1496984363
-0.05507159233
0.03546696901
-0.004922875203
0.03366968036
-0.03105144948
0.05597623438
-0.06738482416
0.1445023268
-0.003140725428
0.04132981971
-0.00543447677
0.06163066626
-0.02513848245
-0.05339121073
-0.002587944269
-0.104059644
-0.02501751482
0.06390652061
-0.08257520199
0.01624591649
0.004866284318
0.02386143059
-0.05845449492
0.004168758169
-0.01708446629
0.04064662755
0.01641196944
0.07389462739
0.07877012342
-0.03083938174
0.09083369374
-0.01496858895
-0.03976297379
-0.04043811187
-0.07303128392
-0.04393649846
-0.04245102778
0.01091737859
-0.05305918306
0.0210529305
-0.0006521302857
0.01323388983
0.01414703857
0.003385146614
0.02431062423
0.02260660008
-0.03349163383
0.05332586542
0.05456035212
0.03940241411
0.04726432636
0.02849704027
-0.1177538782
-0.05277743191
0.04428892583
0.04814299196
0.01728633605
-0.04952286184
0.01103601698
0.01117349137
0.02563881315
-0.01238589082
0.02575370483
0.01833600178
-0.00225673453
-0.05733864382
0.04218036681
0.1263991743
0.1389793605
0.07798857987
0.2968360484
-0.1818062067
-0.01649257727
0.06073572859
0.07912346721
-0.001892978908
-0.04327234998
-0.1204818636
0.06815718114
0.1298165917
-0.1319968402
0.09326322377
0.07275057584
0.04113312066
-0.1227044389
0.0689624548
0.2036349475
0.1243793443
-0.09277915955
-0.131311506
0.01166918594
0.0690093413
0.05750241876
-0.278270483
0.06146807969
0.04177360237
0.08862146735
-0.04903868958
0.06358067691
-0.1109806597
0.04517447203
-0.03976048529
0.0275228098
-0.0275857728
0.2968657613
-0.01872295141
-0.06511557847
0.0002171987144
-0.1100351065
-0.1744532883
-0.04267736152
0.1295307577
-0.197289288
-0.09850914776
0.06572045386
-0.0462262854
-0.06405206025
0.04104241729
-0.03998595476
0.04084422067
0.03232754022
0.07469691336
-0.005422995891
-0.1347660571
-0.05965624377
0.1049619243
-0.05530919507
0.02757284604
-0.1342535168
0.06763779372
-0.1698032469
-0.02780610323
-0.03903521225
-0.04190858826
-0.0276354067
0.0254418999
-0.0448089689
0.02449130639
-0.111137934
-0.03991014138
-0.09687567502
-0.05145373568
-0.03045267053
0.03327206895
-0.06834062934
-0.03475067392
-0.01764729992
0.02560685389
0.05115478486
0.028769942
0.04055944085
0.07080367208
0.0342521444
0.108450368
-0.0024845968
0.002542244038
0.008399740793
-0.03380860388
-0.1259938031
0.05626114458
0.07011947036
0.05827551708
0.06653980911
-0.04293297604
0.05113595352
0.04854457453
-0.06385900825
0.003099945607
0.01495434064
0.09894407541
0.02261155471
-0.1214292794
-0.1081923842
0.04806935042
0.0548719652
0.1010345891
-0.1107669249
0.09832724929
-0.07836449891
0.06019301713
-0.0245583225
0.0509092696
-0.002537252614
-0.02131796256
0.0244467631
-0.0451826863
-0.01873120852
-0.09867301583
-0.07039900124
-0.07262174785
-0.03425844386
0.01602897607
0.08248185366
0.05578839406
0.03866850585
-0.03977203742
-0.08232741803
-0.09916189313
0.09933268279
-0.1106789783
-0.01117281988
-0.1008599997
0.03403620422
-0.00277660694
0.06845068932
-0.04080951214
0.07222510874
-0.1896768212
0.1491294503
-0.1728019118
0.008123842999
0.07742276788
0.03809899464
-0.007697019726
-0.07330714166
-0.1778286844
0.1722481549
-0.1752405614
0.02595860884
-0.02184492908
-0.001833592774
-0.03439602628
0.05508932471
-0.01943314821
0.0421045199
-0.0698576197
0.03838086873
-0.2136809826
-0.1155981049
-0.09364260733
-0.1011053547
-0.03211611137
-0.1566528827
-0.05671823397
-0.09655787796
-0.003948829602
-0.04561220855
-0.02866827697
-0.07330451161
-0.02062429674
0.06118538976
-0.09298235178
-0.05426246673
-0.0573900491
0.05252794921
-0.01460070256
-0.04542594776
0.1482722759
-0.04589367285
-0.08851402998
-0.04948313907
0.03351685032
-0.06532034278
-0.1050940827
-0.1394097507
-0.1942370236
-0.03849257901
0.1400017291
0.2059009075
0.04159925133
-0.03500587121
0.002631954849
-0.02241120674
-0.01971410401
-0.03042765148
0.04543624818
-0.1041263416
-0.08571629971
-0.07085653394
-0.05847974867
-0.09580340981
0.01331273559
0.01690689102
-0.04213634878
-0.06120186299
-0.003196313046
0.0001208801259
-0.07440704852
-0.03196053207
0.07041654736
0.03622224927
0.1621151119
-0.03863792494
-0.01026336476
-0.03986329958
0.03693145886
-0.1567635089
-0.008153365925
0.01380691212
-0.01205935422
0.04892206192
-0.04551822692
-0.01076293364
0.07979822904
0.03213484213
-0.02515785582
0.02457921207
0.02371375076
-0.007210392039
-0.07475715131
-0.1046880856
0.02969750948
0.05619418994
0.02553801052
-0.07916266471
0.05500434339
0.03141506016
0.1668430716
0.002472311724
0.06192813069
-0.07704026997
-0.01512902044
0.08620730042
-0.03077397682
0.03543870524
-0.003345411038
0.07564752549
-0.1174632609
-0.1349017173
-0.04930111021
-0.02426294796
-0.03008097038
0.00174735894
-0.2065365314
-0.109517388
0.05903012678
0.02174078114
0.07124006748
0.05753414705
-0.09617400169
0.06364295632
0.04515335709
-0.07981903106
-0.3305953145
0.0225090608
0.08683987707
0.1038193628
0.1423383057
-0.035395585
0.08781851828
-0.0572081767
-0.3220727146
0.08996056765
0.009729705751
0.1980167329
0.005535177886
0.0234569367
-0.06446875632
-0.001389702549
0.2752772868
0.07954206318
-0.09856555611
-0.01908349618
0.2337786257
0.0812464878
0.1001676247
-0.004805967677
-0.1809741557
0.04782671481
-0.1303288788
0.156107977
-0.03043708764
-0.1553250551
0.02647880837
0.03734816983
0.03751306608
0.07318934798
0.1808532476
0.06919134408
-0.08968907595
0.09219969809
-0.1276249886
-0.171287626
-0.138500154
-0.08180538565
0.1115655601
-0.2258212268
-0.2007178366
0.03563749045
-0.09504087269
0.07316767424
-0.04503343627
0.1105670333
-0.08684582263
-0.002040887251
-0.1579963118
0.04308152199
-0.04859080538
0.01316638663
-0.05215859041
0.06473475695
-0.028519243
-0.009574326687
-0.07685014606
-0.02832059003
0.004215270281
-0.01808735356
0.03443627432
0.01931444183
0.02466803975
-0.01368674543
-0.1353194416
0.03793165833
-0.02376998216
-0.03495849669
-0.03389395028
0.04336455092
-0.05305441469
-0.01424243767
-0.01718106121
0.04524659738
-0.04587448388
-0.001234061667
0.02983991615
-0.05478255451
0.03962022811
0.02396204509
0.02382200398
0.04358868673
-0.01445804816
0.04669846222
-0.002345225075
-0.06255011261
0.0234801583
0.03796832263
-0.02360053174
0.02444890141
-0.05405288562
0.007266605273
0.02789162099
-0.0003199245257
0.02879686654
-0.01411979552
-0.05020243675
-0.004859360401
-0.04608933255
0.04342985526
-0.01091614179
-0.08632813394
-0.06006042659
-0.09617933631
0.04287185147
0.07913456112
0.02387785167
0.01075571124
-0.04341287538
0.0408193171
-0.0554353632
0.06440649927
-0.03348323703
0.0158010833
0.1095855758
-0.01796036586
0.02062338032
-0.03152751178
-0.04741045833
-0.04630382359
-0.08607698232
0.04749074578
-0.06913878024
0.03504240885
-0.07471340895
0.03678770736
-0.04200384021
0.09471598268
-0.01154453959
-0.01717286743
-0.008317114785
-0.04739584401
-0.1166098639
-0.005894477479
-0.2624438703
0.01304721646
-0.01814074814
-0.05576818436
-0.03535319865
-0.1239774525
-0.08526236564
-0.01825503446
-0.04691694304
0.002660032827
-0.04375966266
-0.01616878808
-0.04676007107
-0.008999311365
0.1028988287
0.02567463741
-0.1287908852
-0.001843936974
0.002251865342
-0.05550294369
0.02186382562
-0.144663319
-0.1121217087
-0.002935997443
0.001792823081
0.07774124295
-0.003893469693
0.03863701224
0.2154151499
-0.05655425787
-0.0989183262
0.06393111497
0.03864659742
-0.1001984999
-0.04735404626
-0.03755114973
-0.04097722843
-0.08943548799
0.02039048821
0.02436172776
-0.07495101541
-0.08752910793
-0.01386903506
0.06925349683
0.02078787796
0.01785627007
0.02484441549
0.05578966811
0.02205812186
0.02191381902
-0.01478223875
-0.05585255474
0.004241698887
-0.02541957609
0.01640623063
0.03927508742
0.04073596746
0.03325498104
-0.02142410539
0.06370279938
-0.0008822962991
-0.02883243933
-0.02738836221
-0.01547509991
-0.02953507006
0.008405671455
-0.02752705105
0.02573981881
-0.02662203275
0.02894099988
0.01883724146
0.02096815966
-0.0212817248
-0.008279113099
0.006813627202
-0.009142478928
0.02690649405
-0.0006779614487
-0.008322179317
-0.01835960895
0.02140649781
-0.01209300756
-0.02296212129
0.01438597776
-0.006086735055
-0.03737726808
0.007760378998
-0.005451709963
-0.02873265184
0.01251042448
-0.04187463224
0.009172704071
-0.0004328553914
-0.0140067488
0.01273443084
-0.00262174895
0.04088249058
-0.02218254469
-0.02178618126
0.02310126089
0.02612437867
0.05776714161
0.008377302438
0.02800197899
-0.008644230664
0.03016328067
-0.02437159978
0.002279068809
-0.1499040425
0.1473145038
0.04345050827
0.06828948855
0.03488436341
0.176954776
-0.1493793726
0.05240049213
-0.04561898857
0.07041621208
0.1039406136
0.01684494875
-0.06647727638
-0.0003001078439
0.03799507767
0.1760002673
0.03592274338
-0.03651241586
-0.2028577924
0.09182132781
-0.08713739365
-0.1436257809
0.07253450155
0.1507936418
0.04591513798
0.01925704628
0.0541155301
0.08929076791
-0.258900255
-0.1795879751
0.008632505313
-0.01917082071
0.02842080779
0.0695271343
-0.109934181
0.02777028084
0.09659174085
-0.1409381479
-0.006021424662
-0.04530164599
0.07602771372
0.03537139297
0.05646634847
0.0551947169
-0.190796122
0.2442274541
-0.278799355
0.04031739756
-0.0878719762
0.1681273431
0.1291384995
0.07285807282
-0.1926280111
-0.130670473
0.1282347143
0.1845657676
-0.05754824355
0.1022627354
-0.02431154437
0.0199206695
0.04204740375
0.08389244229
-0.02145519108
-0.3194340765
-0.1008573472
-0.01746277511
0.05916456506
-0.008697267622
-0.137867555
0.06927716732
0.01628442295
0.09345662594
-0.01400488801
0.08358879387
0.02447851561
-0.04254600778
0.001186801703
-0.01753076166
0.009817513637
0.052928783
0.03378847614
-0.02154403552
0.07702101022
0.05114253238
0.07019861042
-0.08950666338
-0.08269304782
0.07043221593
-0.01143388543
-0.0832805261
-0.0007444657385
0.04943436757
-0.01258539688
-0.03019890562
-0.04753056541
-0.03633611649
0.01356570516
-0.04001314193
0.01084579993
0.0570811145
0.04107482731
-0.04398414865
-0.08618811518
0.009953835979
0.08732926846
0.1009048149
-0.08598713577
-0.02939297259
-0.08325294405
0.06990046799
-0.05591628328
0.0139895482
-0.1111567169
0.1048243642
-0.05715477094
0.04559437558
-0.08631506562
-0.004125147127
0.06117958948
-0.05350064114
0.1192914993
-0.04005739838
0.1351555288
0.04238792509
0.02410683222
-0.05667174235
-0.03569243476
-0.09342025965
0.4130218029
-0.04919607565
0.05035779253
-0.002979910932
-0.1005631387
0.127490744
-0.01868645847
-0.234933123
-0.0001928516576
-0.1305331439
0.2392251939
0.196775198
-0.1109926328
0.1114384606
-0.1066723764
0.126679793
0.01128508616
-0.1754308641
-0.07870668918
-0.01976566948
0.06181614101
-0.05085719749
-0.06531082839
0.138138175
0.1171310768
0.1972646415
-0.08946946263
0.08963207901
0.07362829149
0.08612444997
-0.05666228384
0.09983269125
0.05759278685
0.2506808341
0.08400662243
0.04289601371
-0.1590793431
0.2064795643
0.1094829366
-0.005681321491
0.1510072947
-0.1579669118
-0.00613039732
-0.07405650616
0.05949878693
0.01715508848
-0.0004840948677
0.1264164597
-0.09752159566
-0.1642594784
-0.03482010216
0.0160210561
0.01790888421
-0.1268035918
0.1459512562
0.07914502174
0.03228611127
0.1301919669
-0.0839311704
-0.0369971469
-0.01706634834
0.1763864905
-0.02796094492
0.3213085532
-0.04801781848
0.05264806375
-0.1700143218
0.06374741346
0.07629095018
-0.04730652645
-0.01945307665
-0.03944115713
0.02423110977
0.02097473107
0.05602128804
0.1259711534
0.01285931841
0.04735200107
-0.09317672253
0.1318719387
0.03223288059
-0.02125415206
-0.03666249663
0.07976553589
0.02160512097
-0.008590149693
0.07150499523
0.04982740059
-0.05714035034
0.02388549037
0.01091956347
0.1511027664
0.05126177147
0.03872201964
0.05548392609
0.06169313565
0.02472087741
0.03741311282
-0.01457436476
0.1241446808
0.1055780426
0.02641929314
0.04060078412
-0.02677088231
-0.1234398186
0.04464670643
0.06177394092
0.03616406024
-0.0765561834
-0.009995362721
0.08036965877
-0.02909555659
0.0768853128
0.04091811925
-0.01513072662
-0.08602021635
0.03213175014
-0.01313982997
-0.07492100447
0.05500725657
0.2001997232
0.0963454172
-0.04892916977
0.07570568472
-0.0730156377
0.06494690478
0.01911742426
-0.009968522936
-0.1004086509
-0.1261657327
-0.02073804662
-0.1127566174
0.08374507725
0.00670313416
0.1060250998
-0.1349036396
0.001662687398
0.09040909261
0.05553663149
0.05064261705
0.06518314034
-0.0141081363
0.06186504662
-0.07329561561
0.04720548913
-0.06808999926
0.1362776309
-0.1379569322
-0.05609345436
-0.02923294716
0.01287295297
0.02372020856
0.04922486469
-0.05727085099
0.0007556333439
-0.06246181577
0.1537610292
0.01062783413
0.1111320406
-0.05039984733
-0.0317235142
-0.08872549981
-0.09758345038
0.06642728299
0.005760050379
0.1244881451
-0.1338334829
0.06294962019
0.1062359214
0.07556665689
-0.009752995335
-0.136443302
-0.08471186459
0.07063677907
0.1222610027
0.04757169634
-0.04379887879
-0.1739712954
-0.2071151286
-0.1252097934
-0.002592449542
-0.008365065791
-0.0577638261
-0.05666656047
-0.04909488931
-0.009593897499
0.04887529463
-0.05200861767
0.01072589215
0.006251380779
0.05001276359
0.08730239421
0.01247815974
0.05678435788
-0.06707455218
0.08536915481
0.1617329866
0.05864899606
0.02189612947
0.01407794002
0.05262799188
-0.02415837161
0.1124201044
0.002150554676
-0.1136500314
0.005046777893
-0.03988081962
-0.01694164984
-0.000283190544
-0.01024107076
-0.06979815662
-0.05115796626
-0.01701119542
-0.01711015962
0.03679457307
-0.04810261726
0.04064990953
0.007925872691
0.03817700595
-0.003903986886
0.06125055254
-0.02131078206
-0.02437966689
0.01592610776
-0.04292878136
0.02634094283
-0.08466158062
-0.04388359934
-0.03658551723
0.04217822105
0.02078682929
-0.02790730447
0.06071779877
0.02059143409
0.08210403472
-0.006616563071
-0.00131821516
0.1147816107
0.007402698509
0.1037823856
-0.0275477916
-0.03675622866
-0.08800045401
0.01640879922
0.04080931097
-0.05823153257
-0.08244043589
-0.01486003678
-0.05123023316
0.1095663756
-0.03260546178
-0.02759424224
0.05819079652
-0.0169507172
-0.01043948065
-0.04608476162
-0.06369683146
0.08062132448
0.06036502495
-0.1961671263
-0.05464337021
-0.01991809718
0.008498227224
0.1956107169
0.02587743849
-0.08416093141
0.0177135244
-0.1544944495
-0.003096170258
-0.08526595682
0.1170005575
0.02878159843
0.005431472324
0.2420364618
0.05446012318
0.1061249599
0.0960707441
0.02235436253
0.08524874598
-0.01868816465
0.1861853451
0.06637892872
0.004973495845
0.3129535019
-0.1882738769
-0.1874666363
0.006839618087
0.01582655497
0.1048591211
-0.08874233812
-0.1277183294
-0.05785683542
0.1996353716
0.07193674892
0.09560834616
-0.001040754956
-0.01295505837
0.1077709869
0.09937018156
0.02152879536
-0.06020137668
-0.009077690542
-0.06722360104
0.05408500135
-0.07276672125
0.1059777886
0.03307290375
-0.06166923791
-0.02207674459
0.1074667051
0.1169991791
0.02969632298
0.1283664405
-0.1446543187
0.01936376095
0.09119317681
0.07089088112
-0.01777956635
-0.09499852359
-0.1576723903
-0.07898412645
-0.02232287079
0.1376150995
-0.08428290486
0.007890391164
0.03720661998
-0.004616728518
0.07646760345
0.1461957842
0.01767466217
-0.06122591347
-0.01251944061
-0.06285936385
-0.05737511814
0.04674740881
0.1551052779
-0.007206849754
-0.03440323845
0.1110584661
0.05810146779
0.005637531169
-0.03505757451
-0.1078456938
0.06809488684
-0.009732079692
0.02223122306
-0.0214068722
0.09669911116
-0.066976659
-0.07317011803
-0.05059173331
-0.05242177844
0.003108235309
-0.05772306025
0.005048817489
0.04085458815
0.06246477738
-0.05671483278
-0.06655114889
0.03427061066
0.008032503538
0.1755172163
-0.01849756762
-0.03686128184
0.06846036762
0.07907978445
-0.06650552154
-0.04281894118
-0.1257356554
0.0150339324
-0.008350888267
0.04483383149
-0.01624951325
-0.01882527582
0.05211402476
0.01495767571
0.1287391782
-0.1045707017
0.1240064725
0.03981557861
0.001712688128
-0.03257973492
-0.04545303807
-0.01541890483
-0.05390776694
-0.003688983619
-0.08297213167
-0.03977259248
-0.057073351
-0.05158117041
0.06028014421
0.02882953174
0.1913032532
0.02155524306
0.04619814083
-0.08999879658
0.06213051826
-0.003080591792
-0.1114309207
-0.01265099365
-0.04674604163
0.02593952976
0.2400978059
0.04263175651
0.2551506162
0.08633654565
0.0597326532
0.0315387249
0.0663312003
-0.02880762145
-0.07970161736
-0.08920953423
0.01243048441
0.09205397218
0.01386163384
-0.0253909193
-0.04322021827
-0.03308225796
-0.02951112948
-0.008090805262
-0.0404345803
-0.09054359794
-0.1077040881
0.0384122096
-0.1019662023
0.01160943415
-0.06444209069
0.01358553767
0.02920741215
-0.04361287132
0.03353565186
0.01965375803
0.0956717208
-0.02439020574
0.2761468291
-0.1495871544
-0.1591309756
0.03958917782
-0.05739483237
0.01359116565
-0.04876862094
0.09904767573
0.06368967891
-0.01730243489
0.04533654451
-0.02103884146
-0.08204092085
0.06947699934
-0.007816503756
0.01131488662
-0.03382915258
-0.06497206539
-0.05960988998
-0.02580819838
0.008295062929
-0.02340965346
-0.01316506788
-0.01493559405
-0.03495039046
0.005354127381
0.06107544154
-0.0370233506
0.04855374992
0.05989544466
-0.004018445965
-0.009166521952
0.05721444264
0.009170953184
0.09594887495
0.06335997581
0.09830109775
-0.002414148999
-0.02248553932
-0.04970698431
-0.01030016784
-0.03351414204
-0.02625289559
-0.04974398017
-0.04301673919
-0.004088646267
0.09554963559
-0.03725537658
0.05192315206
0.03489439189
-0.009102704003
0.003541640937
0.03348755836
-0.03652571514
-0.05743433908
0.04628386721
0.003456920851
-0.0006759110256
0.08551254869
-0.01569611952
0.07432247698
-0.0205612015
0.02582205832
0.0235520713
-0.02809401043
0.02159532532
-0.04478663579
0.09284970909
-0.02239277028
-0.02501775324
0.04431843385
-0.02386992797
-0.006986649241
0.03141208738
-0.01961388439
-0.01656945236
-0.05453876406
0.05807580426
-0.03368620574
0.1671188325
0.1380595118
0.1452175528
-0.02216351405
0.07834661007
-0.1128479764
-0.01739795133
0.07270625979
-0.1396307051
0.06811080873
0.02202626504
0.05975560844
-0.1068397686
0.2399801761
-0.01307377219
0.0286098998
-0.01490792818
-0.1452267468
0.1765587181
-0.006650888361
0.04966052249
-0.09851384908
-0.04561913386
0.00337373442
-0.0629947409
0.05233883858
0.1494564563
-0.1683769673
0.1305626631
0.06816509366
0.04417895898
0.05237750709
0.08605332673
-0.1400860399
-0.008432245813
-0.0004971167073
0.08426262438
0.02556343004
-0.002082922729
0.04632174224
-0.01188534871
-0.02799573913
0.06898450106
-0.1623048484
0.009288717061
-0.1664479673
-0.03172773123
0.09119076282
0.04372384399
0.1344433427
0.1009477675
-0.05482258648
-0.02740728296
0.1063164696
0.1663546711
-0.07490281761
-0.03791761398
-0.04220787436
0.01360594295
0.04202553257
0.1607202441
0.07994062454
-0.3464725614
-0.07268433273
-0.008600754663
0.02771775238
0.02201165818
-0.09375653416
0.02983396128
0.009141974151
0.06679290533
0.01067556813
-0.001390640042
-0.02679793909
-0.03916250914
-0.00553155737
-0.08641543984
-0.008704515174
-0.003659852315
0.005825602915
-0.02141119726
0.03681912273
0.0532736592
0.04618062451
-0.07143799216
-0.04619340971
-0.003920497838
0.009602569975
-0.0391603522
0.007663107477
0.04503557086
0.008592935279
0.009956230409
-0.01135683898
-0.004432724323
-0.06677479297
-0.006187233143
0.009333324619
-0.00592447212
0.02658900991
-0.003623008262
-0.0495598726
0.05637273565
-0.0266744718
0.08245765418
-0.06777743995
-0.007557302713
-0.06797384471
0.03397866711
-0.05030787364
0.009706189856
-0.1040230989
0.06099856272
-0.005516824313
0.05774276704
-0.09697271138
0.02994251996
0.05978808552
-0.008962443098
0.05704730004
-0.09043005109
0.01028398797
0.02781776711
0.02068224363
-0.03275346011
-0.02209762856
-0.06289113313
-0.002623008797
0.1680648029
0.01762555912
-0.2690386176
0.1192183867
-0.05535443127
0.1057417169
0.02305413038
-0.2302662581
0.0478470996
0.1818956137
0.01465668716
0.07213003188
-0.06441624463
-0.2259323001
0.1384356171
-0.2242612243
-0.08259268105
0.1691985875
0.08342067152
0.1218185201
-0.1504999846
-0.02788148262
-0.1540858448
-0.09901443124
0.1489855498
-0.09070316702
0.2997992039
0.3799256086
-0.2279589176
-0.02366195433
-0.1587668508
0.01862986386
-0.09750857949
-0.02804616094
-0.06449816376
0.1832509041
0.194536835
0.1777189821
0.2496175468
-0.02984843403
0.1774273068
-0.1140703931
-0.1938516796
0.1219976395
0.1062283963
-0.07216610759
-0.09658479691
0.04803794622
-0.0644037649
-0.02333690412
0.01988461055
-0.1933218986
0.1255279332
0.01173133496
-0.005620269105
-0.1134533137
-0.1821936518
0.08575027436
0.04253350571
-0.04859619588
-0.04744720086
-0.08554749936
-0.1092449948
0.0399299413
-0.008047828451
0.1802986115
-0.06486737728
0.05864009261
0.01961604133
-0.02471990325
0.01603486016
0.08413980156
0.08241485804
-0.06699442118
0.070115529
-0.1403950304
-0.006134493742
0.1485126466
-0.01366562955
-0.01928310655
-0.02903077751
0.1206593588
0.05693217739
-0.04785297066
-0.02809259295
-0.06782019883
0.008016529493
0.09127751738
0.07858765125
-0.07925000787
0.1219880804
0.02870103531
-0.01907554083
-0.02179524861
-0.1080683619
0.01759122871
-0.03515433893
-0.01759503782
0.1589524001
-0.02898216248
-0.02506933175
-0.01514171436
0.04430190101
0.02637852728
0.07320219278
-0.0100149028
-0.03751625866
-0.04110212997
0.07152539492
0.003766770707
-0.01410930324
-0.04384368286
-0.1516697407
-0.06598231196
0.113138862
-0.002630529925
-0.01125521027
-0.06638771296
-0.06415636092
0.05704755709
-0.08468800783
0.02158436552
0.07677394897
0.1234398037
-0.01326507237
0.01483625453
-0.04000974819
-0.1778562665
-0.09688954055
0.002508393023
-0.1142558381
-0.08957213908
0.00564836245
0.004372783471
0.04920879006
-0.1032819971
0.0275042206
0.05303743854
-0.5055345893
0.0637550056
-0.0008884858689
-0.1155172959
-0.009825690649
0.0707134977
0.1701790243
0.09048677981
-0.1935351789
-0.2465419173
0.2318338454
0.03541764989
-0.1651234478
-0.1553238779
0.08457439393
-0.02006593533
-0.0675489679
-0.0161423441
-0.05991496891
-0.07024707645
-0.1336503625
0.003426912241
0.1865958869
0.02088991739
-0.09814921767
0.04566292465
0.1044992656
-0.1078811213
0.08444391191
-0.0940271914
0.04334573448
-0.02850550041
0.1043498814
-0.1146967486
0.03697682545
-0.07204215974
-0.3970030844
-0.0273769591
0.1651623398
0.04285860434
0.06540153921
0.07716165483
-0.0473857969
-0.1056197435
0.02933401801
0.06018895656
-0.1236844137
0.1106643379
-0.08735214174
0.0002514619264
0.2767762542
-0.1268751472
9.219956701e-05
0.03146913275
-0.06698901206
0.03724394366
-0.0404750444
-0.02030424029
-0.03637738153
-0.001909804647
0.007348430343
-0.106863603
0.03032799996
-0.0951878354
-0.06532864273
0.0110904919
0.02672833949
-0.005136045162
-0.1754561961
-0.05220666155
-0.01441850141
-0.02930333465
-0.04677772895
-0.05172232911
0.0253136456
-0.0562661998
-0.01850300282
-0.03043412976
0.1251850724
0.04495834187
0.03607326746
-0.02403000928
0.1102874503
0.0751690194
-0.04790954292
0.03751125187
0.01917952672
0.02514892258
-0.0979122743
0.004267493729
0.01598027535
-0.07362834364
0.01333704125
-0.01995216124
-0.08436994255
-0.02872361429
0.0259767957
-0.06077106297
-0.07151979208
-0.05712900683
-0.07947389036
-0.0483613126
0.01951763406
0.1061565205
-0.003484371118
0.06948702782
0.01674024574
-0.03633849695
0.05929546431
-0.05872370303
-0.08940923959
-0.01136489213
0.047695335
-0.03363740444
0.02435959689
0.07717663795
0.06723666936
-0.2037162036
-0.05018164963
0.1627408862
-0.1280769259
0.07803485543
-0.04700554535
0.1761723161
0.06959439814
-0.1426495463
0.004929331131
0.09280601144
-0.00237145857
-0.009304044768
-0.1598848253
0.09839762002
-0.02740803547
-0.01347089652
0.04949576035
0.1804971844
-0.05596170574
0.05954434723
-0.09080419689
-0.005715010688
0.09910650551
0.02934605442
-0.03902223706
-0.07597577572
0.07844635099
-0.06469441205
0.004269413184
0.06718278676
-0.02098699287
-0.08485018462
-0.09919406474
-0.01406362001
0.1495410353
0.1091000363
-0.02346538194
-0.02052947879
0.1457560956
0.04553455859
0.1417336762
0.02945917286
-0.05901322141
-0.0651987493
0.1200708225
-0.06421298534
-0.08138444275
-0.04842624813
-0.07469010353
-0.03621112183
-0.08249528706
-0.07714366168
-0.08820796758
0.02460073121
0.02372794226
0.0359281823
0.04878338054
0.1397296339
0.1037239507
0.02322997898
-0.1170388237
0.08663396537
-0.3507347107
-0.05234163627
0.0509009622
0.09272152185
-0.01055712719
0.125072211
0.09776753187
0.03082378954
0.1097772494
0.08064166456
0.1002719998
0.05597209185
0.1019156426
-0.1133843735
-0.004299173597
0.08658272028
0.004231452011
0.007459286135
-0.03545805067
0.073185727
-0.03548453003
-0.04628834873
-0.05309638381
-0.05961584672
-0.0067006764
0.05489398167
0.01128606778
-0.003947635181
0.187875092
-0.03976671025
-0.06994967908
-0.05363688245
-0.03602042422
0.02941068821
-0.03086911514
-0.03290753439
0.1023101658
-0.001090680598
-0.005860123318
-0.02438624389
-0.01034990884
0.1354935616
0.09143938869
0.05016353726
-0.03678869456
-0.004642985761
0.1731856167
-0.06321353465
0.07259944826
-0.1167778224
-0.005641017575
-0.1013464928
0.0205853451
0.01585057005
-0.04209879786
0.04835917056
-0.001952818595
0.07091280818
0.02241241001
0.1324733049
0.06726686656
0.04735475034
-0.05693891272
-0.09557244182
-0.07587228715
0.01935684122
0.1218333766
-0.07056102902
0.131079495
0.1139551178
0.2336302251
-0.0798850432
0.04042557627
0.01816287078
0.1367125064
-0.09848212451
0.1603261977
-0.0494094491
0.05443745479
0.1409125179
-0.01542720944
0.02145276032
0.1353369206
-0.1212730035
0.1491915584
-0.3049806058
0.1424058974
-0.01095054857
-0.04020793736
0.22148709
-0.0009802849963
0.01927444711
0.1498939395
-0.3425493538
-0.1722795814
0.1259228885
-0.05966811255
0.2926526666
-0.07397165149
-0.1144163087
-0.1565487981
-0.02283250913
-0.2292337418
-0.07380326092
-0.09726136923
-0.0599347502
-0.07576735318
0.1890487671
0.05513703078
0.02177452296
-0.03443340957
-0.1738506258
-0.1818425357
-0.03227005526
0.09242164344
0.1416907012
-0.1199131832
0.009534316137
-0.07301100343
-0.1209650636
-0.03870661184
0.008219975978
-0.06015233696
-0.1104741171
-0.1709767133
0.05115279928
0.1142880544
0.07360114902
-0.098315835
-0.03455090523
-0.009887467138
-0.004350025672
-0.015215558
-0.1306296289
0.03053756431
0.02173358761
0.01320096012
-0.08020120859
-0.01330056787
0.02091808245
-0.07510186732
0.006954715587
0.04300601035
-0.02751332149
-0.03955798224
-0.02702568471
0.008922571316
-0.06018954515
-0.02417192608
0.0216412358
-0.02426335029
-0.01214539353
-0.002112697111
-0.01139856409
-0.08991569281
0.01676237397
-0.01364879962
0.01193762105
-0.01278781332
-0.03370648623
-0.01518179104
-0.02656913735
0.00885757897
-0.03940611333
0.01184344105
-0.003998540808
0.024362633
-0.06240725145
-0.02472670004
0.00124100782
0.0731433183
-0.07674567401
-0.04319153354
-0.07653030008
0.01483815257
-0.02077297866
0.08466240764
-0.0587426573
0.05631848052
-0.04457904398
-0.03988484666
-0.06009339541
-0.03502637893
-0.07171364874
-0.01534466818
-0.09311076999
-0.01720361039
-0.06812108308
-0.06136928499
0.001801905921
-0.05515855923
-0.02379018813
-0.08622757345
0.1861388981
0.2454217523
-0.00598281296
0.2423603684
-0.08246356249
0.3081574142
-0.1015979946
-0.0633571893
0.1286169589
0.1978608221
0.1126898602
0.2330735922
-0.01036299393
0.1116993576
0.1486307383
0.03997566551
0.1576316953
-0.1316452026
-0.06014252827
0.1887273788
-0.1612827033
0.1333164871
0.1226319671
-0.2095751315
0.2307127267
0.002634938806
-0.01663697697
0.07194748521
-0.08717550337
0.2471415848
-0.006448195316
0.1988388747
0.08446406573
0.09185109288
-0.1387258917
-0.04679948092
-0.1302332729
0.05942152068
-0.2681070268
-0.00628915336
0.1213309988
-0.05123402923
0.1205623597
0.1964535862
-0.1341520995
-0.04113297537
-0.2881699502
0.1468269378
-0.03962464631
-0.1195134372
0.1051915661
-0.09761919081
-0.2074771672
-0.04795807973
0.1881195456
0.108144626
0.05617363378
0.2143961489
-0.09048419446
-0.1047158167
0.03812284395
0.02814084478
-0.03621920571
0.01829007454
-0.02196624689
0.01210562885
-0.1953544766
0.00454684021
-0.05173920467
-0.1166668683
0.04316877946
0.01502464619
-0.1792553067
-0.1191009358
0.0841222629
-0.05667135492
0.07571686059
-0.08142512292
-0.07986773551
0.08568970114
0.0262308605
0.07554865628
-0.08633644879
-0.09866406024
0.02572734654
0.02908599377
0.1141913012
-0.007963576354
-0.04759979621
-0.08510556817
0.005448260345
-0.2114925683
-0.08063343912
0.05131391808
0.06362754107
0.08695355803
-0.04241500422
0.06464275718
0.1194586903
0.004596373532
0.0965821296
0.0244560428
0.113582179
-0.02627073973
-0.07366876304
-0.2851270437
-0.007633317728
0.06943047047
0.0512410365
-0.1785132587
0.01085283607
0.007731043268
0.1206843108
0.1283001602
0.1089162454
-0.1301426589
0.003219792619
0.0412924476
-0.1516244262
0.07886257768
-0.03236652166
0.04355019331
-0.1951613575
-0.1453967094
-0.1541463286
0.06468296796
0.01938151009
0.08159404993
-0.007600646
0.08001728356
-0.1452838928
0.1496145725
-0.02680148557
0.1353595108
0.01197819225
-0.01208310388
-0.04422950372
-0.1392603964
0.05067712814
-0.1440100968
-0.130188182
0.07259334624
-0.05514498428
0.07600089908
0.01976160519
0.06554193795
0.05492080376
0.09764074534
0.1664220095
0.002188474406
0.03493628278
0.003318401752
0.1297017485
-0.114969492
-0.02593276836
0.04489452392
0.01118210424
-0.01343145873
-0.04209564626
0.03615369275
0.0635002628
0.007277045399
0.1137590483
-0.2203490287
0.0764400363
0.07692845911
0.08507639915
0.01581544429
-0.1527008861
-0.1712882817
0.01840588078
-0.03168648854
0.2009484768
-0.1951004565
0.008346009068
0.09020468593
0.1910885125
0.1917631626
0.1391854882
0.03727390617
0.105196625
0.03822999448
-0.03635170311
0.06121924147
0.0980136171
0.1729630679
-0.09509312361
-0.1549819708
-0.09690693021
0.1487917304
-0.1467579305
-0.05661654845
0.07726398855
-0.02912218682
-0.1092338637
-0.04967799038
0.03505942225
-0.08937387913
0.05638545379
-0.04254346713
-0.08981488645
-0.109927915
-0.03429952264
-0.1594666988
0.002676409204
0.005204364657
0.0211765971
-0.1297460943
0.02068778686
0.0978269726
-0.06675483286
-0.03620762005
0.06894183159
0.04681000113
0.1622440219
-0.08158904314
0.02113692462
-0.03251868859
0.009244061075
-0.2023845911
-0.008815760724
0.08138380945
0.04093051329
0.0765184015
-0.01854584552
0.0151976198
0.08391872793
-0.01055575721
-0.03548100591
0.003515528748
0.123170428
0.01123432722
-0.06283473223
-0.1138347536
0.05937490612
0.05993643403
0.01849358343
-0.1218067259
0.1295669526
-0.02248950303
0.2054229081
-0.01325766649
0.1055720001
-0.08508148044
0.06330295652
0.09479181468
-0.0516381599
-0.008405051194
-0.04130841047
0.04323190451
-0.1941443831
-0.1484380364
-0.03656713665
-0.004045142327
0.08280665427
0.06365972757
0.009212820791
-0.0196290724
0.02222821675
-0.03939718008
0.0113311559
-0.008643973619
-0.02865472436
0.001775117009
-0.0329698734
-0.05018226057
-0.01783301309
-0.1633671373
-0.03709022701
0.001769174822
0.07621013373
0.04731714725
-0.02065411024
0.06424187869
-0.042962607
-0.1282754391
-0.05416947603
0.003715829691
0.03761388361
-0.01766774245
-0.05148594454
0.04995919392
-0.06713307649
-0.06044531241
-0.1185161248
-0.01451341715
0.02528966777
-0.02283020318
-0.02461825311
-0.04071944207
0.01916074194
-0.04569835961
0.02542139031
-0.1268237978
0.03133638948
0.009557528421
-0.0273806341
0.00109948311
0.1438445002
0.04869420826
-0.04034208506
0.01979549229
-0.01241120603
-0.1688313484
-0.06607683003
0.05958640948
-0.005918912124
0.04829767719
-0.08605842292
0.01650886424
0.02342931367
0.03165991604
-0.003643090371
-0.231384024
-0.04315512627
0.01221490279
0.02010414191
-0.03060310893
-0.07746766508
-0.1061323211
0.02897129022
-0.008229887113
-0.005753987003
-0.01935796253
-0.03052676283
-0.001881117001
-0.003999906592
-0.05101877451
-0.03914927319
-0.000593630306
-0.002957363147
-0.07163088769
0.004082961474
0.02740489319
-0.01498802565
-0.07047785819
-0.02083859965
0.01653886773
-0.03015224263
-0.01951263286
-0.03378744423
-0.01376183052
-0.0458147116
-0.00725599844
-0.002818070352
-0.01227268297
-0.003480840707
-0.02816888876
-0.02982260659
0.006225774996
0.009479546919
-0.001702544396
0.01158563141
0.02287562564
-0.03928165138
-0.02871811762
-0.014173395
0.02103469707
-0.009024227969
-0.01519274712
0.001791112707
-0.00778016774
-0.03082371876
0.01332176384
-0.04078762606
-0.03302021697
-0.01755569316
-0.002906056121
-0.04349608347
-0.002794571454
0.005985041615
-0.02551854588
0.05407007039
-0.0318791382
-0.03856325895
-0.01986044832
-0.04431893677
-0.02773401327
-0.03573865816
-0.02549919859
-0.008311052807
0.01709520072
0.02277914807
0.01993918791
-0.09957715869
-0.02633607388
-0.01982666552
-0.06083822623
-0.1286216527
-0.0375196673
-0.02401582897
0.0293409992
-0.03561094031
0.08242491633
-0.004715794697
0.04456314445
-0.02003869787
-0.08692023903
0.007986954413
-0.04138665646
0.01332209818
0.04675909132
0.3750056624
-0.02486301772
0.06014415622
0.06282809377
0.02200467698
0.06202143058
0.06414850801
0.1302663386
0.002000458306
-0.08505128324
-0.05224812776
0.1617546976
0.1282723248
0.01141441986
-0.08786481619
-0.0334616825
0.031647183
-0.03354687244
-0.046656847
0.05976068228
-0.01349146012
0.04909096658
-0.1351350397
-0.06610096246
-0.03132532164
0.09623051435
-0.1705188304
-0.08556936681
-0.06782586873
-0.03530779853
-0.05277787521
0.07556525618
0.1892160624
-0.05679260939
0.1298175603
0.002927022986
-0.07711471617
0.01998062246
-0.05614825711
0.1609148979
-0.08647205681
-0.05085605755
0.07575719059
0.05187464133
0.08848211169
-0.09956681728
0.009183191694
-0.03614190593
0.007648770697
-0.08760720491
-0.07490152121
-0.06721635908
0.01285853423
-0.08454327285
-0.03127493337
-0.08658739179
-0.08644776046
-0.05565211922
0.08774584532
-0.07273225486
-0.01778381877
-0.09276503325
0.001832016162
0.02678485028
0.03000150993
-0.000984637998
0.09299208969
0.07308668643
0.08400352299
0.04426649585
-0.02990972064
-0.03079069778
-0.03200513497
-0.1400322914
-0.08558702469
0.00169972959
0.0129343681
-0.000934876618
0.005133714527
-0.01554599963
0.07508152723
0.03906544298
0.02956304327
0.01781696826
0.01585439406
0.0009619672783
-0.1426660419
-0.02891957387
-0.02935738675
0.02205194905
0.13470456
-0.1108957157
0.07439032197
-0.05058553442
0.0851175487
-0.01274459716
0.04393488914
-0.07293532789
-0.03092648461
0.06056382507
-0.02693782188
0.03260863945
0.007787777111
-0.06386706978
-0.121641174
-0.01200283039
-0.07784761488
0.04390613735
-0.0180916097
0.08808661997
-0.008684862405
-0.1346593797
0.131627351
0.09542526305
-0.01684307307
0.03794114292
-0.06362642348
0.05593532324
0.09160094708
0.113897793
-0.07824168354
0.0145415673
0.05608868971
-0.1804496944
0.08794872463
-0.07983908802
-0.02305489592
0.03415751457
0.05540444702
0.09604714066
-0.1467807144
0.05171489716
-0.02261709422
-0.0695554018
0.1541968286
-0.0178566426
0.01151248347
-0.03394780681
-0.170302555
0.1756131947
0.3077698052
0.02465101704
-0.1180465221
-0.1003700569
-0.04248158261
0.0865970999
-0.05873933434
0.01432249695
-0.02155449428
0.03136141971
0.08516207337
-0.07302090526
-0.01618975773
0.1492429078
-0.1243535802
0.001790499664
-0.1795159131
-0.08989412338
0.06347686797
-0.0290015582
0.07684835047
0.04315329343
-0.1872572899
0.0006172319991
-0.06771384925
0.1134031862
-0.1564916819
-0.2619885206
0.02916332707
-0.108199738
0.01644126698
0.02613339014
0.1309790462
-0.2196489275
-0.02332089841
0.00422873348
0.02406987362
0.0597133711
0.02386344038
0.05075163394
0.001178254141
0.06514509767
0.04564857483
0.01920939982
0.004990069196
0.006833601277
-0.02582884207
-0.04959205538
0.01134761516
-0.03179584444
-0.002269169781
-0.01406314597
-0.01304759271
-0.05828118324
-0.04527719691
-0.03628361598
-0.03636689857
-0.02107862197
0.03991578519
-0.002632483607
0.03410959616
0.1046718583
-0.02868513204
-0.001403993461
-0.004892088939
0.0001857654715
-0.03700286523
-0.002361298073
-0.04227054119
-0.09186261147
-0.0379880257
0.03622755036
-0.05693994835
0.00227848487
-0.006359090097
0.03194864467
-0.07333649695
-0.01004160848
-0.02859597467
0.1015949473
-0.06656972319
0.09424285591
-0.09271525592
0.01730985567
-0.01187694259
0.02993310615
-0.03461799398
-0.01465031877
-0.0247504618
-0.01405285858
-0.0365912132
-0.0368193239
0.01319111325
-0.03351568803
0.008345075883
-0.02361802198
-0.06139841303
-0.08572217077
0.2765358686
-0.0671864152
-0.05068632215
0.03623320535
-0.04811904579
-0.03676848859
-0.05014365911
0.005629697349
-0.132972002
-0.0161800459
0.07836356759
-0.01053376216
-0.009388712235
-0.1334647983
0.08920316398
-0.05291014165
-0.1602497548
0.1785898656
0.1044832468
-0.02552684583
0.05476112291
-0.04179931432
0.02646258101
-0.1348942965
0.02577101998
0.05507874489
0.0003200848878
-0.07794070989
0.07831455022
-0.1427214891
-0.1162794977
-0.1117833406
0.0841608718
-0.03938911855
0.02175851539
-0.2248971164
-0.09375394881
0.09600417316
0.03243442625
-0.1273359954
-0.08884447813
-0.08448876441
0.1022368744
-0.008001576178
-0.16169554
-0.01450768486
0.05702878907
-0.2592113614
-0.08158746362
-0.09230200946
-0.01576569304
0.02488154545
-0.1428015083
0.4219752848
-0.07079830766
-0.1262868047
-0.1063305363
-0.1150802746
-0.1207743138
0.1498300582
0.002020838903
-0.1038371846
0.06476919353
0.1016534641
0.1019267887
-0.03140494972
0.000273251062
0.01303232647
-0.1093711257
-0.03544487059
0.01850395091
-0.04717767984
-0.09815047681
0.03725532442
-0.08561465144
-0.1790040284
-0.02202196047
0.005538494326
0.04271252826
-0.1990959346
0.002790315775
0.03274914622
-0.06133124977
-0.04044290632
-0.08590332419
-0.03850589693
-0.05462567508
-0.1016815156
0.03986011818
0.08731752634
-0.05247843266
-0.0343237184
0.003139867913
0.08068075031
0.06427100301
-0.06349734217
-0.0636761412
0.02909645811
-0.03218715265
-0.1409842223
-0.06155291572
0.0226330813
-0.0188410785
-0.04139391333
0.0319885686
-0.002789746039
-0.09334372729
0.003614120884
-0.1825597882
-0.08976724744
-0.03533919528
0.01179148164
0.007411906961
-0.05807979405
0.02158639207
0.07026441395
0.05525957793
0.05347905681
-0.01899779774
-0.02798691019
-0.1125412509
-0.02194243297
-0.1251195222
-0.05563471466
0.05024981126
0.01984632574
0.1032093093
0.08813980222
-0.04529953375
-0.06775985658
-0.03153875843
-0.01167220995
0.04127554968
0.04841990769
-0.04775191471
-0.04603213072
-0.03368830308
-0.1032377779
0.01026867796
0.01441359054
-0.04741017893
-0.04430250451
-0.06840047985
0.02815920487
0.01328437869
0.02984587848
-0.09361215681
-0.03316742554
-0.0529333055
0.0300705675
-0.02925742418
-0.04916907102
-0.06761934608
-0.01568028331
-0.1281619519
-0.1207434982
-0.1792991757
-0.05926329643
-0.1284324676
0.01991053484
0.05540842935
0.01378710847
0.009010915644
-0.06939855963
0.04131750017
-0.02816792391
-0.007049655542
-0.01657070592
-0.01270786859
-0.01732371561
0.1836712956
0.0234318953
-0.04244408384
0.04423221201
-0.06036611274
-0.02277614176
-0.1707558036
0.0729907155
-0.07002167404
0.0308335647
-0.06518313289
-0.003072431544
0.01120377332
0.04386762902
-0.009154370055
-0.1791838408
-0.1211182848
0.001066165511
0.01259579509
-0.03429509699
-0.160418123
0.02481799759
0.03303709626
-0.005864356179
-0.04395754635
-0.01115882117
-0.0400675796
-0.002269757912
0.006066273432
-0.05834992602
-0.02549914084
-0.007594567258
0.003177346895
-0.1016064659
0.0009424014133
0.01889295503
-0.05272264034
-0.1158238128
-0.01195847895
0.00960408058
-0.05989752337
-0.02027346008
-0.004817467649
-0.01719965972
-0.004089577124
-0.01283556223
0.01130417921
-0.01788469218
0.01412405074
-0.06870540977
-0.004318214953
0.001893257489
0.007652629167
-0.007140423171
0.003092684317
0.01210861653
-0.004789461382
-0.0645326376
-0.004330843221
0.02300255373
-0.001329009421
-0.01400671992
-0.002617312595
-0.001727296039
-0.04104440287
-0.001475179335
-0.0252636876
-0.02287664637
-0.001397761516
0.01306795329
0.0005951455678
0.002317229053
-0.007336745039
-0.005901213735
0.02954516374
-0.003022512654
-0.0445327349
-0.003489594674
-0.03057325818
0.002384117339
-0.09270399064
-0.04942015558
0.002629524563
0.01785175316
0.01617786847
0.04404766113
