-0.0002136042458
0.0001798450394
0.0003411617945
-4.788788283e-05
-7.428876415e-05
0.0004038434417
0.0003621520009
0.0002676865552
0.0001933124004
2.646979192e-05
0.0003413251543
-4.373010597e-05
0.000308822986
0.0002146607148
7.533737516e-05
0.0001343555632
3.11744152e-05
0.0002373633615
-0.0002280769986
-0.0001508541318
-3.915256821e-05
0.0005435391795
3.286037099e-06
-0.0001405449293
-0.001127525
-4.670287672e-05
0.0004277048283
0.0002259223256
-8.748624532e-05
5.271802002e-05
-0.0009303525439
-0.0001057279514
-0.0001320620213
0.0001217191966
0.0002078141697
3.590551205e-05
-2.907714588e-05
0.0002999527205
0.0002229310339
0.0001657523972
0.000126723724
7.690102939e-05
0.0001978327637
-3.687070421e-05
0.0003818029945
0.0001220516497
7.232277858e-05
8.00377893e-05
-3.00475549e-05
0.0001549803419
-0.0008811167208
-8.297753084e-05
-4.419743345e-05
7.879453187e-05
4.526864359e-05
-2.516066525e-05
-0.0003092002589
0.00014029468
0.0002369132999
0.0003953527485
6.627884432e-06
3.691850725e-05
-0.0004453203874
-1.592249282e-05
-0.002079197671
-0.002296880353
0.002077179495
-0.008003142662
-0.0009416039102
0.02965312637
-0.01539503038
-0.03001258336
0.0005096023087
-0.001624817611
0.005230479408
0.002931270283
-0.01430922467
-0.01327618863
-0.001730654621
-2.412574395e-05
-0.01241379883
-0.01372289658
-0.03074463457
0.0008519770927
0.0004474409798
-0.0009387829923
-0.0002308599214
0.0009023130988
-0.06789068133
0.09032965451
-0.03636503965
0.07765427232
-0.006131498143
-0.00185193005
-0.02995581552
0.0009498964064
0.001010592328
-0.002988367807
0.002771939849
0.02411930263
0.001136262901
-0.1867310554
0.3102909625
-0.05265587941
-0.0009088631487
-0.02313404158
-0.001467983937
-0.000121658275
0.1221204475
0.0489862971
0.0002012527111
0.002680288861
-0.009974505752
0.0949723646
0.007398310117
0.004591288511
-0.002442308236
-0.03712165728
0.02144725434
-0.00706961425
-0.01547437813
0.01415901538
0.2160203308
0.08142954111
0.01035232842
0.0003950683749
0.007908074185
0.002169651911
-0.007072038017
-0.003785770852
0.01153188571
0.0166900903
-0.02547089197
-0.07005240768
0.05225837976
-0.08263486624
0.001859747805
0.01329397783
0.01208028942
0.004002993461
0.02038976364
-0.0559762083
-0.0004595560604
0.001883015037
0.02666116133
0.05950579792
-0.06091104448
0.002447427716
-0.0009554087883
-0.1149422154
-0.005055421963
0.0005361334188
-0.2009332776
0.2450661957
-0.03003815934
0.1893400848
-0.01848486811
-0.003224194981
-0.01029352378
0.001457371749
0.001002805424
0.0009703320684
0.0008941689157
-0.005484519992
-0.001402132446
0.04525857046
-0.001755355857
0.01341274008
-0.0002692948328
-0.0006424353924
-0.00355390925
-0.001674042898
0.02761594951
-0.01790689118
0.001966895768
0.002131247194
-0.01263364963
0.05313224718
0.05302390456
0.0001466605027
-0.0005546741304
-0.01677666605
0.003956373315
-0.002244214993
-0.08053334802
-0.04163362831
0.04021714255
-0.04998431727
-0.0005061081029
0.001170844072
0.04605909064
-0.0002765436075
0.000946290209
0.0007867351524
0.0006457337877
0.007166857831
0.003551031463
-0.04380691797
0.01447037235
0.0004227826721
-0.0003590408887
-0.003001787001
-0.002565444447
-0.0009715127526
0.05615606904
-0.02310343832
0.001776630874
0.001687371405
-0.06503845006
-0.01053287368
-0.0631820932
0.001166829024
-0.0006038233987
-0.1222603321
-0.01325143036
-0.002780658426
-0.05883908644
-0.1275644898
0.01318742707
0.02778686583
0.01312515046
0.001453770325
0.06509243697
0.00121395872
-8.856225759e-05
0.00179082714
-0.007063850295
0.02687950432
0.02033833601
-0.0393646881
0.01294048037
0.08660419285
0.0008395710611
0.007269949187
-0.001657578163
-0.0002689494868
-0.06646808982
0.1404390037
-0.0004682528961
-0.003043600125
0.004483617842
-0.101263389
0.03928862512
-0.001541980775
0.001933726482
0.1406834722
-0.01521495264
0.003427569522
0.1883717924
-0.05448533222
-0.09016758949
0.004757887218
-0.01543248817
0.0006563111674
-0.04118516296
-0.00264151115
-0.0084543759
-0.0005321610952
0.004337329417
0.1170293093
-0.003690856276
-0.153956458
-0.0232165996
-0.04440067336
0.0003136717132
0.04779027402
-0.003604886355
-0.0008230680833
0.2779098749
0.0512505509
-0.002104413463
-0.002735973336
0.02800218016
0.005679053254
0.08275226504
-0.001363186049
0.0001981734094
0.1272636503
0.03948464245
0.006459197961
0.1028908119
-0.006298861466
0.1634970754
-0.001670808531
-0.005814228207
0.0008557877736
0.1884555221
0.001715560211
-0.001301851822
-0.001706540585
-0.0007978578797
-0.00299712806
-0.001442584675
-0.0276478678
0.02259741351
0.006947138812
-0.0003273786278
0.003555406351
0.003029197454
0.001986684743
-0.02190414816
-0.02152367495
-0.001918968395
-0.0009434618405
0.002762144431
-0.016912302
-0.08062633872
0.0008846382261
0.0003973322164
0.05221646652
-0.0003846365144
0.002414509421
-0.01389253046
0.04843560234
-0.05536255985
0.06465362757
-0.001396484557
-0.001953576924
-0.0185081549
0.0005984606687
-0.006169587374
-0.005560918711
0.004655061755
0.01678175479
-0.01029724535
0.0959725827
-0.05162759125
-0.05759827048
0.001912293374
-0.004725700244
0.005977876484
0.004878647625
0.01529395115
-0.03078795038
-0.002039339161
0.0004798087175
-0.07505651563
0.08652208
-0.113422364
0.003444742179
0.0005836822093
-0.05569551513
-0.002443081699
0.002506678458
-0.04657019675
0.1904668659
-0.03514355421
0.1554858387
0.0102868136
-0.002869842574
-0.02770809084
0.001118820859
-0.001608978026
-0.0003806311579
-0.0006955638528
-0.008954013698
0.001410475001
0.03086800128
-0.02895228378
-0.0101130046
0.001149592339
-0.003913823515
0.003601834411
0.001726566581
-0.02791541629
-0.006928058341
-0.0002760562347
1.860559132e-05
-0.00386799383
-0.01879171468
0.02792704292
2.648826012e-05
-7.375441783e-06
-0.0181150455
-0.004142040387
-0.0004763273755
-0.03943463787
0.01471662242
-0.007652012166
0.02545323037
-0.002154360292
0.0004224104632
-0.02577655017
0.0006512948894
0.00268273009
-6.505179044e-05
-0.003551946487
-0.0004013999715
-0.0008281241171
-0.004129622597
-0.004318700172
-0.001690044068
-0.002831373364
1.264936873e-05
-0.00531833386
-0.001115702908
-0.004435202107
-0.002334818244
-0.000938479905
-0.001411927864
0.0002472102642
-0.003086167388
0.009849967435
0.0006486715865
6.263017713e-05
-0.003640184877
0.000851067598
0.001149095013
0.001721805776
-0.005014041904
-0.0008567748009
-0.006650450174
0.0009350350592
-7.521536463e-05
0.00767318625
0.0002657660516
-0.000736583781
-0.002888283227
0.01253274269
0.08802569658
-0.01251921803
0.06367425621
0.1961864382
0.08855730295
0.0004400681064
0.06331638247
0.001570245018
0.001522652223
0.01181412302
0.0293141827
0.002324297093
0.004078768194
-0.07752459496
0.1176601797
-0.2381411642
0.0001068921774
0.001233819406
0.2387174666
0.05834633112
0.003038851311
-0.08186343312
0.04918172583
-0.01885146648
0.2023942024
0.0217402596
-0.003267933615
-0.0142307207
-0.002329782816
-0.002984922845
-0.00323859835
-0.002927838825
0.03935258836
0.02167689987
0.007856821641
0.07543550432
-0.05989972129
0.001048930106
-0.03928584605
0.00134250836
0.0006178239128
-0.05526612327
0.07502136379
-0.004284438677
-0.003195615252
0.1431482136
-0.01540761907
-0.01945843361
-0.0005085140583
0.003094106214
0.05431296676
0.01428487897
-0.003976680338
0.2422215044
-0.05241705477
0.02797631174
0.009835097007
0.0006599763874
0.001988835633
-0.04031296074
0.0003660495568
-0.001615183777
0.0008636456914
-0.007936474867
0.01051774994
0.004645738285
-0.01849081181
0.05865940452
0.03044292703
0.001225407352
0.009930011816
0.001432577264
0.001510292408
-0.06477438658
0.03314898908
-0.001131386729
-0.00243329443
-0.01071887277
-0.0290622469
-0.07504770905
-0.001281345962
0.0004576805222
0.06720341742
0.01902794652
0.00277538388
0.2047549486
0.01039125212
-0.06693118811
0.04868354648
0.006995244417
-0.0003002268786
-0.08182169497
-0.001308718813
