0.03084556572
-9.133540152e-05
0.002280300949
-0.01783890836
0.00269907061
0.007360790856
0.0001125200652
-0.0001206408851
-0.0001981523819
-0.01471953839
-0.0001427242387
-0.0003200262145
-0.009448250756
-0.0002250193211
-0.0002988203487
2.886920265e-05
0.007058876101
0.006078202743
6.325772119e-05
0.0002506904711
-0.0003542847699
-0.02357477322
0.00121323124
-0.02993289195
-4.665560846e-05
-0.0001727459603
-0.0002419903467
6.405085151e-05
0.002821858739
-0.001151906676
-0.0009674383327
-0.0002466972219
