-0.09529677778
0.047975339
0.07522224635
0.01077789161
-0.1407332867
-0.005511082709
0.4982614517
0.2960266173
-0.1540376693
-0.2037408501
-0.04219450429
-0.133493945
0.05751227587
0.006461964455
-0.1432472169
-0.310064435
-0.1736398637
-0.1252889633
-0.05713454634
-0.02733037248
0.02799784206
0.02448081411
-0.45042786
-0.1412881762
-0.03516880795
-0.05530555174
-0.1111489758
0.03189044818
-0.032415241
0.1254444271
-0.09055999666
-0.07062781602
0.1287777424
-0.1678406
0.01649069972
0.05712696165
0.01376291737
-0.06084010378
-0.319024533
0.1167348623
-0.07611756772
-0.06322427839
0.04847283289
-0.09950914979
0.1144228056
0.6550953388
-0.02196327224
-0.04182435572
0.1906224936
0.2164258957
0.159616977
-0.01247438882
0.08848559856
-0.1148463711
0.1111063808
-0.01227721293
-0.07604066283
0.1955057234
-0.4605757594
-0.2671368718
0.06952811033
-0.009968408383
0.07823159546
0.09741913527
0.05215558037
-0.06625818461
0.03292582557
0.03070681542
0.02598829754
0.01374459174
-0.1189523339
0.007474047597
-0.01479283813
-0.03462457657
-0.01474058907
0.03379188478
0.009021478705
-0.1385226697
0.01569355279
0.04840701446
-0.08504274487
0.02597818896
-0.05701592565
0.001729948679
0.01375042927
-0.03613537177
0.07506641746
0.03782012686
0.05386574939
0.03752943501
-0.0651493445
-0.03959679604
-0.04993552342
0.0404422693
0.05814471468
0.04310205206
-0.03217984363
0.02678047679
-0.009692470543
-0.02231844515
-0.07714083791
-0.01414932963
0.09591312706
-0.004978075624
0.004640996456
0.03606088832
0.02137594856
-0.05743401498
-0.004318499472
0.1756350547
-0.01778148487
-0.103123121
-0.06222094968
-0.02656128071
-0.01426777337
-0.001770701259
-0.02659414895
0.01337024942
-0.03608116508
-0.01970444061
-0.08448210359
-0.02017485723
-0.01518720295
0.0122364061
0.04417930916
-0.03305212781
-0.05137701333
-0.0296560917
-0.0336436145
-0.2585970163
0.2793108821
-0.03654364496
0.1673548073
0.08265641332
0.0842853561
0.1647734493
-0.1281289309
-0.1560603529
-0.05982818827
-0.1374095231
-0.05749026313
-0.02597581968
-0.150996834
0.1993947327
0.3720764816
0.0456408523
0.0003127939126
0.04223784059
-0.1737668514
0.08785554022
-0.2541113794
-0.1301463842
-0.2081349045
0.008455522358
0.1454675645
-0.4094863534
-0.1803700924
-0.28670609
0.03236816451
-0.05834492296
-0.02888832241
0.2371407449
0.06958395243
0.05793433264
-0.01338936109
-0.0004915642203
-0.1364424825
-0.2457854003
0.04720609263
0.0226831995
-0.0501344949
-0.09464454651
-0.01137361303
-0.104725346
-0.03096984513
0.04439649358
0.1371093243
-0.06373769045
0.2292700112
-0.04612817243
-0.06995297223
0.09075029939
-0.2579843998
-0.04735275358
-0.1736380011
-0.054799743
0.4774857759
0.1607130617
-0.2898687124
-0.106757082
-0.2357773781
-0.1722212285
-0.104882434
-0.1774644554
-0.1983171999
-0.05481421575
0.103716664
0.05079049617
0.2772947848
-0.2503478825
-0.04197423533
-0.06004291028
-0.02540637925
-0.1158140078
0.03077838011
0.2153921425
-0.007088688668
0.1421363205
0.1936494112
-0.1667521
0.1197557077
0.02081857435
0.08771888167
0.08730614185
-0.08468086272
0.1849887818
-0.3443517387
0.09123791009
0.04285814241
0.01407670975
0.1247108132
0.03451089561
-0.168326214
0.01893111877
0.01667347923
-0.04561413825
-0.02219678834
0.002380932681
0.02593251504
0.002525996417
0.01479803864
0.005611893721
-0.007363044191
0.01104368456
0.02350157686
0.009293667972
0.04027303681
0.05320934206
-0.004762943368
-0.0348010771
-0.1272628456
0.04220455512
-0.04928985983
0.0007922274526
0.009069687687
-0.01904873177
0.009577046148
-0.03246419132
0.03363133967
0.09218742698
-0.02284809574
-0.02684057318
0.0640751496
0.009938423522
0.02255860716
0.0357286483
0.1832293868
-0.137309745
-0.01276663784
-0.02176795341
0.1970763952
0.01652467437
-0.07430383563
0.2434492856
-0.02388993278
-0.0489137657
0.1328065693
0.01722317189
0.1557357162
-0.3360472023
0.001698938315
0.0385032706
0.06270986795
0.09188733995
-0.1583634466
0.005893792026
0.03383306414
-0.07818499207
0.09679560363
-0.07241318375
0.08583576977
0.1332612783
-0.1002716646
-0.1029820219
0.05478516221
0.09488164634
0.1286325604
0.1198195219
-0.07792370021
-0.08438867331
-0.06857781857
-0.02282328904
0.07406789809
-0.05361109599
0.1249439046
0.07632896304
-0.04440230876
-0.04127441347
0.1144781187
-0.05561169237
0.2859844267
-0.02779023163
0.00755652599
-0.1394557953
0.05026562139
0.07734189928
-0.09732609242
0.01680508256
0.006318449974
-0.1980601102
0.05751878396
-0.1861364245
-0.02353125624
0.7587490082
0.1052995101
-0.1576981843
0.2798888385
-0.07045482844
0.1310860366
0.0002271081612
0.09623728693
-0.1179680303
0.07542918622
0.03397847712
0.2562350929
0.02727663703
-0.1357733458
0.2200000435
-0.01798764803
-0.05156349018
0.112611711
-0.001158728846
0.03064877354
-0.1673806906
0.02150268108
0.09788617492
-0.03298195824
-0.01623782143
-0.1246000752
0.01162771601
0.07413394749
-0.05380221829
0.05620804429
-0.006674797274
0.1035437584
0.04207902774
-0.1957952827
-0.1048814803
0.0980546549
0.05320250615
0.1107164994
0.03855510429
0.1808563471
-0.07039320469
0.08905688673
0.1090749577
0.3133412004
0.004033077508
-0.09555350244
0.1636386067
-0.008829109371
-0.04852708802
0.06407928467
-0.02104766481
0.03991050273
-0.1802256554
-0.008159841411
0.2026917636
-0.09147018939
-0.062081296
-0.08304659277
0.02034493163
0.1604900658
-0.1023750678
0.08187414706
-0.01117134467
0.07009524852
0.2596652508
-0.1092237607
-0.1950096339
-0.02173710428
0.08543588966
0.2026954889
0.0222843755
0.0607155636
-0.05992391706
0.03868268803
-0.04156472906
-0.05249754339
0.02095348202
-0.0459433496
0.1193048656
-0.04664130881
-0.01142124739
0.0463366881
-0.01654327288
0.1241462305
0.09040595591
0.02397287264
0.04797543958
0.3350529075
0.05345285311
-0.1396498531
0.003016445553
0.01643620431
-0.08472200483
0.02242726274
-0.09043714404
0.03243967146
0.2160535455
-0.006456300151
-0.04087989777
0.1537572742
-0.1061779484
0.09648422152
-0.08706592023
-0.03507561609
-0.1155135259
0.1116268933
0.07491490245
-0.017432414
0.04264193773
0.06807647645
0.1001389921
-0.01341264043
0.1118020341
0.1926451027
-0.1485325843
0.07391692698
-0.1983552724
0.04496131837
0.1339153349
0.1129613444
0.05804006383
-0.1000978425
-0.03004853427
0.1091314703
-0.2582623959
0.1581989527
-0.2500298917
0.2339911759
0.627935946
-0.2393185198
-0.07265516371
0.3755614161
0.0250299871
0.3828304708
0.1153969541
0.2907060087
0.006442431826
-0.03573695198
0.07351978123
0.01110165846
-0.01137607265
0.6933686733
-0.1446669102
0.193298161
0.1997369826
0.07646039873
0.2132115513
0.02009314485
0.06875023246
0.1905167103
-0.2249377668
0.1420239657
0.05589760467
-0.1613570154
-0.02132036723
0.05763798952
-0.2134236544
-0.689263761
-0.05818656087
-0.3771683574
0.04583731666
-0.1007052064
-0.3037447035
-0.016101446
-0.03164417297
-0.4436219633
-0.2588379383
-0.03736366704
-0.2566385865
0.0001736137492
0.08060282469
0.0637890026
-0.1162858531
0.2484456152
0.1185275465
-0.04935586452
-0.1008325443
0.1278278232
-0.1359642893
0.09020522982
0.1641063541
0.02908074297
0.01389618218
0.1327315867
0.3095533252
-0.2513251901
-0.009723567404
0.02371005714
-0.03259751946
-0.0223136358
0.1738550067
0.1525062025
0.320284158
-0.04888806865
0.005644018762
-0.02395685203
0.1058394909
0.2368181944
-0.1043028012
