-2.320787644e-05
0.0005797956837
-0.001993055921
5.703412171e-05
-0.01038895734
0.009079819545
-0.0006399322883
-0.0009648298146
0.08653575927
-0.0004256679968
-7.322197689e-06
-0.0008548688493
-6.580219747e-07
0.03022766486
-0.07296750695
3.926111458e-05
-4.797503974e-12
-2.356511167e-11
1.212037502e-11
9.958572595e-13
3.897104861e-10
3.614105959e-10
1.358645835e-10
4.561579725e-10
3.475351784e-09
1.493890844e-10
1.406097678e-12
2.047448322e-11
-2.048615861e-13
-1.080707612e-08
8.361108472e-10
4.210004307e-12
5.341374344e-05
-0.001930188155
0.004305333365
-8.386997069e-05
0.09564802051
-0.02063290589
0.001143479487
-0.006103313994
-0.06707313657
0.0007372337859
-1.376524597e-05
0.002159032505
3.62661558e-05
-0.005782705266
0.1366111934
-9.341441182e-05
6.34118269e-09
3.280958936e-07
-3.561571305e-08
-2.851174297e-10
-1.81682808e-05
7.530974017e-06
1.325730136e-05
-8.009117664e-06
5.887910083e-05
-5.906418664e-06
-1.462328036e-08
-2.090915814e-07
3.325952846e-10
-4.013863509e-05
-6.729088636e-05
-5.338256415e-08
-3.541474507e-05
-0.002613789868
0.004365229513
3.466484486e-05
-0.0009348386084
-0.0277518034
0.005565773696
-0.06343903393
0.5460271239
-0.0259886384
-2.939414571e-06
0.001899915049
1.024843459e-05
0.3021390438
-0.502261579
7.065496175e-05
3.594015254e-07
1.318186241e-05
-2.354737262e-06
4.422966171e-08
-0.0001080190923
0.0001087843048
-0.0001736882259
-7.95334563e-05
0.001376662287
-7.87255849e-05
-8.57653049e-07
-1.460725343e-05
2.173982061e-08
0.0001927800331
-0.0008952690405
-5.620039474e-07
-4.932908269e-05
0.001477546408
-0.002568635624
8.977505786e-05
-0.01710101217
0.01540159341
0.001000848832
0.001459942549
0.09408537298
-0.0008748657419
1.539515142e-05
-0.001947034965
-7.394792647e-06
-0.01901448518
-0.09895492345
7.990073209e-05
-3.870942237e-06
2.279962064e-05
-1.73010958e-05
6.949869658e-06
-0.00116213155
0.001097749453
-0.002749047009
-5.259628597e-05
0.01159997005
0.0001373880659
-4.165184691e-06
-0.0001010777414
-6.188986212e-09
0.003687620629
-0.01013916079
4.509804057e-06
