0.06413073838
-0.09403605014
-0.1811417043
0.00188620761
-0.1287709773
0.02351354994
-0.1366214752
0.1393925101
-0.1081909314
-0.02379378118
0.03354204074
-0.1088823229
0.01982731558
0.01081634033
-0.09935315698
-0.115022555
0.05983777344
0.01517136488
-0.09618733078
-0.08282804489
-0.1126768738
-0.1280229241
-0.1123776212
-0.0684087202
-0.009082280099
0.06455165148
0.07847820967
0.0145280771
0.05958111212
-0.1298225373
-0.2092799395
-0.03659293801
-0.2533553243
-0.1461869329
-0.1469643414
-0.2120422423
0.02837749012
-0.04738886282
0.19590123
-0.1492061019
-0.1187166125
0.1186455563
-0.08407455683
-0.12370231
-0.03475315124
0.06945045292
-0.006560977083
0.1183687598
0.177303955
-0.06137916818
0.007382842246
-0.06060248241
-0.03367230669
0.1514904052
0.01286703628
-0.04426609352
0.05980270728
0.06820770353
-0.02619019523
-0.005251416471
0.007781162858
-0.1185862198
-0.1377754807
-0.05676526204
0.02850626782
0.002030697418
0.05580821633
0.08602796495
-0.0170395039
-0.0239414461
-0.1152668819
0.0409655571
0.08762148023
-0.07641761005
-0.1419788301
0.03345103189
0.09266354889
-0.1369119138
-0.08749198914
0.07582741231
-0.07156378776
-0.02281037532
-0.02986279689
-0.00218931213
-0.05807778239
-0.005480879918
-0.1558796912
-0.01654199697
-0.08043588698
0.03054421581
-0.08620834351
0.07343978435
-0.0280557014
-0.08354900032
-0.08381163329
0.04442626983
-0.05673336983
0.02117583156
0.07526417822
-0.05495202541
-0.05952625349
0.01946037263
-0.05553672463
0.01989028603
-0.07741183043
-0.05465782061
-0.03290844709
0.08421394229
-0.02076900937
-0.05365332961
0.01613040827
0.01667927951
-0.1199503765
0.0005197309074
-0.04882341996
0.08610288054
0.05354196206
0.06894271076
-0.00178217038
0.1236490905
-0.0287067052
-0.03274228051
0.03725110367
-0.03898956254
0.0361110121
-0.02507261187
-0.06888200343
0.06214422733
-0.08757066727
0.07486137003
-0.01144060027
0.1611728966
-0.07080326974
-0.02710760199
-0.07587143779
-0.06762672961
0.004008537624
0.0962324068
-0.05230825022
-0.02299708314
0.009288354777
-0.3530295789
-0.06683962792
0.147887513
0.05645224079
-0.09642303735
0.157025665
-0.1057099923
-0.02628062293
-0.01107973326
0.1351518631
0.100669235
0.01452686358
-0.02470686287
-0.02688443661
-0.06102466956
0.003208693815
-0.1172789782
0.03756955266
0.01346311439
0.05660757422
-0.05418227613
-0.1346938312
-0.01935954206
0.06173752621
-0.1038512588
-0.0667116046
0.007969772443
0.05202088133
-0.04925978184
-0.07071688771
-0.03279289231
-0.07044130564
0.06176846474
0.05456990376
0.151319012
-0.1528546363
0.09556721896
0.1678800583
-0.01478353515
-0.03811493143
-0.1099072695
0.006720105652
0.06277956069
0.1313423067
0.07536389679
7.325784827e-05
0.05339224264
0.01994595118
0.06995756924
-0.01727428287
-0.03785689175
0.0365232192
-0.03188689798
-0.06420422345
0.02835040167
-0.0469808206
-0.142262578
0.04392589256
-0.1070294678
-0.05447018147
-0.006215660367
0.003583304351
0.02772828005
-0.009168229997
-0.05609018356
0.1215365157
-0.0640194118
0.07490347326
0.0164822638
0.03272786736
-0.03119903058
0.002146686893
0.2211156636
0.02667268924
0.01628897898
0.04195772484
-0.03580998629
0.04738594592
-0.1772866547
0.01617907174
-0.004156424664
0.09983497858
0.04409969226
-0.03659510612
0.02050451376
0.0145810768
-0.1078871638
-0.09842497855
-0.02385506593
0.03444766998
-0.07684224844
-0.03605732322
-0.1166244671
-0.002506328048
-0.0156572815
0.02000649832
-0.127419889
0.01756993495
0.04505182803
0.006347053684
-0.08338348567
-0.04196400195
-0.01697753556
0.04059697315
0.008851420134
-0.152021274
0.07500861585
-0.01404992398
0.03324558958
-0.2676513493
-0.04217754677
0.02762916684
0.008364510722
0.02546734549
0.082517609
0.1512830704
-0.1021254733
-0.1462192535
0.06142451242
-0.1449188292
0.07418008894
-0.1286009401
0.02935700119
-0.1390516907
-0.09314280003
-0.002134187846
-0.2447946668
0.01099495031
0.05107265338
0.02568635158
-0.2266501337
-0.04942165315
0.08978991956
0.1378609538
-0.01131468732
-0.043472711
-0.07888293266
0.003293662332
-0.1506735682
0.1991560757
0.04966315255
-0.05879330635
-0.05568040162
0.02402770147
-0.1640065163
-0.249375537
-0.004986126442
-0.1496307701
-0.1259877086
-0.06379123032
-0.2657350302
-0.06526246667
-0.01441025455
0.1370472312
-0.2230391502
-0.1171701998
-0.09330453724
0.01495114062
-0.09984663129
-0.2578600645
-0.01696497947
0.07444293797
0.08269530535
-0.06764781475
0.03836568817
0.0306629613
-0.02220458165
-0.02801409923
0.0916044414
-0.1824679971
-0.0862397477
-0.269731909
0.1313401461
-0.1031285599
-0.0278665442
-0.05995571241
-0.1458793432
-0.1328084022
-0.08388738334
0.04769581929
0.009209529497
0.09968331456
-0.1685227901
-0.1296624094
-0.007398890331
0.04494070634
-0.02866323292
0.008452231996
-0.04788791388
-0.008711939678
-0.08948778361
-0.02199184708
-0.06600661576
0.01553234179
-0.1908549368
0.01267664041
0.02306710929
0.03309444711
-0.01815206744
0.02688838914
0.03476911411
0.01401154324
-0.05345335975
-0.07328171283
-0.08435168862
0.01465908438
-0.1844966561
-0.06645338237
0.03849949315
-0.05308227986
-0.01030045561
-0.1945998371
0.05872023851
-0.02177671343
-0.01294755656
-0.04404437169
0.05896608531
0.05393578485
0.0004827731173
-0.1006834283
-0.1039675847
0.05689360946
0.002957284218
-0.09230329096
-0.04921983927
0.05576227605
0.06599850208
-0.05826748163
-0.006552540231
-0.01923964173
-0.04031934217
0.05131155625
0.08761491627
-0.1102424487
0.02424478345
-0.001045740675
0.004686905537
-0.03232727945
-0.2157325596
0.0311957784
0.06289495528
0.002535007428
-0.0137310829
0.2802198827
0.1608885676
0.08458994329
0.08562824875
-0.005855407566
0.01772062667
0.07113031298
0.04757076129
-0.07485909015
-0.02335137501
-0.03164966404
0.1203953028
0.01357132755
-0.1305007637
0.08483919501
-0.05589001626
0.1778349429
0.2070012242
-0.01211112179
0.06967966259
0.06330742687
-0.1078577936
-0.1476552188
-0.01348892134
0.04770213738
-0.1019315049
0.07467425615
-0.02604138665
0.1504880637
0.003399349051
-0.09717514366
0.03487310931
-0.06246402115
-0.04012766853
0.1800585538
-0.05883610249
0.007222362328
0.03523896262
0.1077217683
0.09217262268
0.1390284747
0.02546413243
-0.2157519311
-0.009970513172
-0.118556425
-0.1787830442
0.08479890972
0.06136890501
0.1491514295
-0.2037613243
0.01708490774
0.09794919938
0.05200607702
0.01629026234
0.134177804
0.0896326527
0.0887677446
0.05832962692
0.02355003916
-0.08750602603
0.08300124854
0.07929395884
-0.02722594328
-0.08239718527
-0.02126035653
0.03781922162
0.001010833657
-0.01560965553
-0.01975992136
-0.01461896766
0.106220521
-0.07054755092
-0.1127713025
0.08064118773
-0.01777555607
0.06951075047
0.009156562388
-0.08773167431
0.1059247926
-0.05745598674
0.08705911785
0.04096045345
0.1732324809
-0.06625197828
0.1169269308
0.03066651151
0.03335568309
0.05351415649
0.01126414817
0.07888334244
0.02588994429
-0.03499900177
-0.007390037645
0.07260790467
0.09185937047
-0.0504793264
0.06924171001
0.06560375541
0.08026695997
0.03652938455
0.108179681
0.04274008796
0.03878320009
-0.1306672692
0.05787458643
-0.01616089046
-0.04796750098
-0.02889998443
-0.01085311826
-0.01351326331
0.07139066607
-0.01239033695
-0.007303299848
-0.03859351575
0.03169298545
0.09262742847
0.06127957255
0.0783168301
-0.02626228333
0.02843200974
-0.003968649544
-0.01901267469
0.05844037607
0.1976982653
0.09477035701
0.1212020069
0.06214380264
0.06165012345
0.05797052756
-0.1201923341
-0.08463925868
0.09670181572
-0.07920640707
-0.03892198205
-0.00555208372
-0.05595827475
-0.1430658996
0.01501199696
0.04242860898
-0.1316340119
-0.04777149856
0.05854107067
0.07973813266
0.0644986406
0.1079949141
-0.04803834483
-0.05543628335
0.0332869105
-0.1449217498
0.1227103099
-0.08235955238
0.02445805632
0.05128454044
0.02177113108
-0.1205688119
0.1418740749
-0.1172367632
0.03238839284
0.06501510739
0.0009514223784
0.03356256336
-0.04705958813
-0.09174817801
-0.0042601116
-0.05866458267
-0.03930457309
0.03839528933
-0.09414468706
-0.04720805585
0.009653014131
-0.01656362414
0.03645569831
0.04075259343
0.08629456162
-0.06062598154
0.1171049476
0.05590344593
0.03809393942
-0.01786122844
-0.1245809793
-0.1832739711
-0.07681195438
-0.1274742335
-0.02043293789
-0.2717997134
0.1029162928
0.09293585271
-0.0233505629
-0.04280071333
-0.06534263492
-0.02569989488
0.03174050152
0.001053400571
-0.01824581623
-0.07027677447
-0.1493040472
-0.08220916241
0.01365111396
0.04752245918
-0.0448397249
0.03316504881
0.006886912975
0.06017072871
0.007310626563
-0.02783610672
0.05885384232
0.0614906773
-0.05924380198
0.02541864105
0.02954071015
-0.1093152687
-0.02258979715
0.03701421991
0.08382083476
0.07416406274
0.07696852833
-0.04154519737
0.02147864364
0.01701107062
-0.08920237422
0.009038615972
0.045652017
0.04143691063
-0.01350018661
-0.06470551342
-0.01426471677
-0.02201664448
-0.01779806428
-0.0003295983188
-0.003800881328
0.025013946
-0.01900121383
0.007235871628
0.01712574437
0.04377119243
-0.01088237949
-0.06236408651
-0.06615897268
0.02027216181
-0.0155424159
0.06545095891
0.01627797447
-0.02540036105
-0.1438785195
-0.06350831687
-0.04321494326
-0.02456668392
-0.006220142357
-0.03794617206
0.05196732283
-0.08102682233
-0.1080036536
-0.01643531583
-0.0295935832
0.02750246786
0.03636033088
-0.01745645516
0.1051627919
-0.09291499108
0.2034738064
0.0906765312
0.002503075637
0.02698173188
0.003044846468
-0.08587714285
0.215702191
0.06956140697
-0.1511622518
-0.03918263316
-0.2320596278
-0.1811344922
0.0003081914329
0.08432295173
0.09993764758
-0.09751150757
-0.2399620265
-0.03852573037
-0.1269477755
-0.1220717952
-0.06996238977
-0.04181656614
-0.2140304744
-0.0005292196292
-0.03023815155
-0.1292511821
0.1835068464
0.01910893805
-0.08944387734
-0.2528193593
-0.06094590202
-0.0512210615
-0.08159212768
0.002453728113
0.09341584146
-0.219857201
-0.08161227405
-0.09222153574
-0.003835425712
0.06094026566
-0.1412370205
-0.1087677404
-0.09184572846
-0.088238433
-0.09231714159
0.04568070546
0.1033677459
0.1804426014
0.2702803612
-0.1767920405
0.2093694508
-0.1320902556
-0.05091264099
-0.02027625032
0.08997938782
0.03548173234
-0.0661200583
-0.113351889
-0.07733524591
-0.049201563
0.1298996657
0.08827553689
-0.005723904353
-0.003143489594
-0.02836113237
-0.1575953215
0.01994777657
-0.0001804909552
-0.06665501744
0.009333167225
-0.1179585755
0.009496301413
-0.141028285
-0.007267643232
-0.07631345838
-0.08575148135
-0.03092432022
0.04738018662
0.0254108794
-0.08169279248
-0.1304008216
0.009314694442
0.0869570002
-0.01038198359
-0.04942863435
-0.04276197404
-0.06174888462
0.07340992242
-0.09700984508
0.02106754296
-0.05440141261
-0.06703975052
0.02792895027
-0.0827229768
0.07449728996
-0.04683628678
-0.1925100833
-0.1745956093
-0.00446708547
0.04693872109
-0.03752494603
-0.06441692263
-0.08260392398
0.01902006008
0.02483103238
-0.1251408607
-0.111452207
0.06631870568
0.08811553568
-0.1425545663
0.04453825206
-0.03611293435
0.03693843633
0.1314323843
0.09190710634
-0.2041564286
0.0550317578
-0.1543819159
0.07056576759
0.1272007078
-0.223080188
0.07839521021
0.01396880206
0.02481218241
0.01993794367
0.1170524806
-0.1609703302
-0.1584520638
0.09033995867
0.03461071476
-0.07629750669
-0.06008174643
0.3019554019
-0.01258085016
-0.1313052177
-0.02744042128
-0.05110374466
-0.1499234289
-0.1535439342
-0.09456693381
-0.3126385808
-0.272529006
0.05622342601
0.1092928946
-0.2297895998
-0.214842841
0.08696264774
0.1299181283
-0.09233443439
0.05084972084
-0.05925603211
-0.03997180611
0.1869327277
-0.003041055985
0.14207533
-0.2825273871
-0.1801975369
-0.1483161449
-0.2709600329
-0.002354741329
-0.4717353582
-0.05630232021
-0.04014835879
-0.01137275156
-0.2296200693
-0.2052485794
-0.01145428419
0.1317228228
-0.1473870277
-0.004978708923
0.02085803449
0.1413013041
-0.1587342918
-0.001280799042
-0.06054244936
0.1113139763
-0.1682582945
0.03005925566
0.01694920287
-0.1541058719
-0.1683447808
-0.2749864459
-0.2047873735
0.1139509156
-0.01123682689
0.07951068133
-0.108026661
-0.09346824139
-0.009762492962
0.06913652271
-0.03359757736
0.04672123492
0.1560540795
0.008899333887
0.1300496906
-0.1348322332
-0.07598461956
0.1333524734
-0.01035096869
-0.06975150108
0.02093711495
0.08814015985
0.01475946512
-0.06140303239
0.01955730654
-0.06789265573
-0.02662947401
-0.0440081358
0.0893041715
-0.00853627082
-0.1403614432
-0.1302877069
0.02421087027
-0.03492600843
0.1833991259
-0.03108183295
0.004008462653
-0.06653536111
-0.04230531305
-0.07697243989
0.01048862003
-0.04231791943
0.01363060437
-0.05371342227
-0.08077186346
-0.0451198332
0.02566534095
-0.04055233672
-0.007251688279
-0.1096537039
-0.1082983166
0.005256288219
0.116169095
0.02255433053
0.1172696128
-0.009888621047
0.01714715362
-0.04923896492
-0.03839394078
-0.07012442499
0.09633541852
0.09811007231
0.06979446858
0.01146042999
-0.007176224608
-0.1161792055
-0.05194752663
0.01335397363
-0.07538242638
0.1347467452
-0.007594663184
-0.0999905467
0.05397269502
0.08094447106
-0.1382675022
0.06586257368
-0.0243562106
-0.0896024406
0.05506117642
-0.00482981652
0.03161178902
-0.2235103697
-0.02204984426
0.0639166832
-0.08496716619
0.02411063202
0.1832399666
-0.03785248101
-0.09991914034
-0.08612170815
-0.02105720714
-0.1128177717
0.1623726934
0.005975491833
0.1494810134
0.1125344709
-0.06384240836
-0.05389943346
-0.08518462628
-0.02073361911
0.3119507134
-0.05553234741
0.04280877486
-0.0710978061
-0.04838392884
-0.1274889112
-0.0405405201
-0.02436105907
-0.08169974387
-0.02285524458
0.08406048268
0.03021472134
-0.09657916427
0.07018921524
-0.05730060488
0.0920394361
-0.05954252556
0.01644230261
-0.09755495191
-0.1219231486
0.02307963744
0.0439687483
-0.06243265793
0.06363502145
0.04781884328
-0.0715444386
0.09077753872
-0.02239006571
-0.03443161026
-0.1440244615
-0.05340207368
0.03750180081
0.1137387902
0.1033323035
0.01387559623
-0.09684593976
-0.03702428192
-0.02758124471
0.02982669696
-0.05806201696
-0.04866400361
0.08092585951
0.06143352389
0.0350060612
0.008401370607
-0.06915598363
-0.005988974124
0.03943284228
-0.03752972186
0.06868968904
-0.04846328497
0.02639338374
-0.03727245331
-0.03568222746
0.01716595888
0.06606217474
-0.03608050942
-0.002584621077
0.04468173906
0.02795658074
0.03568236157
0.007878854871
-0.01593972743
0.01801928878
-0.04537319392
-0.06246150658
0.02678030543
0.04038465023
0.04520737007
-0.01286194101
0.01185383461
-0.05117672682
-0.01290536486
0.05950780958
-0.01663433947
0.03158599883
0.01412517671
0.003229055088
0.04521553591
0.06861148775
0.03113353252
-0.07400681823
-0.01037435327
-0.05570215359
0.01174121816
-0.06866959482
0.02104715817
-0.02874964103
-0.04190912098
-0.02882060967
0.0296451021
-0.0655130446
0.01759847626
-0.03986984491
-0.01723258384
-0.04380545765
-0.06418864429
0.05784833431
0.01526661683
-0.06720744073
-0.05470757186
0.06246565282
-0.1005243585
-0.06692494452
0.01827079244
-0.1445750594
-0.01948839799
-0.03174004331
-0.05967688188
0.06072804704
0.01351312269
-0.05889942124
-0.1555073708
-0.07646691799
0.02702662349
0.007894057781
-0.06797994673
0.005008902866
0.06401053816
-0.08791045845
-0.1880669445
-0.1352944523
-0.006308041047
0.1161732003
-0.005598323885
-0.06139246747
-0.02658330463
-0.09562955052
0.1533064246
-0.0856930092
-0.06244074926
0.001116627944
0.009616033174
0.008771808818
-0.04268952832
-0.1765482277
0.0549592264
-0.06855334342
-0.07052247971
-0.002676121425
-0.1264848709
-0.07586891949
-0.1040078402
0.02182275057
0.005716200452
-0.119831115
-0.007522447035
-0.05874194577
0.1031608135
-0.05357602239
-0.002719751792
0.1577117294
-0.1227887422
-0.1810426414
-0.07314773649
-0.08081222326
0.05434511974
-0.04381107539
0.01080283429
0.06610642374
-0.0206715744
-0.08934708685
-0.01882254705
-0.01914867759
0.04058036581
-0.02206524648
0.004886794835
-0.02986150607
-0.1082057431
-0.06036070362
0.02657487057
0.06985257566
-0.07311224192
-0.04598908126
0.04952710494
0.02944929525
0.01151624415
-0.004625546746
0.01835296862
0.01315503847
-7.231778e-06
0.03965209424
0.02908468433
-0.04374409467
0.0009593401337
0.04165748507
0.08183851838
0.07292696834
0.04204142466
0.006296220701
-0.01206420735
0.02421126142
-0.07266934961
-0.006670500617
0.02487190068
0.03726553544
0.03054488078
-0.007311611436
-0.002638827777
-0.024717886
-0.01854680665
0.03277479857
-0.004347738344
0.01998162642
-0.005357349757
-0.006811317056
-0.0104171373
0.01085923612
-0.004932952113
-0.0652333349
-0.08414828777
0.018477479
-0.0202289708
0.07527185977
-0.01102321595
-0.0477883108
-0.08264081925
-0.07866497338
-0.06218067184
-0.03554726392
-0.005895856302
-0.03146316856
0.060770493
-0.05472080037
-0.03212759271
0.005304926075
-0.01998279989
0.04019296914
0.001777584665
0.1830783784
0.04130145162
0.02814458311
0.01807119325
0.1004680097
0.05122419447
-0.03162468225
0.01277289167
0.1274918616
-0.1307043731
0.06449609995
-0.06371995807
-0.1321053803
0.08510722965
-0.1679062843
0.09544023871
-0.03505524248
0.01076045074
0.03716599941
0.1631493717
-0.1170465499
-0.06486286223
0.02651485801
0.07227431983
0.03258429095
-0.085973382
-0.003594472772
0.09862942994
-0.1776143014
-0.1228889227
-0.02054209448
-0.02589831315
-0.1005458832
0.1624214947
0.1537477374
-0.1096573621
0.07345380634
0.08071270585
-0.02848472632
-0.0579219684
0.1602193266
0.02398190461
-0.1119699627
-0.11722067
-0.03338738903
0.0366994068
-0.06842622161
0.1106689945
0.03583139181
0.109244056
0.06884425133
-0.09193192422
0.03170376271
0.06137060747
0.09903885424
-0.01475594658
-0.0308425352
-0.1548767239
-0.04753587395
0.002928052563
0.03920879588
-0.174780786
0.0213202145
-0.02782800607
0.04313514754
-0.01237243321
-0.08409412205
-0.07537376136
-0.1463598162
0.07606062293
-0.09524413198
-0.01517673302
0.06170736253
0.07236874849
-0.006820488721
-0.02166050114
-0.09385558963
-0.01464166213
-0.04877988994
0.06380877644
0.004426473752
0.01302269101
-0.06932419538
-0.1506723017
0.01829906181
-0.05250806734
-0.08280911297
0.07945863903
-0.02341484278
-0.01188393217
-0.009705275297
-0.01874215901
-0.03075799346
-0.003467954695
-0.09080079943
-0.07048338652
-0.057327196
0.03630679846
-0.03423219547
-0.1849562973
-0.05157625675
0.02468744665
-0.01429789513
-0.134751156
-0.005274085328
-0.009762037545
-0.07314520329
0.02481219731
-0.02596251108
0.08453798294
0.03492195159
0.03289713711
-0.009815784171
-0.06178170815
-0.04724013805
0.0576868169
0.09093609452
0.0531254299
-0.04511231929
0.00289742928
0.07220377028
0.0224881731
0.04382615164
-0.0631858632
0.1242961362
-0.03849096596
0.01364370435
0.01123383176
-0.04668036103
-0.01368724275
0.004152290989
0.1300416887
0.01608451083
0.1098876521
-0.03055072203
0.1132635698
0.03498195484
0.1493244022
0.1540393978
0.05163555592
0.04110574722
0.005564543884
-0.04146863893
-0.04237682745
-0.009473510087
0.1021641642
-0.09515901655
0.1411433965
-0.03777452558
0.05169997364
-0.02768191695
0.02539369091
-0.02299596183
-0.08995027095
0.03868961707
0.0339182727
-0.1543469727
-0.1062058285
0.03632301465
0.06223879382
0.02294679172
-0.1034494489
-0.1156386435
-0.0166439563
0.0173013974
-0.004373974632
-0.1110666618
0.01347509399
0.002249384299
0.0864379406
-0.06475298107
-0.1381950825
-0.1162663773
-0.05948494747
-0.0346128121
0.05065194517
0.1255354583
-0.003049384803
0.05179934949
0.03774765134
-0.1418127418
-0.09547616541
0.07050040364
0.1234045476
-0.0954945311
0.1106465533
-0.1461608857
-0.06373797357
0.03884493187
0.004064119421
-0.04928283021
-0.2193701863
0.0377416499
0.08930327743
-0.01117544249
0.06764803082
0.05823335797
0.005416483618
-0.01544323284
0.06286023557
-0.003983661067
0.1244092435
0.02424291149
0.09988613427
0.07480940223
-0.07062945515
0.07937575877
0.01828179695
-0.01717267931
-0.01369804516
0.043568708
-0.008857758716
-0.02561679482
0.0649837777
-0.04507500678
0.01730183698
0.07739763707
-0.09819000959
0.02690228075
-0.03320322931
-0.002084223088
0.05694756657
0.0373795554
0.04746188223
-0.08725248277
0.03795760497
-0.02320051752
-8.144610911e-05
-0.0337844789
-0.002949560061
0.02471564151
-0.08269558102
0.0007342637982
0.05873133615
-0.004505503457
0.08054292202
0.0002829505247
0.003388449317
-0.03921844065
0.05016934499
-0.06416074187
0.02013310231
0.009293668903
0.06921125948
0.007481297012
-0.03748887405
0.06311407685
0.003015765222
-0.1240640804
0.04217913747
-0.007179677952
-0.01866037399
0.09692323208
0.01595516503
0.002795510693
-0.06303472817
0.1314246505
-0.07343575358
0.2181427181
-0.2661938369
0.101766713
-0.05753985047
-0.06513702869
-0.07501646131
-0.08024157584
-0.1541261226
-0.08401431143
-0.149553448
-0.1576308161
-0.0172275044
-0.1248223186
-0.05757035315
0.1463818848
-0.2120689601
0.005674185231
0.1154032052
0.221546635
0.108776398
-0.04489605874
-0.08693137765
-0.003992863465
0.08515149355
-0.1147813573
-0.1389457434
-0.02411029115
0.2023909241
0.04116824269
-0.02993497625
0.02040624619
0.105340749
-0.06026446074
-0.1269186735
0.0961592868
0.07850068808
0.01365736593
0.04165332392
-0.01117065456
-0.06492792815
0.0449263379
0.1752500832
0.0008443307015
-0.08377534896
-0.002618408063
-0.1023457721
-0.1799819767
-0.09815886617
-0.2129365951
0.09588311613
-0.05974031985
0.07038657367
0.08617015183
-0.1065647528
0.004382710904
0.004665206186
-0.07692781836
0.02746277861
0.07453686744
0.3409706056
0.005746867973
0.1042232364
-0.01121460274
-0.1296217442
0.01113706641
-0.01467808802
0.03169604391
-0.04885743186
0.06105930358
-0.1126443222
0.03524555266
-0.01371669397
-0.04240550473
-0.02342819795
-0.06555488706
0.05323275924
-0.07458540797
-0.08382443339
0.04087913036
0.02191364393
-0.03327574208
0.04905968904
0.04438820481
-0.02532738075
0.07464691252
-0.009273154661
0.004478979856
0.03938692808
0.02107828856
-0.04988470301
0.02799079381
0.03840879351
0.09478768706
-0.02528167702
0.005707891658
-0.0004551444435
-0.02147854306
-0.09495349228
0.02239279263
0.04604525864
0.008820705116
0.05467358977
0.009084009565
-0.06946399808
0.01447361801
-0.01744739711
0.05771149322
-0.03267334029
0.04044541344
-0.0663594678
0.08436402678
-0.01022508927
0.1044930443
-0.07796610147
-0.0365504697
-0.0773902759
-0.03825391084
-0.09417505562
0.04797961563
-0.06253781915
-0.02080328576
0.04756941274
-0.09930539876
0.08516871929
0.06549177319
0.02878674679
-0.09523636103
0.1325946152
-0.01115927566
-0.01300271973
0.2253605425
-2.324504021e-05
0.005227216519
0.02496898361
0.2258845568
-0.1184312254
0.09167354554
-0.1169763952
0.03050036542
-0.01226417162
-0.07164192945
-0.02935604006
-0.1133942157
-0.05135191232
0.120956026
-0.2169292569
0.03650998324
0.1039274856
-0.1201024354
-0.04285907373
-0.01604019292
-0.05557141826
-0.008595370688
-0.0620826371
-0.006329538766
-0.3783772886
-0.05445556715
0.03054844029
0.08841261268
0.03642883524
0.1400664747
-0.1011221558
0.06096975133
-0.2049139589
0.03622461483
0.08535096794
0.02234310284
0.1600824445
0.01960609853
-0.07975550741
0.1412962526
-0.06475972384
-0.1541675925
0.1398362517
0.148437798
0.021649478
0.1436782032
-0.0005907090963
0.1161373481
-0.01501894742
0.09531131387
0.1750484854
-0.1567661613
-0.2357060164
0.2541005015
-0.1623005867
-0.02718572691
-0.07643914968
0.04870525002
0.05816151947
0.01709445007
0.01707433723
0.1139787063
0.1317570806
0.1029879674
-0.02111360058
-0.1313623041
0.1492205411
0.1138633266
0.001645582612
-0.1062905863
0.09944133461
0.04818220437
-0.0534437187
0.05072382092
-0.005262751598
-0.06626038998
0.005697291344
-0.0194012858
0.1350484043
-0.01218340639
-0.08304148167
-0.06062363088
0.03271575645
0.002275567735
-0.01772010513
-0.07131241262
-0.01222722698
-0.006594370585
-0.0263358932
-0.01043133158
0.05453741923
-0.03476171196
-0.01721360162
0.08899068087
-0.1595898569
-0.05207666755
5.79089683e-05
-0.03016531095
-0.007353892084
-0.07179223001
-0.05225041136
-0.01316217706
0.1017033979
0.1226618662
0.02635520138
0.02451552451
-0.05642673373
0.0008940171101
-0.08869994432
-0.01779269427
0.1293365955
0.02492254972
-0.02608430944
0.08946009725
0.01884245686
-0.02162599377
-0.03093643673
0.1082763821
0.07935317606
0.133871004
-0.04599825665
-0.05822692439
0.05992033333
-0.05639434978
0.1788469255
-0.07517307997
-0.1288571954
-0.08323709667
0.1803345829
-0.1709917188
0.2078884691
-0.08717854321
-0.093138583
0.2769509256
0.1574962735
-0.01788398437
0.1295960695
-0.0314682126
0.2055277973
0.01409478765
0.1000054702
-0.0124170417
-0.1429976821
-0.1392235309
0.07396684587
-0.04920525104
-0.03625120223
-0.03270888329
-0.1732775569
-0.1040984914
0.09124257416
-0.1151188165
-0.1819695532
-0.1270692497
-0.09623695165
-0.09069380164
-0.1149954945
0.1653838158
0.1448312104
-0.02622662857
-0.2225943208
0.08243428171
0.008972139098
0.08661364764
0.1623886675
-0.03422139958
-0.07636228204
-0.07864098996
0.1865128428
0.009625717066
-0.1135148332
-0.08806049079
0.1015307233
-0.1648574919
0.1946462542
0.061422389
0.1472660452
0.01485753618
-0.03747355565
-0.07506340742
0.02199552394
-0.06207272038
-0.1085264087
-0.02071430162
0.03431398422
-0.08552950621
-0.1408458203
-0.02825804241
0.04487615824
-0.02579500154
0.008629770018
-0.05726429075
0.1762090027
-0.1394158304
0.09785134345
0.04834480584
0.04520733282
-0.09670613706
0.1038239226
-0.0442012772
-0.03018062189
-0.07087278366
0.2819858491
-0.08214648068
-0.07615637034
-0.08470545709
-0.04963323101
-0.05886673927
-0.1402926892
-0.1053225249
-0.085867621
-0.07104026526
-0.0241180975
-0.0008295483422
0.04680232704
-0.05746751279
-0.06825350225
-0.09420773387
-0.03838590905
-0.0691164583
-0.05605012923
-0.08607015759
-0.04474693909
-0.08431828767
-0.01705274731
-0.0240749754
-0.01018581633
-0.03871535137
-0.04290179163
-0.01857428066
0.000131808265
-0.07362402976
0.1142482311
-0.1073887274
-0.02683278546
-0.07968190312
0.1678334028
-0.03140558675
0.04197445884
-0.08219577372
-0.08404193074
-0.03100307472
-0.04658779874
-0.133513242
-0.08109468222
0.08753630519
-0.05089929327
0.01856461167
-0.0594724454
6.972136907e-05
-0.124453716
-0.1159974709
0.07538494468
0.05787641555
0.0003797130194
-0.1977101266
0.0894170031
-0.06779415905
0.09605010599
0.1504495144
0.00297644292
-0.09752750397
-0.04284997284
0.02745925449
0.1590265781
-0.1694017053
0.2100687027
-0.03436245024
0.04481408745
0.05330783129
-0.2006400228
-0.145440191
-0.04802000523
0.2090336829
0.02919194102
-0.06161633134
-0.04930181056
0.04635832459
0.05170586705
-0.1001765728
-0.1796770394
-0.1938793808
0.06258095801
0.1475471407
-0.1698990315
-0.1500270814
0.1526998281
-0.1121471375
-0.1963233948
0.0422912389
-0.007180723362
0.050778687
0.04516048729
0.07906980813
-0.04396666586
-0.1397458762
0.2004894316
-0.1223351881
0.1770663708
-0.1690027118
-0.05786567181
-0.01083021984
-0.1461670846
-0.2663716078
-0.1833057106
-0.114630647
0.1138985083
-0.009760741144
0.05463155732
-0.2226285338
-0.06260856986
0.003129137214
-0.1713819951
-0.01366979908
-0.1829282045
-0.03450015187
0.03446400538
0.002294259612
-0.05676677451
-0.1062742248
0.1021799222
0.01039404236
0.01471888367
-0.1268613636
0.02276934125
0.09656521678
0.01164312288
0.01820897125
0.07809666544
-0.02722512744
0.01220418792
0.05066417158
0.01122071594
-0.05657281354
0.04220985994
-0.05394549668
0.08955353498
0.03449225798
-0.08987741917
0.0113680223
0.09812585264
0.05727433413
-0.004431460053
-0.1090303957
0.09510746598
-0.002331117401
0.1205294803
0.05321338028
0.01913892478
-0.02933958359
0.007454977836
-0.04633308947
-0.01263802405
0.02300655097
-0.03635444492
0.01391390618
0.1033614501
-0.01893843338
0.01828809269
-0.1060983911
0.02354879119
-0.04795553163
0.0387112312
-8.286911179e-05
0.1224384308
-0.05121195689
-0.04970672727
-0.06053508818
-0.1070364416
-0.01687170193
0.001659099944
-0.1770608723
-0.02759763785
0.09833954275
-0.06565811485
0.02519243769
0.02462049946
0.05598690733
-0.0492173247
0.01198758557
-0.0644435212
-0.07625532895
0.0833588019
0.04541835189
-0.1341648102
-0.02130404301
-0.09601932764
-0.06821712106
0.1288342029
0.05545800924
0.01723783836
0.01882326417
0.1728042513
-0.08814422041
-0.05105312541
0.03097512759
0.1158814356
0.02012936212
-0.1756585836
-0.1874540001
-0.2095192671
-0.05904809386
-0.001456926577
0.0001753645338
-0.100384526
-0.04974855483
0.007925163023
-0.09678459913
0.01358882617
0.03241873533
0.08999291807
0.3208882511
0.03462244198
-0.01917937957
0.05837839097
-0.1078639999
-0.2414047271
0.1465633959
-0.04948826134
-0.09171683341
-0.06487224996
0.03656224161
-0.04885579646
0.05085744709
0.08579272032
0.1261602789
-0.01346730534
0.2095404267
0.08985501528
-0.04180493578
-0.1513439417
-0.2604171634
-0.1457550824
0.180866003
-0.09444995224
-0.07092344761
0.1484397948
0.2312662899
-0.004140327219
-0.04302575812
-0.07671009749
-0.01546938997
0.111709021
-0.07079353929
-0.01916765422
-0.08505561203
-0.02461286262
0.1284877509
0.03172240779
0.1004360318
-0.04775805026
-0.1830942035
0.1468521804
0.02341584861
-0.1415127069
0.0994015336
0.009497175924
-0.07586246729
-0.02315412462
-0.01981996559
0.0007847837987
-0.1013420969
0.1531160921
0.06214899197
0.08154961467
0.05330630019
-0.09506013244
0.02254623175
0.08925877512
-0.01290643774
0.03557133302
0.0325155966
-0.03255749866
0.06402517855
0.03485656157
0.1109945923
-0.03320814669
0.02810116857
-0.05499694869
-0.07660274208
0.01166301034
0.05130144954
0.01647080667
0.0903404355
0.07319761813
0.06307118386
-0.03992061689
-0.04410412163
-0.03338756412
-0.03717554361
-0.01425229013
0.05960611254
0.01528070588
0.02225298993
-0.05985442176
-0.1243356317
-0.2128430158
-0.02936498635
-0.009954397567
0.04218124971
-0.0396181643
0.12506181
0.002258065622
-0.01416722778
-0.02692294121
0.0142528424
0.03300472721
0.1514666229
-0.01069998275
-0.1082734987
0.1114463657
-0.06094119325
0.04231262207
0.03140021116
-0.1107804999
-0.2874903083
-0.03137018159
-0.05822729319
-0.1002458557
-0.0007992620813
0.1320666969
0.08085495234
0.009766862728
0.1330154836
0.01128004491
-0.06000508741
0.07730066031
-0.03989741206
0.06482690573
-0.1537971348
-0.1043413728
0.03134139627
0.06225188822
-0.02145638689
0.1820023656
-0.01111506484
-0.09046415985
0.04445362464
-0.01245525666
-0.03035885468
-0.1427595615
-0.04578023031
0.0260560438
-0.0493414551
0.1000309363
-0.07224773616
-0.2060821652
0.09815976024
0.001469402574
-0.04677311331
0.06202190742
-0.008973437361
0.06277300417
0.01001534611
0.1572806984
0.05740517378
-0.01150792185
-0.03972027823
0.02462370321
-0.1421549618
0.160408318
-0.1298159361
0.04735018313
-0.105386503
0.06056512892
-0.01167295501
0.05741334707
-0.01345472969
0.06282045692
-0.1000663638
0.09989155084
0.05605967715
-0.01610173844
-0.05804127082
-0.09147116542
-0.09972260892
-0.09758228809
0.02489141189
-0.0268629659
0.05513871461
-0.06829507649
0.02185617574
-0.0539319627
0.0200245399
-0.006150889676
0.04478935525
-0.03625810891
-0.01055478211
0.03007190302
-0.01359823067
-0.03916270658
-0.007539312355
0.0635522902
0.01097113173
0.01394495089
-0.05763744935
-0.01323447376
-0.02335716411
-0.06164742261
0.04399257898
0.02169217542
0.0359165743
0.001600608928
-0.07307849824
0.0279372558
0.01314166933
-0.0190877337
-0.1026885062
0.02972644754
0.0241449438
-0.04178639129
-0.07291798294
-0.04513465986
-0.006402135827
0.03045672923
-0.02196224034
-0.1105298027
0.06596770138
0.03496711701
-0.03719085082
-0.02440553531
-0.0201823581
-0.04351947084
0.03562535346
0.07277144492
-0.045819778
0.07043174654
-0.0271315854
-0.001597230439
-0.1138572991
-0.113501668
-0.02979489602
-0.002376972232
-0.01752168685
0.08036047965
-0.05346591771
-0.04105963558
0.09485407174
-0.04172439873
-0.0380336903
0.003948797937
-0.009254420176
0.1218447164
0.08390494436
0.1252750307
-0.05782141909
0.05273362249
-0.05144036189
-0.04005950317
-0.01473889593
0.09077958763
0.02143920027
-0.07308113575
-0.07789951563
0.1067054048
0.1200800687
0.07627787441
0.04146259651
-0.002891185693
0.04154033586
0.04153667763
-0.08307541162
0.09137795866
0.09143895656
-0.108251147
-0.1355853081
0.0004336672719
0.130954802
0.1508832574
-0.01695595309
-0.05662957951
-0.1665171981
0.2142643332
-0.02581483498
0.007919572294
-0.02307132632
0.1465555578
-0.135097295
-0.002602700144
-0.06071582064
0.1188425794
0.0275859125
0.07437429577
-0.2005451918
-0.002417885931
-0.03832682595
0.03360052034
0.03419045731
0.0592934154
0.03609365225
0.01242637262
0.01777308621
-0.006096544676
-0.09955956042
-0.01672316156
-0.01122959144
0.1330274343
-0.0412071012
0.1504870057
-0.03475914896
0.01290353946
0.102413021
0.2216600031
0.176930204
0.01798713766
-0.126982525
0.2242446393
0.08166623116
0.03524320573
-0.03584431112
-0.04079209268
-0.006946398877
0.06052895635
-0.01713187434
0.09650866687
-0.1024560779
-0.07028261572
-0.08730733395
0.1676821858
0.02664876729
-0.1682942212
-0.03879320621
-0.01555064041
0.008670614101
0.07434812188
-0.1040032506
-0.0609151572
0.01888748631
0.01123979222
-0.007665451616
-0.04471984133
0.1175412387
-0.05121936649
0.05595842004
-0.05097738281
0.03978344053
-0.009108731523
-0.04453894496
0.05044129118
0.01548907906
0.07340038568
0.02648178861
0.04232345894
0.1853642762
0.1203575581
-0.0678999573
-0.03647741675
0.008736801334
0.0742938146
0.02359245718
0.0002134039532
-0.06937836111
-0.1505232453
0.1728645116
0.002517696237
-0.03737041727
-0.09519904107
0.09760128707
0.1587696671
0.001516319346
-0.05312470719
-0.08827936649
-0.06563028693
-0.01941383816
0.06322293729
0.01896798611
0.1333700866
0.01832036301
-0.04103704169
0.05901092663
0.1532449126
-0.113848567
-0.05057287216
0.04061062261
-0.1377603561
-0.04499595612
-0.2315516174
0.08429557085
-0.1563078463
-0.04118653014
0.07026664168
0.00730058318
0.03261875734
0.07076879591
-0.1731725484
-0.129428342
0.02601322345
-0.05831271783
-0.147053346
0.03173400462
0.02789424546
-0.1217043847
-0.2142283171
0.1066223159
0.07939566672
0.115809381
-0.01684703119
-0.001628636266
0.02733075432
0.06051812321
0.0153338844
0.01859517209
0.1119354889
0.01331527811
-0.02040280588
-0.03744496405
-0.1316680759
-0.05472176149
-0.1148443222
-0.1871015131
0.07405883819
0.1899375767
-0.08930315077
0.07373366505
0.1275041401
-0.1007245481
0.1418465078
0.1513548195
0.06679897755
-0.09803437442
-0.02510942891
-0.06609338522
-0.02413319796
0.2467509061
-0.1485701054
0.07671686262
-0.1805746853
-0.01303009782
0.09737468511
0.02468071878
0.008663659915
0.0424516201
-0.04736016691
0.02596363612
-0.09182870388
-0.0834364444
0.02871407755
0.03960640728
-0.03667591885
0.05980915576
-0.08287106454
0.1133608148
-0.1283502281
0.009170395322
0.007123860996
0.02110491693
-0.1213469356
-0.004587312695
0.08469771594
-0.01554457285
0.02981856652
0.01755204238
-0.04474396631
0.002919464605
0.09416734427
-0.01973141544
0.01237801835
0.03228629753
0.0286452882
-0.008203609847
0.03188597411
0.03059156612
0.04371071234
0.01956704073
-0.03103560023
0.01924235374
-0.06445481628
-0.01226507127
-0.0835018158
0.03005640209
0.02995474264
-0.06390930712
-0.04501077533
0.003919794224
0.02743832767
-0.1057524905
0.008247050457
-0.009638416581
0.05947002396
0.06503018737
0.1340464801
0.0115537839
0.02180077881
0.01755916327
0.01089799497
-0.0452311635
-0.02846914902
0.08760149032
0.04288263619
-0.06077921763
-0.01818194985
-0.2220506817
0.04865920171
-0.05903634429
0.1149064377
-0.01460920833
0.215988487
-0.008093827404
0.07221835852
0.168705672
0.08806721866
-0.01223689038
0.02208663709
0.07878561318
0.1776550263
-0.006361738779
0.1771351397
-0.1856252998
0.02511299402
0.01062715519
-0.1241048425
0.00543469796
0.1001362577
-0.02464518324
0.009213514626
-0.1274899989
0.0601923354
-0.1187202111
0.002416298259
0.04668996856
-0.0007802836481
-0.3569823503
0.1252803206
0.09410309792
-0.1031348854
-0.1168649197
0.009243866429
0.1018872783
0.1861898154
-0.1405792981
-0.1013870165
-0.1371065229
0.09145116061
0.341533035
-0.09070885926
0.1435148567
0.08283551782
-0.03564681113
0.15435265
-0.3088211119
0.09185053408
0.05478534847
-0.1678630412
-0.2427006364
-0.3303266168
-0.1586174369
0.04190400615
0.1122666672
0.1370485425
-0.2013683617
0.1031088233
0.01065529604
-0.02800787799
0.02040497959
-0.1969903111
1.390277612e-05
0.0271722991
-0.1451333165
0.09740047902
0.005408063065
0.08604100347
0.03485108539
-0.06009198725
-0.09609494358
-0.06039224565
-0.02040813491
0.08911865205
0.08478859067
0.08083815873
-0.1103987098
-0.03230867907
0.03849200159
0.02469946444
-0.03640047461
0.066030249
0.01356319804
0.07087833434
-0.008856157772
-0.08344801515
0.02536282688
-0.05409118906
0.01137585193
0.03581755981
-0.03627027571
-0.0110120438
-0.04221183807
0.1478482485
0.170296967
-0.01019986067
-0.04071267322
-0.0381115526
-0.04171514884
-0.02589042298
0.04449586943
-0.004669588059
0.1291287839
-0.03556650132
0.01201485656
-0.01937955804
-0.1117473692
-0.0005495400401
0.03692129627
-0.02326262183
-0.03415854648
0.1308791935
-0.02336071804
-0.04590761289
-0.01583667658
-0.07913821191
-0.1265593022
-0.01166558079
-0.07389972359
-0.05398919061
0.1095009074
-0.1289082319
-0.03147938102
0.01022928581
0.03185505047
-0.02659722976
-0.1802527755
-0.04218512774
-0.04152138159
0.1163926646
-0.1236928329
0.0185873881
0.06805101037
0.08827842772
-0.08813247085
0.09689123183
-0.02084203251
-0.01579103805
0.01389430277
0.1418775618
0.04170530662
-0.1044109091
-0.04244845733
0.05204404145
0.1538979709
-0.2877535522
-0.07166215777
-0.07487083972
-0.1220837384
0.115415059
0.04470781237
0.02657098882
0.07819598168
0.03971323743
-0.07530856878
-0.1812897772
-0.01135571767
-0.0651877299
0.1062532812
-0.08317600936
-0.03279556707
-0.02755961567
0.04445837438
-0.1221165359
-0.2353861481
0.08308574557
-0.01262024697
0.1955267638
0.0391237326
-0.07099502534
-0.1519495994
-0.07710136473
-0.1772527993
0.1650083363
0.07611708343
-0.05753256753
0.05533553287
0.005328712985
-0.1905595064
0.009905633517
-0.1305746883
-0.05507944152
0.02714877576
0.3130713999
0.0446886979
0.08443796635
0.003680366324
-0.0785459131
-0.03597306088
-0.02435858175
-0.01725222543
0.08777078986
-0.004715128802
0.02417822927
0.1034185812
-0.0603479147
0.03939400613
0.01632282138
-0.1470495462
0.1055515185
0.01506216824
0.1684719324
0.1416264474
-0.096036762
0.2091407627
0.1111139134
-0.01670243777
-0.007671051659
0.1471671462
0.03094158508
0.01809057407
0.1153173223
0.04592484608
-0.03871410713
0.09502331913
-0.02203894965
-0.04097267613
0.07116767764
0.03495768085
0.03283330053
0.05580247939
-0.0001775902783
-0.07996968925
0.016908722
-0.07795144618
0.2097805738
0.05869198591
-0.04718800634
-0.01348696742
-0.03474542126
0.0005066038575
-0.004476627335
-0.01034130994
0.03931848332
0.02869416215
-0.1048112437
-0.04143990204
-0.02016464807
-0.0353616029
0.03024605848
0.007222274318
-0.04714012519
-0.07828746736
-0.03253123164
-0.1161114275
0.04969881475
0.05071264133
-0.007021089084
-0.07758896053
0.1193668544
-0.0122082727
-0.01009678654
0.02211014368
-0.00340186758
0.06759164482
-0.1404044181
0.008264519274
-0.1757838875
-0.1904408932
0.02300112136
-0.05483868346
-0.109343946
-0.08848994225
-0.04602562636
-0.1805320829
0.07377788424
-0.1530400962
0.08634867519
0.01629156806
0.1146899313
0.01277621184
-0.09247289598
-0.05155880377
0.08158413321
0.1857156456
0.01889816299
-0.01665913314
-0.1127300039
0.08250965923
0.1431526244
0.06104706973
0.01457576454
0.1211454272
0.1319327056
-0.1025991365
0.0006114052376
-0.04002002254
0.08091489971
0.1040357128
-0.1074691191
-0.1745883375
0.1123375744
0.1072142124
-0.01074414328
-0.1455942541
0.07872837037
-0.04983683676
0.2325295806
0.05732417852
-0.07033289224
-0.006157188676
-0.1891815662
-0.1226716489
-0.04408758879
-0.1371073425
0.1157898903
0.04699770361
0.01527896151
0.1844377667
-0.1920963824
0.2218598425
-0.3987194598
0.1586890966
-0.001924586715
-0.1620921791
0.1987902224
-0.0592536889
-0.008005462587
-0.01736175269
-0.1918884516
0.03823149204
0.07305838168
0.07453069836
0.01658955216
-0.07084809989
-0.01005913783
0.01031724457
-0.007732355036
-0.1201863736
0.004287245683
-0.1638609767
0.04130062088
-0.1942189932
0.05821832642
0.05003726855
0.00197712495
-0.173789382
0.04228621721
0.01219726633
-0.1517885476
-0.007293197326
-0.01637313701
-0.00871785637
0.1076729
-0.01711181924
-0.08984351158
-0.01139207091
-0.0301903449
-0.008801235817
-0.05022439733
0.01439245325
0.007010635454
0.00694904523
-0.2424536794
-0.04210559651
0.04674461484
-0.03023242205
0.03104840592
0.002034771955
-0.03168983757
-0.009851149283
0.01205273904
0.05201131105
0.08191276342
-0.01110264193
-0.08453296125
0.02255469933
-0.02751979232
0.0675720796
-0.05032960325
-0.04993007705
-0.07144382596
-0.008566499688
-0.08792686462
-0.03827987239
-0.1191016883
-0.046888493
0.008993820287
-0.1143089905
-0.01154157519
0.05625354126
0.009109314531
-0.02323731594
-0.1393289864
-0.252753824
-0.2894061804
-0.07368527353
0.06079242751
0.01316118147
0.02264622785
-0.01076398324
0.1355060786
-0.1055689752
-0.1085455418
0.09355280548
0.1366571933
-0.06240727007
-0.1831152737
-0.08355547488
0.1343184561
0.1286187023
0.07884725183
-0.2127626389
0.06280769408
-0.2746561766
-0.02883536555
-0.1301583201
-0.1088977456
-0.01805233024
0.005198250525
-0.01757847704
-0.02146264538
-0.1143641695
-0.2186070532
-0.08958041668
-0.1692002714
-0.08904805779
-0.369235307
0.09714178741
-0.1402402222
0.02077717148
-0.09650914371
-0.2020363659
-0.1279516667
-0.2055726349
-0.1387833208
0.06488071382
-0.05454268306
-0.1272736788
0.1414417177
0.31624946
0.05291537941
0.1013457999
0.05195504054
-0.01888509281
-0.03327515721
-0.07740011066
-0.07925813645
-0.06090508029
-0.1333613694
0.03503614292
-0.1623481512
0.02754838392
-0.2277099192
-0.1864001155
0.05456484109
-0.007949502207
-0.01461883727
0.01648209058
0.07363058627
-0.001677018357
0.1746668518
-0.05780598894
-0.1701550335
0.027517749
0.006140337326
-0.06478034705
0.06212947518
0.08738530427
-0.04387309402
-0.05639171973
0.01899673231
-0.1734624058
-0.07953198999
0.07747039199
0.1082278565
0.043978706
-0.1181565076
-0.07757721096
0.06923959404
-0.01399694756
-0.04273186252
-0.05545976385
-0.02461864054
0.01497646887
0.03190780804
-0.04536253586
0.0002719715412
-0.04834057391
-0.03073838912
-0.09286947548
-0.09764795005
0.1049842909
0.02634382248
-0.05968420208
0.03153281286
-0.1554453075
0.1430998594
0.01451085508
0.06473670155
-0.2035714239
0.009189858101
-0.02485703304
-0.03391876072
-0.08893228322
0.03704144433
-0.06292370707
0.009293604642
0.007402597927
-0.1092381701
0.01284291875
-0.05332241207
0.1054242179
-0.09609364718
0.1591078639
-0.0519599542
0.1469088495
-0.03743210062
-0.1013656706
-0.06733460724
0.02406721003
0.2009880841
0.05896025151
0.09901598841
0.05832431093
0.006297495216
0.00581640983
0.06860794127
-0.05615877733
-0.06914301962
0.01100409217
-0.1532213241
0.006287344731
-0.1903673857
0.05575135723
-0.09313639253
-0.05704127997
-0.09412425011
0.1017538011
-0.003237318248
0.03026841953
0.04301197454
-0.02732039988
0.06365993619
-0.007761005312
-0.0528315343
-0.03634487092
0.2214488089
-0.1002718508
0.0795058161
0.1487077177
-5.849599256e-05
-0.0364083387
-0.05396232754
-0.01596732251
-0.1395805776
-0.1183672771
0.04888039827
-0.0815044418
0.004094648175
0.08882836252
-0.00750357192
-0.06924985349
0.09604896605
-0.1381241083
0.1189850718
-0.006882146932
-0.07721631229
-0.02905772813
-0.09347554296
0.02089590579
-0.04910956696
-0.2561143935
-0.1078289226
0.03455890343
-0.02117402479
-0.05247220397
0.04796811938
-0.09473285824
0.06253798306
-0.07374113798
-0.06029221043
-0.1239138693
-0.06833918393
-0.01501695625
0.05400026962
0.03097733855
0.05529306456
0.02725115046
-0.111102052
0.05577103421
0.09587003291
-0.1357446909
0.08509685099
-0.025812326
-0.0380692482
0.05194556713
-0.03519801795
0.1497167051
-0.2362247109
0.05311032385
0.003563985229
0.09515369684
0.04586710408
0.02809630707
0.09024897963
0.07064116001
0.02962143905
0.03180249035
0.06331682205
0.01823972352
-0.04621897638
-0.02019269764
0.0984756574
0.2188312113
0.0006621276261
0.02767494693
-0.03165549785
0.002373257652
0.04459608719
0.05041618645
0.004962547217
-0.004157226533
0.02149454504
-0.03098494187
-0.02332258224
-0.02369699441
0.0319701694
-0.1196799651
-0.1158107594
0.0210339129
-0.04381625354
0.1176930591
-0.08582407981
0.06930226833
-0.07788711041
-0.06536690891
-0.01519492175
-0.05886562541
-0.05823074654
0.1348883063
0.03643970937
-0.08360143751
0.1129516438
-0.02810992301
0.08442693949
-0.03517501801
0.02936539054
0.00193886552
0.2646430135
-0.03554496169
0.04443106428
-0.06935677677
-0.02660841122
0.01186441723
0.01459990442
-0.1612812281
0.07156436145
0.02534914203
-0.006593327969
0.1422032267
-0.1577921063
-0.04640232399
-0.02683475614
0.07673687488
-0.01307036448
0.0802224651
0.05796836317
-0.02660800517
0.07739467174
-0.05626966432
-0.1079506427
-0.0008408643771
-0.04109889641
0.1930737048
-0.008109605871
0.06943184137
0.00669174362
0.1411506236
0.07091157883
-0.1121769994
0.0691742897
0.05490944535
-0.03975299001
-0.01221138332
0.1301974058
0.07252582908
-0.04193700477
0.08914427459
-0.06391173601
-0.1120488942
-0.005149394274
-0.1725609004
-0.1520839632
0.09260734171
-0.05083843693
0.1286015809
-0.04344298318
-0.04461739585
0.1101795807
0.02115218341
-0.009345767088
-0.01118203346
0.05059752241
-0.08002527803
0.06498483568
-0.2362375706
-0.1191352457
0.04784575105
-0.1427727342
-0.03749153018
0.003160921391
0.04422482103
-0.08020833135
-0.03602817655
0.04897562042
-0.05456680804
-0.1049918234
0.02045975812
-0.03670363873
0.02997673303
0.00722814817
-0.02089223452
-0.1080402657
0.0459202081
-0.04706608877
0.07042788714
-0.137253657
0.1032007784
0.04468095675
-0.04177049175
-0.0003629597195
0.06412056834
0.07313141227
0.007704843301
0.07506411523
0.03377889097
0.02353688143
0.01448951662
-0.07705641538
-0.01370358188
0.03512403741
0.1112083197
-0.01787603647
0.1311509609
0.06681475788
0.02783756889
-0.02202629671
0.03232435137
0.0311494749
0.00899793487
-0.1428624541
0.03176898137
-0.06469404697
-0.01969439164
0.04205538332
0.06104473025
-0.0228409078
0.0761635676
0.04363418743
0.04219527915
-0.02071442269
0.02010114118
0.07715282589
0.07756853104
0.1086663082
0.02782041766
0.003972474486
0.01993509382
0.05294383317
-0.2564073801
-0.1415026933
-0.0129528204
0.08801562339
0.005366855767
0.06528420001
0.2210360616
0.03029695712
-0.1397421658
0.03853980452
0.1979169995
-0.03787624836
-0.01071854588
-0.06043102965
-0.03067185171
-0.09286355972
-0.009696300142
-0.008727529086
0.04479660094
-0.03839904815
-0.08484882861
-0.08021575958
0.004461496137
0.01910705306
-0.04348011315
-0.2425152808
-0.1284078956
-0.0001926211989
-0.1166960895
-0.08271929622
0.04211816192
0.004964964464
0.02670648694
-0.0310778264
-0.1346117854
-0.06901843846
0.07768232375
-0.02563270368
-0.1022060737
0.02140220255
-0.1519718468
-0.181730032
-0.09089621156
0.03835010156
-0.0624865666
0.1058806852
-0.03048001789
-0.1091613472
0.09412813932
0.02335022762
0.02208375186
-0.1599654108
-0.008692642674
0.1479644775
0.04253125936
0.131198734
-0.0637595281
0.02353997715
-0.077030316
-0.05509517342
-0.1468922347
-0.06330890208
-0.1722038835
0.009594722651
-0.006020884961
-0.04128253832
0.0181620121
-0.02815876342
-0.1108555421
0.0398004055
0.05752103031
0.007959047332
-0.02108133025
0.05003335699
-0.1173657998
0.03087249026
-0.03454212099
-0.03986493498
-0.00624538539
-0.09851162881
-0.02152140625
-0.1988490075
-0.01506617106
-0.04282394052
-0.1027335748
-0.05333986878
-0.006502261385
-0.02407179028
-0.02787854895
-0.1191366315
-0.04309562594
0.02996372059
-0.08494959027
-0.1143226698
0.003283667145
-0.04258662835
0.07582491636
-0.1387038976
-0.005770377815
-0.03167698905
-0.03597994894
0.04946994409
-0.08610197902
0.03179284185
-0.07740245014
-0.1030627489
-0.1704163253
0.02006276883
0.001893942244
-0.0550740324
-0.04507843778
-0.1329117119
-0.02020892873
0.0228847079
-0.01749340445
0.001315985224
-0.007392083295
0.07321935892
-0.1618514657
0.05543089658
-0.006346498616
0.0800441727
0.1041694358
0.05600591004
-0.1065424159
0.01674173959
-0.09431497753
-0.03041666001
0.0524331443
-0.1070103645
0.003688624594
0.005232706666
-0.004866919946
-0.0197467152
-0.2461566776
-0.03046261519
-0.01916782372
-0.07944478095
0.06707272679
-0.07165912539
0.08050023019
0.08591548353
-0.0583764948
0.1040593982
-0.127546981
0.08232090622
-0.09163857996
-0.06536447257
-0.03999846429
0.0251216311
0.01362292003
0.08799440414
0.06558775902
-0.0529204458
-0.006934683304
0.1674429625
0.08481637388
-0.05884417146
-0.1115439609
0.05260813609
-0.005132927094
-0.08290158957
-0.2835788727
-0.05028905347
-0.01767247543
0.01950907893
-0.01274101809
-0.04536581784
-0.0495423004
0.0725409165
0.01461242605
-0.0002236481669
0.01583758369
-0.01486977655
-0.0264955759
-0.1088192165
0.2105241269
-0.02551234514
0.07051482797
0.1229166985
0.0979109332
-0.04192729294
0.03915232792
0.0658082515
-0.02640699223
-0.1248177737
-0.07045739889
-0.1742348224
-0.03918762133
-0.04859252647
0.02445607446
0.0369803533
0.09094302356
0.004390945192
-0.00188126869
0.08807608485
0.06845334917
0.01872447133
-0.04884207621
-0.01735854149
-0.07166378945
-0.02441968396
-0.02034418099
0.07637283206
0.008278379217
-0.05066989362
-0.0610903278
-0.02542816475
-0.007965927012
0.1191123277
-0.01568758488
0.04831029475
-0.09249778837
0.09244986624
-0.0007554626209
-0.00657386845
-0.08519981802
-0.03188389912
0.02939266153
-0.02377639338
0.04541756958
-0.005747328512
-0.008411314338
-0.02446285821
0.0550300926
0.01184119936
0.01815991476
-0.02286823839
-0.02225670405
-0.006811469793
0.0753691718
-0.0278411936
-0.01517215651
-0.02161930874
0.007664479781
0.00307081081
-0.008581944741
0.02897544391
0.02361884899
-0.009097278118
0.01894869097
-0.06228377298
0.00207349658
0.0409110263
-0.04817237332
-0.03520278633
0.01940309443
0.0799985975
0.009266720153
-0.02686873078
-0.04480407014
-0.05448665842
0.03078994155
-0.07122916728
-0.03609945998
0.003034951165
0.04216733947
-0.05332152173
-0.03514540568
0.002908823313
0.02354396507
-0.02472429909
-0.0998635143
0.07030643523
0.0600261949
-0.0972750783
0.0836012587
0.09156186879
-0.07348424196
-0.1169996634
-0.2023376524
-0.03631809354
0.002297271509
0.04203982279
-0.04842975736
0.04449697584
-0.03598380461
-0.07239984721
-0.02599733323
-0.1344439983
-0.05388159305
-0.07488459349
-0.1116558537
0.01184689533
-0.06438712776
0.01562317554
-0.09431076795
0.02237441391
-0.06149305403
0.09062902629
0.1474600434
0.1067643464
-0.04116223007
-0.0104117021
-0.02180294134
0.04714988917
-0.07642885298
0.05303225294
-0.09337987751
0.09559969604
-0.03818704933
-0.001446303097
0.09657426178
-0.08720478415
0.03333027661
0.0207235869
-0.0004178464296
0.1320214421
-0.05246058851
-0.1094986126
-0.05575076863
-0.0942749083
-0.1822690219
-0.1332943738
-0.09653381258
0.05737356097
-0.04208432138
0.04939804599
-0.0455022119
-0.2545293868
0.1007689759
0.057240583
0.07098910213
0.02208812721
-0.0710728839
0.05844557285
-0.02662013099
-0.04174069315
-0.01678825356
0.01870341413
0.1364704669
0.05379720032
0.008957180195
0.05518120155
0.014187783
0.01047959086
0.01977622695
0.0617460832
-0.004974219948
0.05198818073
-0.04334853962
0.01739379391
-0.06058512256
-0.005131496582
0.001192399883
0.06928563118
-0.0397891216
-0.0526821129
0.01074191555
0.0323667191
-0.04322525859
-0.009528377093
0.001823514001
0.008806790225
-0.003401456866
0.04086534306
0.04004300013
0.01775205508
0.03919583559
-0.0092722876
-0.02416507713
0.1178541183
0.02997690998
0.008134637959
0.006177104544
0.07157628983
0.03698465228
0.08453739434
0.04948792979
0.01100520976
-0.007228044793
0.01576463506
-0.09238244593
0.04050628468
-0.005479380488
0.0620075725
0.01264913287
-0.126325354
-0.05083625764
-0.0986187607
0.007491290104
-0.008544792421
0.02304092981
-0.017806964
0.0445881933
0.02040987648
-0.05645892769
0.004280678928
-0.06095144525
-0.0493767038
0.05076923594
0.04450320825
0.03277825192
0.07522639632
-0.03012479842
0.1700217128
0.0371208936
-0.07698468864
0.07494713366
-0.1859375685
0.03421716392
0.0121919103
0.0973720178
0.06621856987
0.3221462965
0.1638631076
0.1181797311
-0.1022349149
-0.0191791933
-0.1142672226
0.1115722209
-0.07957459986
0.08006606996
0.04558273405
-0.1131085157
0.1412504762
0.07957354933
0.2066405863
-0.1569545716
0.1686264575
-0.06691781431
-0.07667284459
-0.1880436689
-0.02174155414
0.04641756415
-0.0451531671
-0.0753742978
0.1377598196
0.03840788081
-0.1135826781
-0.03192732856
0.06131476536
-0.0569967553
-0.07089090347
-0.02159954235
-0.02469478734
0.01755283773
0.08078995347
-0.2177162319
0.04336094111
0.1094048917
0.02200324461
0.1630723178
0.1068936512
-0.08677638322
-0.1981632262
0.1015359759
0.05441401526
-0.06002382189
-0.04986051098
0.01172546577
0.2013299316
0.1831138134
-0.1285241246
-0.01091982704
0.0610156171
0.06405264884
0.09389044344
-0.06036579609
0.05439803377
-0.1300240755
0.1784173399
0.1997673064
-0.1013649479
-0.03576214239
0.04655425623
-0.002556285588
-0.05545476452
-0.01817055047
0.09388273209
-0.07231094688
-0.04142447934
0.01426910609
0.0322291404
-0.0444861725
-0.07109159976
-0.1498754621
0.01794849895
-0.1035542563
-0.03704898804
-0.1056466624
-0.07029695064
0.1196682453
-0.07414429635
-0.132970646
-0.03577443957
-0.04265147075
-0.01631065086
0.03593267873
-0.06642655283
-0.07452309877
-0.009321753867
-0.02130173333
0.01156252623
-0.03267020732
0.007970976643
-0.04060895741
0.04651578888
-0.003398200031
0.05394855514
-0.07626932859
0.05360783637
-0.1250166446
-0.01197439246
-0.04972964898
0.0841628015
-0.02310313471
0.003574631643
0.1233594492
0.09731898457
-0.01302045118
-0.02962681651
0.04990410432
0.04862827435
0.08336098492
-0.06085595489
-0.03008423373
-0.08378978819
-0.02037457004
-0.09978917986
0.05081998184
-0.1427448243
0.007219303399
-0.04781924188
0.02523381449
-0.1241605282
-0.06098087132
-0.04470298812
-0.1205664575
-0.3168482482
-0.1999019384
-0.05481152982
0.01102665719
0.01571711153
0.07970289886
0.04845491797
-0.01525078528
-0.1294827014
-0.06368409842
0.01179800555
-0.02166287787
-0.067211546
0.03683362901
-0.07546280324
-0.1192627251
0.08484555781
-0.1050842777
0.02738665603
-0.1644601077
0.003619660158
-0.1624282598
-0.02851716988
-0.1733755022
-0.0600463599
0.05961227417
-0.07129091024
-0.006362490822
-0.01192350313
-0.106650427
-0.05745128542
-0.04269719124
-0.02717329562
0.02245802432
-0.03722416982
0.2334486842
0.2011288404
0.06123811007
0.08288002759
0.1647990048
-0.1351123154
0.08711005747
-0.0568007715
-0.0273119621
-0.1085624173
-0.1688819081
-0.03400390223
-0.1289210171
-0.03161701933
0.03621537238
-0.08768198639
-0.1060440168
-0.0503417775
-0.01003162563
-0.007053638343
-0.05455773696
-0.07900445163
-0.0415975973
0.04894619435
-0.001106098876
-0.01362205017
-0.01597580127
-0.01687110402
-0.01519238669
-0.1587723494
0.006466643885
0.06834522635
-0.008527212776
-0.1351747662
-0.05973326415
0.009402383119
-0.01272135414
0.005919956602
-0.001456925762
-0.04748778418
0.02068706602
-0.007283655927
0.01238584891
0.07766572386
-0.01206667442
-0.09931315482
0.0272987932
0.008266000077
-0.02050272934
0.02867450006
0.01244169474
0.01340358052
-0.03627150878
-0.03600185364
-0.01639126614
0.004733466543
0.01650250517
0.08707564324
-0.04961467534
-0.028313132
0.01431816909
0.01629455388
-0.05242361501
-0.03781243786
-0.0117718745
-0.01526515093
-0.09321726859
0.008738592267
-0.02401841804
-0.02748783492
-0.01455484238
-0.0656054318
-0.07186283916
0.003127366537
-0.08781113476
-0.0825818032
-0.01821725443
-0.05926104262
0.04921967909
-0.01772636548
0.00168786943
-0.002366475062
0.1958049536
-0.007853677496
0.130534023
0.03900567815
0.1558496654
-0.05424818024
-0.05681098625
0.04395477846
-0.0242812112
0.08287717402
-0.05868414044
-0.08387188613
-0.06105827168
-0.1197394878
0.2547055483
-0.04256110266
-0.01790926978
0.07745888084
-0.1904184222
0.1476516277
0.2041985095
-0.01154520549
0.01329306699
0.08649894595
0.07396937907
-0.01316608582
-0.1321217567
0.0124170268
0.3493415713
0.1255289167
-0.02858835459
-0.07874720544
0.108275041
-0.02160644159
0.02660742588
-0.119977057
0.1684410274
0.0218687281
0.05226795375
0.1652291864
-0.06772270799
-0.2418020517
0.1510245204
-0.2107221037
0.06926053762
-0.1070265919
0.1522181779
-0.2740853131
0.00729793543
0.004655407742
-0.05083626509
0.05957259238
0.01046467014
0.04269349575
0.09702670574
-0.04857894406
0.15282166
-0.1566742212
-0.1362665743
-0.06957708299
0.06019612774
0.1279530227
0.2171305567
-0.02409773134
-0.02021701448
0.0263214279
-0.1794139445
0.01733435877
0.0846452862
-0.02659058757
0.0700712949
-0.06087012962
-0.02455543354
0.02758534439
0.05855334178
0.06354550272
-0.0112104211
0.03058802709
0.06549564749
0.01516446471
0.0106581226
0.04701989889
-0.01612460054
0.05978272855
0.1170292795
-0.0005494545912
0.1284426898
-0.06906511635
0.03876226395
-0.05477919802
0.03939119354
-0.0468923822
0.1218931153
-0.01448539272
0.09873725474
0.081505768
0.1165051386
-0.009184549563
-0.02194496617
-0.0837296471
-0.0323542878
0.0156373214
0.04852844402
-0.03693566471
0.03920559585
-0.1820008755
0.06244476885
0.005900583696
0.0649966225
0.1347940713
0.05767197162
-0.04279660434
0.0267131608
-0.005078838672
0.04573773593
-0.006144735962
0.02195356786
-0.02464270405
-0.04152249917
-0.1279437393
-0.08619742095
-0.05059242621
0.1255811304
-0.004640578292
-0.01604148187
0.03217860311
0.0556742996
0.1148940623
-0.1350964457
0.1401993334
-0.09274513274
0.1277145743
-0.05567935854
-0.1128459573
-0.0008940314874
0.1578664035
0.04385695606
0.1443175524
0.1397291571
-0.08762909472
-0.03600557148
0.1044642925
0.09721781313
0.1136415005
0.1865031123
-0.09953813255
0.1223650277
0.05041262135
-0.09803217649
0.08683929592
-0.001674392493
-0.01557479706
-0.07037676126
-0.03823765367
-0.06989945471
0.0751696825
0.04190746322
-0.2088479698
0.03401780874
-0.01953645237
0.1517315805
0.0178138148
-0.1336727589
0.2000024915
-0.04179529101
-0.02271777578
0.02643721551
0.1050508395
-0.02358034439
0.1129862815
0.1878765076
-0.1420322359
-0.05639714003
0.07641325891
-0.1574004591
0.02408090048
-0.1416180879
0.1273902655
-0.107925877
-0.1260471046
0.01827026159
-0.04433532432
-0.03760058433
0.04169689491
0.02885448001
-0.03009435534
0.1968129277
-0.06522421539
-0.04924464226
-0.03569616377
0.1180105731
-0.1071262434
0.002145980718
0.09945362806
-0.2150711715
0.131248638
0.08483500034
0.004079251084
-0.01965642348
0.1329769939
-0.09795532376
0.08733668923
0.05662984028
0.03315029666
0.0636113584
0.03035212494
0.07961027324
0.06109978259
-0.03450259939
-0.04081467167
-0.006491358392
0.07730893046
-0.006904426962
0.0709245652
0.022586165
0.04242381454
0.02705489285
-0.009586763568
0.0005849199952
-0.006002252921
0.0280567687
0.02266304009
0.03131394088
0.03822984919
-0.006892975885
-0.04491426796
-0.006648938637
0.2023718208
0.02970111743
-0.04164971784
0.01120545063
-0.03040146641
0.09853092581
0.04866247252
0.005528633483
-0.006962342188
0.1350177079
0.01082736999
-0.06475568563
0.01013426669
-0.0088739153
0.0422296524
-0.02149396203
0.01417823043
-0.07826016843
-0.09220649302
-0.009401472285
-0.01269589644
-0.006254728418
0.01429657545
0.05561231449
0.0678133145
0.02170535363
-0.004901993554
-0.03225459158
-0.1029099077
