-0.5379966497
-0.05552407727
-0.2395094931
-0.09643233567
0.07422856987
-0.1106068864
-0.3142357469
0.005487211049
0.1807926297
-0.07464696467
-0.5101869702
-0.08569845557
-0.1746207029
-0.2657935023
-0.1677644402
0.1790796369
-0.01188179757
-0.143752858
0.09202570468
-0.01648341678
-0.2782346308
0.1346439868
-0.2288272828
-0.07872673869
-0.17944327
0.02665278688
0.3310396969
-0.2261451036
-0.1564827859
0.5695921183
0.4248028994
-0.08049470186
0.2466804832
-0.3933722973
-0.2093067914
-0.5846839547
-0.1188146248
-0.1525632441
0.2617140412
-0.2366777956
-0.1701754928
0.05060845241
-0.00794724375
0.04373659939
0.6150730252
0.009312343784
0.3329414129
-0.249185577
-0.05458110571
0.1948483288
0.0304022003
0.5330248475
-0.3507040739
-0.1098440439
0.08297647536
-0.1649256945
-0.1124716178
-0.01335874014
0.06911845505
0.1423903555
0.200605303
-0.08043960482
0.3199485242
0.08311997354
0.02058628947
0.04688104615
0.06927228719
-0.2400892079
0.08328546584
-0.1086340174
0.004063357133
0.01164701302
0.1317619979
-0.1632745266
-0.05259339511
0.06160533428
-0.04723554477
2.144019527e-05
-0.3268443644
0.2122618854
-0.3257735968
0.119950816
-0.1295564175
-0.1756709665
0.009203747846
0.04471388832
0.1775279939
0.1854276657
-0.251457274
0.01542738639
0.5620448589
0.1260228157
-0.1689085364
0.1128178537
-0.2377060056
0.1484353542
0.4466140866
0.2894047797
0.2588423491
-0.1185391024
-0.009625580162
0.4468315542
0.04849535972
0.03885408491
0.05485488474
0.03400015831
0.0208419282
-0.299374938
0.07801947743
0.02895576879
-0.2205317914
-0.1649205536
0.1778387576
-0.284239918
0.1652498692
0.1121750697
0.07815293223
-0.329983443
0.09539213032
-0.09427863359
-0.07841520756
0.4203932583
-0.08983974904
-0.1797011942
0.3439972401
0.2009138018
-0.367690742
-0.07642254233
0.04915706813
-0.1427855343
-0.2179993838
-0.1492325366
-0.1548539698
0.04656283185
-0.02754068188
-0.1749335527
-0.0655490309
-0.1654568613
-0.1689104438
0.02948560566
0.08202706277
0.2002052516
0.2434389889
0.1960912794
-0.1455607861
0.261235714
-0.3092242479
0.3726050854
-0.07587159425
0.4304200709
0.3599517047
-0.3453884721
-0.1798103452
0.09443236887
0.2303441763
-0.1362812668
0.07775445282
0.4009696543
0.04868221283
0.06258314848
0.2141152024
-0.05431529135
-0.006740975194
0.1141209975
-0.1560363621
0.1642373055
0.1128491536
0.02445107885
-0.22439228
-0.0113542201
0.01530991774
-0.1540174633
0.001465457259
6.307949661e-06
0.1082638055
-0.108511284
-0.02435162105
-0.1462046802
-0.002445391612
-0.1575812101
0.1205508634
0.1108055636
0.1032034308
-0.1441352665
0.05859440193
-0.2194883525
0.2971338928
-0.2418758273
-0.06741160899
-0.1208555177
-0.2162984014
-0.2644253671
0.06562509388
0.4115475118
-0.2387833297
-0.08637594432
-0.1544555426
-0.1349278688
-0.6330396533
-0.03745008633
-0.3063386381
-0.4909626544
-0.07374429703
0.1129056066
0.1395716071
-0.08809854835
-0.05725946277
0.2132911384
0.03734917566
0.4416207373
-0.01603383012
0.07946477085
0.1961103678
0.2857730687
-0.3228193223
0.1413338333
0.07273058593
-0.05975005031
-0.02105757222
0.1542208046
0.1298953295
-0.3448129296
-0.07569664717
0.3756687045
-0.4947396815
0.4714519978
0.2332590669
0.3645588756
-0.0105265649
0.470053196
-0.4594720602
0.05168284848
0.01565987989
-0.1203257367
0.2159129828
-0.152645871
-0.1859455258
0.1927908212
0.194981724
0.2237946391
-0.176110819
0.1134453565
0.3947206438
0.3188226521
0.3107738197
-0.1245937124
-0.02453794889
-0.04946929961
-0.009329384193
0.2031144202
0.2724418938
-0.04453792423
-0.05459148437
0.3306542933
0.1607556641
0.4809628427
0.2826594412
-0.04097438231
0.1308513582
0.1798563153
-0.1159179136
0.2132360935
0.02726802416
0.2310326844
-0.1372442544
-0.08478418738
0.04731801897
-0.099412404
0.07632370293
-0.3029561639
-0.1725201458
0.2018603832
0.01570573449
0.2025891542
0.3234979808
0.05413487926
0.3324969709
-0.1513036042
0.3189778626
0.2091939002
0.1512123942
-0.1036753431
-0.0411952436
0.07011070102
-0.1856404692
0.208509028
-0.09231688827
-0.06784302741
0.09311807901
0.0274713058
-0.1382905245
0.09496661276
0.162386328
0.04856991023
0.09951879829
0.0501944311
0.002598012099
0.03408943862
0.1130168065
-0.06788965315
-0.03637913987
-0.04572021961
-0.01293726452
-0.05108149722
-0.04302336276
-0.00789579656
0.1003705263
0.08416885883
-0.1510648876
0.06629993767
-0.1632706225
0.06751734763
-0.05449002609
0.02842176892
-0.01723177731
-0.04196329415
-0.0643677488
-0.05134666711
0.09485021234
0.01601420902
0.1309362203
0.533809185
-0.3628361225
-0.3851662576
0.05348879844
0.1926232874
-0.3666393459
0.02380615473
0.2189108729
-0.3722626269
0.1149833724
-0.186966151
-0.113144204
-0.4014944732
0.001357392524
-0.01628036797
0.03539865464
-0.1208876073
0.02784513682
0.4057497978
0.4679641724
-0.4614651501
-0.05282690004
0.2062158585
0.01439749822
-0.0002114919189
0.05487016588
-0.03668668866
-0.09108158946
-0.268320322
-0.1241265088
0.1725930423
-0.09835356474
-0.2352632582
0.2034410387
-0.2286484689
-0.1038628891
-0.0006352776545
0.2271228731
0.04117674381
-0.2016713172
0.04728484899
-0.1758078188
0.002002090914
0.1744972169
0.4148425758
-0.1070046648
-0.03227561712
0.007584792096
0.1882674098
0.01545483246
0.1447671801
0.08122637868
-0.2525392175
0.2546576858
0.1227616742
0.008067614399
0.03779614717
0.00450301636
0.123708725
-0.04136199132
-0.142403841
0.08194062859
0.1845804304
0.05926926434
0.1023785546
-0.128754288
0.01326236315
-0.02486388572
-0.4187732041
0.1730734259
0.1294680834
-0.04944860935
0.07967539132
-0.03197401389
-0.4424688518
0.2825781107
0.07464512438
-0.2606294453
0.0751003176
-0.05383662879
-0.02613232844
0.08611964434
0.2447649837
0.212996304
-0.2477815002
-0.2776117623
0.1717318743
0.07961056381
-0.1936872303
-0.1935071647
-0.2001833171
0.1628962755
-0.1977637261
-0.1676750183
0.1399927139
-0.1882389486
-0.04646551237
-0.02664404549
-0.5515765548
0.2996999621
0.2916991711
0.2312033474
-0.07932326943
-0.1242785677
-0.007607453968
-0.08637744188
-0.3434180319
-0.3376982212
0.1853017062
0.2975381017
0.07490742207
0.201419875
0.3637875319
-0.05446078256
-0.1153643504
0.05210613832
0.04408687726
0.1830527782
-0.176759541
0.04553303868
0.01768222637
0.2391571403
0.08656796813
0.1440079212
0.1363102496
-0.2130066007
0.2273679823
-0.08431578428
0.00532814255
-0.2368699759
0.3273013532
-0.06353897601
0.3928002119
-0.2560883164
-0.2970640361
0.154455021
0.4928101301
0.2026534379
-0.08873642236
0.06208124012
-0.001621296862
0.03266183659
0.03097488172
-0.2151065469
-0.2589168251
0.09727365524
-0.1623873413
0.1940683126
-0.1056929231
-0.1037040502
0.009484020062
0.2261599451
-0.06255004555
0.1834437102
-0.4772178531
-0.487434566
-0.08518596739
0.3705541193
-0.2777188718
0.1447948962
0.1343978494
0.1913688034
-0.2570801973
0.4891724885
-0.004379633814
-0.2184949219
-0.001368793659
0.279133141
0.2190479487
-0.1650178432
0.1940876693
-0.2974455953
0.1076748297
0.5087955594
0.3823207319
0.3040925562
-0.3447843492
-0.1329522282
-0.08061955124
0.04064974561
-0.1352374554
0.01251369994
0.1352725774
-0.1082555875
-0.126284942
-0.02621494606
-0.01477569155
-0.4236449897
0.1846080273
0.2305737883
-0.1190828234
