-0.1323443055
-0.07001304626
0.02365195751
-0.01041163784
0.0378058143
0.02174681611
0.05962029472
-0.1211201251
-0.07241188735
-0.04895438999
-0.05496742204
0.05290548131
-0.0001130762466
-0.1944752783
-0.0259815231
0.008199515752
0.1388470531
-0.05969011784
0.09888861328
0.05510080978
0.1230444461
-0.07636705041
-0.02100823447
0.1290113628
0.04911558703
-0.005856094416
-0.0408933349
-0.004127687309
0.0814569369
-0.07291814685
0.007782078814
0.02360748313
-0.01608165912
0.005888717715
0.0508505255
-0.005453418475
0.01621566713
0.137769267
0.0167422574
-0.01547414064
0.06168667227
0.09396252036
-0.1188469082
0.008830930106
0.02090566792
-0.0303725265
0.09046330303
0.1584493369
-0.03172085062
-0.05622287467
-0.1443278193
0.03488912433
-0.05634048581
0.05414333567
0.07949952781
0.02625433914
0.05355295539
0.1632108092
0.0673982054
0.1195914522
-0.02142006345
0.05605039001
0.06258698553
-0.07200406492
0.05074794218
0.006750481669
0.08081665635
-0.04062641412
-0.1157721803
-0.03812402487
0.01271197014
0.008026989177
0.02796750329
-0.004594663158
-0.03042736277
-0.004966245964
-0.002179445466
-0.05124643072
-0.005426354241
-0.04833159968
0.04190016165
0.01366123743
0.08776221424
0.0455021821
0.124151282
-0.04502652958
-0.02304860577
0.0410117805
-0.01617103629
0.04230968282
-0.05938880518
-0.0334401913
0.1240637228
0.07879716903
0.03233831748
-0.02107044123
-0.07213295251
0.02318592742
0.05487920344
-0.05113463104
-0.01218896545
0.04841145501
-0.04600840434
0.006419488229
-0.0223213695
-0.05266441777
-0.0404561162
0.0295275636
-0.02254273184
-0.04531146958
0.1070013717
-0.03877468035
0.1044174433
0.02558443695
0.01094984543
-0.01647352427
-0.004856035579
0.05346925929
0.07834224403
0.04387021437
0.04169086367
0.06712801009
0.008159196936
0.03724854439
-0.09347387403
0.05626830831
0.01125644706
0.03490309045
0.04341146722
0.05677660182
-0.007338680793
0.01025126595
0.01796205528
-0.007143597584
-0.0152922757
0.07121834904
0.02028051019
0.01744355261
0.03959721327
-0.03280010074
-0.02504755743
0.05951378122
-0.003809954505
-0.008821386844
-0.06073922291
0.02455013804
-0.05526231602
-0.04827631637
-0.04689753056
-0.02419509925
0.09727118164
-0.08479481936
-0.01044587698
0.01347069722
0.0445138365
0.03881956637
-0.09157122672
0.03233509138
-0.03393306956
-0.01243079547
0.002831845544
-0.01106443815
-0.01710602641
0.00350527768
-0.0002037722734
-0.07938251644
0.03785634413
-0.02727492899
-0.03659659997
-0.03526639566
0.1004864126
-0.009159748442
-0.02622824162
0.0202338025
-0.06006572768
-0.0619732812
0.0392062217
0.03399943188
0.1050931513
-0.004805225879
0.02727609873
-0.02141300589
-0.03334689513
-0.009973766282
-0.01592901349
-0.07488781214
-0.03389618918
-0.05559211969
0.0139311878
-0.07748906314
-0.06731397659
-0.02551172487
-0.02661759965
-0.00295516802
-0.04493633285
0.01252068393
0.0879234001
0.004614430945
0.00234273728
-0.000915910292
-0.0227851104
0.009284777567
0.0115992967
0.02423783578
0.002251800615
0.03348438442
0.01789754815
0.02401991189
-0.02737469599
-0.007603056729
-0.0246992372
-0.02840843983
-0.06015858427
0.02181143314
0.03398609161
-0.03026227653
0.008300241083
-0.01986547187
0.03416111693
0.03678621352
-0.05973111466
-0.03810045496
-0.02128604986
0.0087078223
0.03972564265
-0.01381201111
-0.02210056409
0.05255977809
0.01275028288
-0.02745422535
0.04172090814
0.0213998612
0.002117842901
0.03448937833
0.03590378165
-0.01556135435
0.02569930069
0.02318470739
-0.04966522008
0.01138343662
-0.05759868771
-0.02263979241
-0.008967448026
0.01048791688
0.01453395933
-0.0344716683
-0.05040094629
-0.02186139859
-0.006838873029
-0.03738396615
-0.004130145535
0.0017180047
0.04178761318
-0.03203115985
-0.00866662059
-0.001308761886
-0.04538589343
-0.03729569539
0.00140950724
-0.005697171204
0.009987284429
0.01684012264
0.004973657429
-0.04778488725
-0.006200192962
-0.018810587
-0.01559582166
0.03103913181
0.005117170978
-0.08805063367
-0.009354406036
0.01511023473
0.04918183386
-0.02263207734
0.05032044649
0.03699767962
0.07039838284
-0.00787174888
-0.04948545992
0.06052144244
0.01368131861
-0.007529616356
0.002391404472
8.047477604e-05
0.003147738753
-0.0258739125
0.01853656769
0.01230560243
0.01126276515
-0.003964533564
0.01750551909
0.006679679267
0.002394057577
0.08193015307
-0.01468450204
-0.001368093421
0.03025211394
0.04531442747
-0.08844979852
0.006584455725
0.01538040116
-0.007023596205
0.04618265107
0.08247108012
0.003317040158
-0.02165112644
-0.08253248781
0.007739129476
-0.03647574782
0.04363914579
0.02620735392
0.009511210956
0.03561173379
0.08594923466
0.02695840225
0.05033927411
-0.008719455451
0.04820096865
0.04075747356
0.0007657002425
0.02607366443
0.002463286743
0.03158567846
-0.013661501
-0.07284407318
-0.008129997179
0.0005089762853
0.002893248806
0.01776006445
0.001515929471
-0.008924888447
0.002410479356
-0.001350801671
-0.01622202992
-0.008433813229
-0.006792580709
0.01900167018
0.006070277188
0.02562661655
0.02131864987
0.05767923966
-0.01761029474
-0.0151553601
0.01998732798
-0.01057060808
0.01529291458
-0.02655949257
-0.02084071934
0.05810123309
0.02877927572
0.01634622365
-0.009669228457
-0.02268706448
0.01083594374
0.01615096815
-0.03140056506
-0.008571567945
0.02351223305
-0.02591461129
-0.01813892648
-0.005389652215
-0.02564676479
-0.02477283962
0.009531470016
-0.009223117493
-0.01852155477
0.05691093951
-0.01204139646
0.05285094678
0.01594468951
0.005613953806
0.0003037516144
-0.004299355671
0.03768357635
0.03808988258
0.01287257206
0.009625530802
0.03215803206
0.004589712713
0.01031092461
-0.03370055184
0.02659121342
0.008081071079
0.008275702596
-0.02149790712
-0.03622504324
0.001096544089
-0.005742861889
-0.001099345041
0.01381164975
0.008252614178
-0.04698387533
-0.007659453433
-0.01795860007
-0.0148034133
0.02698384039
0.007117432076
-0.07497917861
-0.004474923946
0.01141043659
0.04744026065
-0.02117414959
0.04517380148
0.03553446382
0.05640159175
0.001536028809
-0.03791077062
0.06349866837
0.01212388743
-0.007029545493
0.004261510912
-0.007397210691
0.06779867411
-0.02705073357
0.01884507015
0.009875008836
0.006358096842
-0.004047339316
0.01667414419
0.002213809406
0.001490620431
0.07146384567
0.001908392645
0.001490451861
0.02865095623
0.04544365779
-0.07731617242
0.005349399056
0.01898685656
-0.007521444932
0.0526869446
0.07156348974
0.001270635054
-0.02180266194
-0.07677817345
0.004319676664
-0.05188780278
0.02877734974
0.02396485209
0.008240670897
0.03451524675
0.07787776738
0.02643113956
0.04799756408
-0.01119036414
0.04488423467
0.0403255932
-0.004915309139
0.0246912688
0.002333150944
0.02738190815
-0.009344084188
-0.07326163352
-0.005918947048
0.002585404087
0.002549765632
0.0160362348
-0.001581381075
-0.007106184494
-0.01284472644
-0.002292109886
-0.01853439212
-0.01252921298
-0.01281083096
0.01976466551
0.006707865745
0.01857595518
0.02166292071
0.05982356891
-0.01974267699
-0.0155147519
0.02122471854
-0.01036290731
0.01469848771
-0.02567070723
-0.02725854144
0.05586346984
0.02757371031
0.01659028232
-0.009534974582
-0.02486802824
0.01063281577
0.01567241177
-0.04064529389
-0.01114854869
0.02333145402
-0.02454388887
-0.02051570639
-0.004702911247
-0.02639361098
-0.02345822938
0.01000934746
-0.01267245319
-0.01639716886
0.05412900075
-0.01106822025
0.05034166202
0.01653993502
0.006264950149
-0.0007944953977
-0.002094165888
0.03562536463
0.03616135567
0.01239818893
0.003224568442
0.03152434155
-0.0004719746066
0.001570083085
-0.03234469891
0.02583171055
0.00777420681
0.007946439087
-0.0912758559
0.03771025315
0.002720332937
0.03429538384
-0.09790697694
0.07726693153
-0.07595540583
-0.02764848992
-0.007925523445
0.01257511228
0.03063580394
0.08539982885
-0.02521390654
-0.1963707507
-0.06814704835
0.05148554593
0.08661025763
-0.01635519601
0.05435306579
0.02550520748
0.02022293769
-0.1148224324
-0.1769402921
-0.03910485655
0.09067375213
-0.02064001001
-0.2207099944
0.01624924317
-0.07400336117
0.02053831331
0.05012946576
0.06346290559
0.07954927534
0.02963126078
-0.01556456741
0.01066859253
0.0671877563
0.176478982
-0.2309540361
-0.0804965049
0.1274072081
-0.001352372812
-0.2098958194
0.02718195878
-0.0129853934
-0.0274367556
-0.02499086596
0.04080533981
0.09754630923
0.0314331986
-0.04655637592
0.07189304382
-0.1710864902
0.05813710019
0.02900542319
0.02722501196
0.02768754214
0.1818092018
0.07275416702
0.01684364676
-0.02633870579
0.05034213141
0.04020606726
-0.1146567613
0.008769614622
0.01390650682
0.03366084397
-0.02527522855
0.006918284576
0.008404335938
-0.04783059657
0.02253071591
0.02318932302
0.0400483422
-0.008673152886
0.04400275648
0.01918035001
-0.001523136743
0.063740924
0.01505508274
-0.0143456338
-0.02063970082
0.05661381409
-0.002572288737
-0.01824630611
0.01015035622
-0.02785714529
-0.004842997529
-0.002417681506
-0.008974981494
-0.02807211131
0.0008723177598
-0.01302363817
-0.001181629836
-0.004873787519
-0.003547686152
0.03246546909
-0.01886690222
0.005841254257
0.07139855623
0.04223737493
-0.005736549385
-0.07103366405
0.005032155197
-0.01050319802
0.006910263561
-0.03922790289
-0.006616572384
0.03064856306
-0.0130253341
0.02515125461
-0.002821953036
0.0270955842
0.02584397607
6.891134399e-05
0.004286721349
-0.05187518895
0.08212979138
0.02443222515
0.01274983305
0.06389702857
0.01737369224
0.04893545434
0.06084826216
-0.008026610129
0.01173740812
-0.006972215138
-0.02660799585
0.003196562873
0.003178038867
0.0001226687746
0.002313133562
-0.004397905432
-0.0008469285676
0.003994083032
-0.0005752375
-0.003687121673
0.005560159218
-0.001407126547
0.00127848296
-0.005345878657
3.321748227e-05
-0.004376461729
-0.001988435863
-0.001299198018
-4.616620936e-05
-0.000399401586
-0.002052294323
0.000683539256
-0.004958214238
0.01331895217
-0.005720309447
-0.0007546031848
0.0009247204871
-0.001169996336
-0.003201253014
0.001339527313
0.004111746792
0.002288459102
0.000375732081
-0.001653677435
0.007271209266
0.0003540989128
-0.0014471045
-0.001404664246
0.002050656127
0.008495650254
-0.006101415493
-0.003088213503
-0.004600352142
0.002738238778
0.001276276307
-0.00216794177
-0.0009387086029
0.005104831886
-0.008722605184
0.00597222941
0.0004308636417
0.006324322894
0.002794044558
-0.002916667843
0.00347738713
0.001387081691
-0.001823077328
-0.004170594737
0.001493891119
0.002797095338
0.0007549755974
0.000133225476
-0.0006367613678
-0.001277519041
-0.007159932517
-0.0005146000767
-0.0002411164605
-0.0012420126
0.003636424663
-0.0008020861424
0.0009958471637
-0.001507907291
-0.004640972707
-0.001455713529
0.003167100251
-0.000330337818
0.0006655158359
1.326302481e-06
-0.0002862498222
-0.00324253086
-0.0005550511414
-0.0006506441277
-0.001541130128
0.004556030501
-6.274916086e-05
-0.002856432227
-0.001807718189
-0.00205262634
-0.005328397732
0.0004464358499
-0.0007021146594
-0.0005217667203
0.001061736722
-0.001153531135
-0.000673474744
-0.0003639382485
0.001302888501
0.003331973217
-0.0009917184943
-0.003609998384
0.002465368016
-6.087130714e-06
-0.0003325705184
-0.001459832885
-0.001064421609
-0.0005116440007
0.001440282562
-0.0006949906237
0.0004248718033
-0.003482467262
0.001684428309
-0.001538687269
-0.0005766255781
-0.0005396271008
0.0005625094636
0.0007718582638
0.002259703353
-0.003337302012
-0.0007880631601
0.0001359986636
-0.003081069794
0.002399114193
-0.0004096999764
0.003686663462
0.0110401893
0.001734120888
-0.0004733027308
-0.001275650691
-0.001669936115
-0.03764627874
-0.1805062741
0.007418753579
-0.06825012714
0.1086352095
0.05458968505
0.0261931587
-0.1403440982
-0.0758799687
-0.1103802994
-0.01802266203
0.05914932862
0.1257179826
-0.09308828413
0.04273918271
0.08919087052
0.1581783891
-0.06027438492
0.07235329598
0.05745863542
0.1846669912
0.2075747401
0.05559583008
0.08413851261
0.06261477619
0.03236605227
0.07370910794
0.09754477441
-0.1212806031
-0.2181784958
0.01285722665
0.009037001058
0.08843702078
-0.02614620887
0.01045921911
-0.05546075851
-0.05373106524
0.02459878661
0.01651528291
0.0845650211
0.01848471723
0.08591520786
-0.01880961657
-0.02165527269
0.02942350693
0.04361920431
0.00125321676
0.1469846219
-0.2481099516
-0.1288241446
-0.1968644857
0.03504338861
0.1221062392
0.1323046237
0.06113503873
0.007131801452
0.1306301951
-0.04572573304
0.008702440187
0.008610454388
0.00658296328
0.01389478333
-0.02176153846
0.1508475095
0.03190812096
-0.008562372066
0.08903627098
-0.03765655681
-0.1058550179
-0.04221344367
-0.01448239665
0.03122821078
0.0446709767
-0.001989166718
-0.0205395706
0.1131271496
-0.02724966779
-0.1248745099
-0.04113504291
-0.1386996806
0.04253905267
0.01663694158
0.1030891538
0.0766511634
0.05764155462
-0.07217671722
-0.07012216002
0.05679182336
-0.01082214341
0.05583142862
-0.09009618312
0.07689826936
0.1280409694
0.08625905961
0.03101089969
-0.01291594282
-0.1003376991
0.02877349406
0.04101003334
-0.01269341726
-0.02460234985
0.04412780702
-0.07434654236
0.02868483588
-0.03194879368
0.06920378655
-0.07123439014
0.01630744338
0.03198031709
-0.04482267797
0.06142739952
-0.03380813077
0.09534089267
0.01956132799
0.02261875756
-0.00283173495
-0.0621300377
-0.01801386289
0.05548153818
0.04869781435
-0.03451358527
0.05081593618
-0.02317227609
0.02010293119
-0.1073275506
0.04158597812
0.007722075563
0.02127426863
-0.04103395343
-0.05475679785
-0.009798482992
0.01522264816
-0.114201799
0.04252025485
-0.05674490333
-0.04787357524
0.05678345636
0.009506542236
-0.01625209302
0.1167819202
-0.006453084759
-0.103602156
-0.0127521744
0.05423101783
0.02884464152
0.05201546848
0.1037230343
0.05697103217
0.04501391947
0.001466933638
-0.2437128723
0.03721392155
0.06699378043
-0.02017768472
-0.1888603121
-0.1196471974
-0.01787039824
0.0353458561
0.02053847909
0.04948475584
-0.002152472036
0.04245610908
0.06269667298
0.03538809344
0.06377860904
0.04873250797
-0.1361029595
-0.03895891458
0.04126030207
0.003206917783
-0.220778212
0.007361935452
0.02429511026
-0.03196265921
0.07225726545
-0.04284876212
0.03423704207
-0.02325023338
-0.1084510908
0.05658265948
-0.134400025
0.02134397998
0.04891553894
0.02807517909
0.0801499635
0.1928873956
-0.03096745722
-0.02603214607
0.06010929123
0.07070250809
0.06617490947
-0.1512130499
0.01339146681
0.003630917519
0.02019600756
-0.03004751913
-0.03614030406
0.002855655504
-0.02789259888
-0.01580335759
0.02125455998
0.0116510177
-0.006254762411
0.06010203809
0.01250179298
0.00228980463
0.01917772926
0.02029355802
-0.004090309609
-0.007548719645
0.03168155998
0.01619492285
-0.005102086812
0.001588108484
-0.01434903964
0.006529793143
-0.004838568624
-0.004528504796
-0.02085836232
-0.01296418533
0.008120431565
0.002910105977
-0.001021582284
-0.006703543011
-0.0124446461
-0.007351648994
0.009421321563
0.02357792668
0.01250776462
0.0002416614152
-0.05836608633
-0.004891975783
6.040131484e-05
0.01522199623
-0.041432634
0.001101448899
0.01918279007
-0.02976300567
0.03750328347
0.007556295022
0.02881443501
0.01381262392
-0.01244959328
-0.006316598039
-0.03849040344
0.08156627417
0.0156109482
0.0166111961
0.04834051803
0.02086028829
0.003711649915
0.03050331585
-0.01283475384
0.01691080257
0.00483875908
-0.01110003423
-0.004751137458
-0.007590086665
-0.001638509799
-0.003183346707
0.008922450244
0.006605256815
-0.006366583984
-0.003904875135
0.004854737315
-0.006248961203
0.001567295752
-0.001172830933
0.00589963235
-0.01188051514
0.002821127418
0.002910858253
0.005048372783
-0.003788288683
-0.0002332450531
0.003031913191
0.01299289335
0.001420769491
-0.006721580867
0.00732397614
0.0009299636004
-0.001661952818
0.003183950204
0.002009831136
0.004548973404
-0.008215787821
0.0006149357068
0.0004743921454
0.002273533959
-0.01076337323
-0.007753766607
0.001973430626
-0.002859501634
0.00361097767
-0.009092632681
0.0005573605886
0.006005210336
0.009210587479
-0.004608717281
-0.00110674405
0.002771326108
0.002267094329
0.0007250444032
0.0154767381
-0.004458293784
-0.0008239463205
-0.01669272408
-0.004676938988
-0.007109909784
0.001514243311
-0.001876300666
0.003384461626
0.007532083895
0.006269750651
-0.00053759804
0.001383175026
0.0007085651741
0.001402805676
0.006519605871
-0.004257080145
0.002881992841
6.433048111e-05
-0.001208513975
-0.003306975821
-0.007058111019
-0.001027154853
0.004264356103
0.001159601845
0.0002479118702
-0.006126347464
0.00125180243
0.003682799404
-0.0006415155949
-0.001284590806
-0.003726114519
0.003069785656
0.002911305055
0.002572439378
-0.007917610928
0.002543991199
0.007674566004
-0.002489918377
0.002933711745
0.00551516423
0.0001286025654
0.003650471801
-0.0005446961732
-0.00336236367
0.00534147257
0.002626386704
0.001516369637
-0.003045529127
-0.006206113379
0.001890042913
0.001732752542
-0.009589667432
-0.005146497861
0.002229759004
0.002410373883
-0.006249513477
0.001284862636
-0.002986575477
7.95005617e-05
-0.0005484471912
0.003211673582
-0.001021706616
0.005288829096
0.0008489369066
0.00419853488
-5.29111785e-05
-0.00179646106
-0.0009504036279
0.001776999561
0.00375978183
0.002940351143
0.002352081938
-0.006833443418
0.002690805355
-0.00492921751
-0.009214036167
-0.003363099415
0.002530758735
0.001934104599
0.0003362827119
-0.001727402909
-0.01414485648
-0.004687659908
-0.001332910382
-0.008031331003
0.00602219766
0.009799332358
-0.014486311
0.0001825741783
0.0008270561812
-0.005259079859
0.002712432528
0.003350525163
-0.009864080697
-0.009884033352
-0.000813137216
0.004735089373
-0.00228355173
0.01403830387
0.008675194345
0.02399811521
0.00648785755
-0.000143060257
0.007647672668
-0.004594427068
-0.002706245519
-0.002476013731
-0.01850980893
0.01924978569
-0.001730967662
0.006851122715
0.0001915445901
0.002286627656
0.01020571589
0.01242346223
-0.002201175783
0.006775175687
0.01382073108
0.0008318715263
-0.004241598304
0.002231776249
0.001299163676
-0.01652878337
0.001757400227
0.01064623706
-0.004679069854
0.02763717622
-0.001020955388
0.0004719083372
-0.007699668873
-0.02386493236
-0.002849599114
0.008347169496
0.01791649684
0.006314984057
-0.0001216370656
0.004303803667
0.009376937523
0.005752888974
0.002592332894
0.001724605681
0.01192099135
0.01489658188
0.0119160926
0.005911892746
0.0008883778937
-0.001794300624
-0.004784675781
-0.03093064763
2.897053128e-05
-5.416943532e-05
-0.0116385771
-0.002450877102
-0.005493686069
-0.0005576337571
-0.007975830697
-0.00230344967
-0.001056791982
-0.01580409706
-0.008493185043
0.003617969342
0.001349800266
0.00841992721
0.008575362153
0.006273058709
-0.01012470387
-0.0001639391994
0.005790376104
0.0006610305281
0.001602273667
-0.002051113639
-0.01169622596
0.01269595604
0.004076322541
0.004892810713
-0.004885471426
-0.005880467128
0.002465532394
0.003582942532
-0.009585352615
0.0006789235049
0.004890159238
-0.0005667975638
-0.00805748906
0.003423559945
0.0003810555791
-0.005083408672
0.002334121382
-0.004109584261
-0.001449734671
0.009239875712
-7.673708751e-06
0.008719069883
0.0005523409345
0.0005882334663
0.0006130984402
-0.008658630773
0.01000031084
0.01331865322
-0.001677632099
0.004620034248
0.005292599089
-0.0002331487631
0.01293422282
-0.004030962009
0.007000651211
0.002422058024
0.006411311682
-0.002290242584
-0.003179865656
-0.0006396120298
-0.001619119663
0.005100714508
0.0008886915748
-0.005699076224
0.0001488355483
0.002479099669
-0.004666056484
0.00138325966
-0.001776564168
0.002512280131
-0.0004757480638
0.004083732609
0.001355441287
0.001637132838
0.0004417067685
-0.001238518627
0.002079919679
0.008975853212
0.0002621586318
-0.006442376878
0.003882896388
0.001236260054
-0.0006412952207
0.004073353484
0.002599740634
-0.0091985045
-0.004210469779
-0.001169131952
-0.0002067766327
-0.0001370688697
-0.0094898073
-0.004888830706
0.0003288837906
-0.0005627765204
-0.002309509786
-0.008350322954
0.003867135616
0.002454140456
0.003068556776
0.000704771548
-0.001206554356
0.001672310871
0.0009787918534
-0.005625494756
0.006234695204
-0.004603520036
0.000336361496
-0.00571736088
-0.00236743968
-0.003540811827
-0.003133725841
-0.002793351887
0.001805363921
0.00327290385
-0.0005524238804
-0.003981932532
-0.000670233625
0.0003050901869
-0.0019644727
0.0005050603068
0.00205551507
0.0006297035143
7.785231719e-05
0.0005007414729
-0.00219234731
0.003259188496
-0.0005282398197
0.001734848716
0.002661532024
-0.0002329244599
-0.003662594128
0.001020139549
-0.00112487888
-1.404884824e-05
8.017796063e-05
0.002023927169
0.002547431737
0.0008875929634
0.001551003312
-0.005936841946
9.446370677e-05
0.002531653969
0.0002793443564
0.002130666515
0.003337665694
7.755100341e-06
0.001806490822
0.0004026238457
-0.001338964794
0.001096680411
0.0009877714328
0.0004884937662
-0.001210014685
-0.003453006968
0.0009712254978
0.001369158272
-0.003511307063
-0.001370544429
0.0004954037722
0.001845233492
-0.0004897915642
0.0004650291521
-0.001508866902
0.001258568373
-0.0004507998819
0.002984429477
-0.0006695323973
0.001373201958
0.0009013569797
0.0006474780967
-0.0003022977035
-0.001052155974
-0.001321698423
0.002507723635
0.0007077220362
-0.001165089081
0.002279226668
-0.00462821871
0.0006219070638
-0.003989739809
-0.009768215939
-0.00128043408
0.0007207641611
0.001233371557
0.0002919176186
-0.001737866551
1.243970473e-06
-0.0001465464302
-0.0005704999203
0.005063453224
-0.0008712601266
-0.004574650433
0.002954633208
0.001993007259
-0.003789392067
0.00241580978
-0.001448313706
-0.0008734227158
0.004398853984
0.005702684168
0.001770555624
-0.0001190295952
0.002162494464
-0.004791001324
-0.00125913939
-0.00906068366
-0.001698174514
-0.002947347471
0.003394589527
0.001316412934
-0.0004337535356
-0.001994413789
0.005074955523
-0.007418544497
-0.002632992808
-0.001589434221
0.0001011924833
-0.0004326163034
-0.01046013925
-0.005404524505
-3.060771633e-05
-0.0005068141036
-0.004858549219
-0.002587976167
0.003928949125
0.001347130747
0.002381129656
0.005658125971
-0.001188870403
0.001070832717
0.001803217921
-0.01183865964
0.001965977019
-0.003119802568
0.001610318548
2.595122169e-05
-0.0006903044414
-0.0006620271015
-0.009233138524
-0.003332339227
0.001617063652
0.002308932832
-0.002763892757
-0.005053184461
-0.001920133131
-0.0002127989283
-0.003263114952
-0.001573837362
-0.004374089185
-0.0003663953103
9.948242223e-05
0.0004457287141
0.0003358259273
0.01154222433
7.720053691e-05
0.00124415569
0.003894287394
-0.0005679146852
-0.002800534014
0.001707167714
0.001337622874
0.0002162576275
0.001587135834
0.005083106924
0.006413872354
0.0003389522317
0.001789342146
-0.006746890489
-0.001242782222
0.001765843248
0.002987377811
0.002631709911
0.002586812247
-0.0006345594884
0.001258153119
0.001860533259
0.00384844956
-0.001070074737
0.0006430862122
-3.560097866e-06
0.0009608629625
-0.001797046862
0.0009668391431
-4.118376091e-05
-0.001869996311
0.000169325489
-0.0001028315164
0.002019142266
0.0005804088432
1.098681696e-05
-0.003078650218
0.002964425134
-0.000235382744
0.003744710702
-0.0001823947387
-6.491405657e-05
0.001376074157
-0.00106413383
0.000344073138
-0.00152559008
-0.00145504286
0.005517911632
-0.000909998198
-0.003083307995
0.00162710622
-0.005959575064
-0.0001010842243
-0.000699115335
-0.01064195763
-0.001083032577
-4.372318654e-05
0.00135590299
-9.347340529e-05
-0.0007115292829
-0.005229851697
-0.001356287161
-0.0003239271464
-0.005326314364
-0.001682892093
0.008897395805
-0.006464354694
-0.005059042014
0.001626567682
-0.005967702717
0.001269806642
0.002794320462
-0.001659866655
-0.006257135421
-0.002064371482
0.001585141988
-0.001754152938
0.01162014436
0.00378600345
0.01084319036
0.004885823932
0.001676715096
0.002079755301
-0.001655671629
-0.0008701621555
0.0005280816695
-0.01048767474
0.01254456118
0.0001473552402
0.0021962272
-0.0001976523927
-0.001524700318
0.00678014243
0.005836992059
-0.002964918036
0.0006484994665
0.005681611598
-0.001056446694
0.0002256231091
-0.001182702486
-0.002182675293
-0.005542741157
0.0007861451595
0.002026383532
-0.003677891567
0.01430572011
-0.008936409838
-0.0007801906322
-0.003720660927
-0.006866560783
-0.001157505205
0.01156375837
0.007925678045
0.002696307376
-0.001056385925
-0.001012077555
0.00102916325
0.003308337647
0.00179835991
-0.0003329408064
0.004955270328
0.005233636126
0.01456368994
0.001709375065
-0.0004010798293
-0.0007355315611
0.0005326525425
-0.01580133475
0.0004219308903
0.0003964849166
-0.00646704575
0.000451990898
-0.002485150006
-0.0003834979725
-0.01361705549
-0.0004270295613
4.259099296e-05
-0.009954929352
-0.008258746937
0.000761461386
-0.0005772534059
0.004031885881
0.003295858856
0.001355075627
-0.005754121579
-0.0003603814694
0.002024390968
0.0005951357307
0.0009190241108
0.0005208967486
-0.008335481398
0.005193774123
0.0008798636845
0.001515520271
-0.001426770701
-0.002362966072
-0.0001294287649
-0.000350379647
-0.008132098243
-0.001183166751
0.001363100135
0.0003401719441
-0.003858814714
0.001054161345
0.001633799635
0.0001992826001
0.001037141774
-0.003090785351
0.0008997420664
0.002600589534
-0.000269238808
0.002762236865
0.0005560178543
8.754024748e-05
0.0001971517195
-0.004132436123
0.003672288032
0.005892016459
-0.002030261327
0.002263517585
0.001589489169
-0.002718513133
0.005951254163
-0.001127376687
0.002297594212
-0.0001419847395
0.001681677182
-0.113111876
-0.07319653034
0.01397928596
-0.03255206719
0.1062692627
-0.005192522891
0.06171979383
-0.03759168088
-0.02161108144
-0.1152822599
-0.08934170008
-0.005155140534
0.06458048522
0.1009828076
0.1002700329
-0.01133362018
0.0652339533
-0.01776324771
-0.01051643677
0.0176812578
0.05814770237
0.1235227734
0.1572601646
0.06069048122
-0.01654420421
-0.01424866728
0.2547352314
0.07136696577
0.00918625854
-0.09315364808
-0.00313571794
-0.02069816366
0.03820920736
-0.01469362993
-0.05386413634
-0.01767614856
-0.05327140912
-0.0361237973
0.1719442159
0.01073981915
-0.0111549357
0.06061125174
0.1102560163
-0.04209823534
0.09676548094
0.006087205373
0.00358164846
0.0584314242
-0.1676654518
-0.08244927973
-0.06229011714
-0.04303032905
0.1562152654
-0.03959473968
-0.01452496368
0.0196657218
-0.02823626995
-0.08651053905
-0.01602021791
0.07930944115
-0.003237463068
-0.00618214393
0.0143101085
0.1295703501
0.01074378565
-0.01211666781
0.02608503588
-0.03545515984
-0.07885674387
-0.02680183575
0.01198219601
0.01635245048
0.008589371108
-0.0280332379
-0.003373765387
-0.0299134627
-0.02625435963
-0.04349591583
-0.04332347959
-0.04057046026
0.02612052113
0.01795205474
0.01696177945
0.02387378365
0.01999361813
-0.0236608889
-0.005831142887
0.03803559393
-0.008308432996
0.0222063493
-0.02362846024
-0.02869069204
0.04657605663
0.03008104675
0.01143301744
-0.01734557562
-0.06805422157
0.01580558717
0.02341056801
-0.07263662666
-0.04122432321
0.01341031305
0.01062581968
0.009504823945
-0.007404886652
0.01754518971
-0.008532557636
0.007597359829
-0.01709962264
-0.006054425146
0.005749909673
-0.00782643538
0.03058668599
-0.006037998013
0.008117066696
-0.01377083827
-0.01647093333
-0.03765252605
0.02904320695
0.02198350988
-0.005595963914
0.01348538324
-0.04156761616
-0.03001973592
-0.04119164869
0.008843698539
0.008154070936
0.02174346894
0.0001718040876
-0.01371997036
-0.005083849188
-0.0005375879118
-0.008384657092
0.005485510454
0.008762273006
-0.01469394006
-0.0001274058013
0.001570882741
-0.005439032335
0.003017801326
0.004325320013
-0.008527610451
-0.01037372556
-0.00157380884
0.004697354976
-0.002378052566
0.01205601543
0.007009436842
0.01922761463
0.005801646039
-0.0002526774188
0.004294287413
-0.004818072077
-0.002421487356
0.002390824491
-0.01832010038
0.01848281734
-0.0009237932391
0.007470463868
0.000411520421
0.002764397068
0.01443302631
0.01224814728
-0.002286642557
0.007644295227
0.01379767526
0.00475338893
-0.003614967223
0.00176561682
-0.002198928734
-0.01676386781
0.002093178919
0.01123298518
-0.005777880084
0.02538515627
0.002349571092
0.001830906374
-0.00753800245
-0.02269907854
-0.001640161965
0.004977321718
0.02068930678
0.006913265213
-0.0006575174048
0.002430931898
0.01055879053
0.006534876302
0.002716801828
0.002022680826
0.01235001814
0.01324276067
0.01287326589
0.005640901625
0.001176198479
-0.00231289072
-0.005436213687
-0.03278930113
0.0001153543126
-0.0008584661409
-0.01194772404
-0.002236783039
-0.003577182069
-0.0007087859558
-0.00593063049
-0.002352491254
-0.001663444564
-0.01548704691
-0.01065972168
0.003135184757
0.0007710710634
0.01039425191
0.008807612583
0.004808545113
-0.0102162715
-0.001299779746
0.003037662944
0.0008922012639
0.0007872019196
-0.002944295062
-0.01162762102
0.012118279
0.003776912577
0.00484468881
-0.004718379118
-0.004738388583
0.002314232755
0.004701900296
-0.005177540705
0.001430555247
0.004786640406
-0.001478242339
-0.0055175093
0.00328551163
0.001224375563
-0.007253286429
0.0021764345
-0.004901299253
-0.001448968076
0.008316175081
-0.0001483332308
0.008418924175
0.0004758712894
0.001231089234
0.0008165363106
-0.01012203284
0.009697284549
0.01233166642
-0.0008435932687
0.006188887637
0.005041542929
0.0002523923176
0.01537456829
-0.003664751537
0.006947165355
0.002166868187
0.006850831676
-0.09526935965
-0.004438577686
0.00744306948
0.01349645946
-0.07894062251
0.06708420068
-0.0825637877
-0.02606711164
0.01895923167
0.02688583545
0.02455287799
0.06250267476
-0.00377691933
-0.1572100669
-0.03215617314
0.09411555529
0.05418410897
-0.005514263175
0.0777329877
0.05820224434
0.006135183387
-0.1127637401
-0.1807770282
0.01457103714
0.04854653403
0.0239237342
-0.1283925325
-0.02494187653
-0.1486607492
-0.01575827412
0.03809307143
0.05425078049
0.04452932626
0.005958381575
-0.01252885256
0.05110444129
0.05358443782
0.1100610048
-0.2491951883
-0.05376023799
0.05327920243
0.01647898555
-0.1294785738
0.01527743507
-0.06515353173
0.05859671533
-0.03856186196
0.06745638698
0.04083485901
0.03612874076
-0.07220218331
0.08154679835
-0.2114309222
0.02476914972
0.0312084388
0.03899235278
0.01587169059
0.179491505
-0.03031131253
0.0277334787
0.006092724856
0.06001477316
0.0321319513
-0.1322374344
0.01278777421
0.01115751173
0.02770442888
-0.04472767934
-0.004607448354
0.002488887403
-0.04026333615
0.004880702123
0.02525627054
0.03147559613
-0.006903809961
0.0362265408
0.01776587218
-0.002030108124
0.05298136175
0.04074968025
-0.009089410305
-0.01355167385
0.04448101297
-0.00570935104
-0.01840021461
0.01002581231
-0.02674300037
-0.008141448721
-0.001776196645
-0.0117643578
-0.02370083891
0.001758663682
-0.009306589141
-0.002336287638
-0.004879864864
-0.004796240013
0.01612918079
-0.013590849
0.004657319747
0.07270153612
0.02679529041
-0.0009453718085
-0.06431616843
-0.002110372763
-0.002292333404
0.005015629344
-0.04090807214
-0.009506797418
0.006434186362
-0.01091150474
0.03005046956
0.001846756088
0.02742999792
0.0251572635
-0.0007855293807
-0.005608035717
-0.04818515852
0.07573948801
0.01623149775
0.01161786355
0.04412115365
0.02209834196
0.02162193134
0.04290859774
-0.02141806856
0.01077830698
0.0007295691175
-0.02512409352
0.1427486539
-0.01817965694
0.01879564673
-0.002524575219
0.02917367406
0.008492091671
0.05321672931
-0.07798150182
-0.06592451781
-0.05933108926
-0.00809122622
0.02202434093
0.01115632337
-0.01810174808
-0.03141950071
-0.002850754187
0.06905519962
-0.06689656526
0.02799548209
-0.01477826107
0.06562472135
0.006192080677
0.04345437884
0.06869778037
0.0193983838
0.02578815818
-0.0168203488
0.05492943525
0.08597673476
-0.05434165522
0.003126458032
0.001695890212
-0.02044942416
0.02987907641
0.03624304757
-0.004833942279
-0.02962726541
0.02082116716
0.2046842426
0.01582172327
0.02935745567
0.05243622884
0.020105239
0.0007258009282
0.001199285151
-0.0002072461648
0.04302685708
0.03945252672
-0.08068136871
-0.05651967973
-0.01535760425
-0.001445316011
0.03999187052
-0.006218889728
0.04049407691
0.007544482127
-0.01349661686
0.02715957165
0.03531870246
0.06237563118
-0.0189594999
0.04941670597
0.02339903638
0.184498474
0.02364624478
0.00536186574
0.04502796382
0.007183689158
-0.04559252039
-0.01326840091
0.006034140009
0.01292865258
0.003946608398
-0.006029118784
-0.007047160994
0.01195444074
-0.01025137678
-0.05460575595
-0.01119273528
-0.01867946982
0.02850260399
0.010567802
0.05297164991
0.02323942445
0.05176166072
-0.02233784646
-0.03802338243
0.02357872948
-0.007555658929
0.02911244147
-0.04344863072
0.03695016727
0.06721580774
0.04799832031
0.02247627452
-0.0003683838295
-0.02931257337
0.01765046641
0.02042940818
-0.02757340483
-0.009447581135
0.03094979376
-0.03466555849
0.00690235896
-0.01570290327
0.000177642476
-0.02744819596
0.01916225441
-0.0438650474
-0.005660200957
0.04026205093
-0.0177425798
0.05279571563
0.01473576855
0.01412049774
0.003710024524
0.0003453601967
-0.01441974379
0.01743800566
0.01970971934
0.00764190359
0.03436600417
-0.003260835074
0.02284574136
-0.039748054
0.02622806467
0.005447946955
0.01424798276
0.0004238710972
-0.00223818887
-0.0004223026335
0.0001454428129
-0.00489244936
-0.004473211709
0.01016846672
-0.004799962975
-0.006526821759
0.002560977824
-0.007411384955
0.001020927331
0.001145332819
0.0009890933288
-0.004893919453
-0.002684963169
0.0001925384713
-0.001296895556
0.01022342872
0.002141232602
0.007435008418
0.00509684952
0.001120371395
0.002779097995
-0.001608337509
-0.0007249474875
0.003107791068
-0.009002916515
0.01825222187
0.001719224965
0.001704821596
-0.0005690192338
-0.002936915029
0.008071366698
0.007241397165
-0.003070198698
-0.0006375084631
0.003814265598
0.0004356126592
0.0007844420616
-0.001909958315
-0.003921036143
-0.004056091886
0.0005061068805
-0.0005940490519
-0.004242604598
0.01469268277
-0.01464428473
-0.0002657513833
-0.003130570753
-0.0009918790311
8.941494889e-05
0.01033375785
0.004855533596
0.003743974492
-0.002033076715
-0.002540014451
-0.0008202346507
0.003481577616
0.001870118547
-0.001713330741
0.004577375017
0.002779839328
0.0113428859
0.0006129046669
-0.0006112607662
-0.0001981722598
0.002273977967
-0.0101582827
0.000876625767
0.0003226388071
-0.004051965196
0.001405303599
-0.001133213751
-0.0005832689931
-0.01453277003
-0.0005538789555
0.0006949009257
-0.007351630833
-0.008574561216
-6.693076284e-05
-0.0009788622847
0.004066969734
0.002206711564
0.0002785754623
-0.004332757089
-0.001034211367
0.00181196176
0.0002614386322
9.152843995e-05
0.001340150717
-0.007781901862
0.004047506023
-2.005959686e-05
0.0004677929974
-0.0005962463329
-0.001285034232
-0.0008094612276
-0.0004435445298
-0.007587035187
0.0002820054651
0.0006231722655
-7.655151421e-06
-0.0008357380866
0.0007251882926
0.001479023951
0.001720579457
0.0008513513021
-0.004238477442
0.0009923744947
0.001157920924
-0.0006893753307
0.001550918794
0.0008729723049
-0.0001116407293
0.000207060395
-0.000787432713
0.00203738478
0.004223465919
-0.001615561545
0.003598476062
0.0008751606219
-0.001582021592
0.005267799832
-0.0007758693537
0.0006786801387
-0.0007521424559
0.001312917564
0.03119147569
0.05118015409
-0.001585234888
0.01001741365
0.01286579855
-0.007393644191
-0.01680014096
0.05804056302
0.01556276064
0.01697126217
0.02984375693
-0.02671638876
-0.02337450348
0.04064638168
0.001661511837
-0.00636353204
-0.05010436848
0.01887537353
-0.04862796888
-0.03136514127
-0.04480344057
-0.02707962692
0.08073171228
-0.07182262093
-0.007787136361
0.0112291798
0.01633450016
0.04255028069
-0.07697392255
0.02783902735
-0.0259083584
-0.008770204149
0.003988524433
-0.00427156873
-0.02166357264
0.007557150442
-0.0007700250717
-0.05873529613
0.03795169666
-0.0307157822
-0.03111849539
-0.02767505683
0.09217818826
-0.005758641288
-0.01671582647
0.01714298688
-0.05090827495
-0.04715726525
0.02710544132
0.02961510234
0.09204737097
0.001830160269
0.03271198273
-0.007550531067
-0.02550768107
-0.00786320772
-0.0217354279
-0.06008141115
-0.02298717946
-0.04023709148
0.01137154736
-0.06081009656
-0.05833716691
-0.01337570604
-0.02214976959
-0.001777755795
-0.03529909626
0.00847245194
0.07105536759
0.002346645575
-0.0003346257145
-0.001462654211
-0.02291824669
0.01326582953
0.008175026625
0.01867646165
0.0008091397467
0.0274909921
0.02006829344
0.01560173277
-0.02274783142
-0.00717004668
-0.01210614201
-0.02613537014
-0.05063862726
0.01875100471
0.02544797584
-0.03263024986
0.006561039016
-0.01745465025
0.02709499933
0.02814764157
-0.04971666634
-0.02937541716
-0.01812267676
0.009065310471
0.03393275291
-0.01126084197
-0.01971405558
0.04943238944
0.01024472807
-0.02275238
0.02986241505
0.02002882399
2.609171497e-05
0.02724547125
0.02794551291
-0.01216288563
0.01421193965
0.01527883764
-0.04067609832
0.008403500542
-0.04647154361
-0.0171892941
-0.007914362475
0.00892424304
0.01079236064
-0.02946885489
-0.04378869757
-0.0193456877
-0.004817019682
-0.02988276072
0.000499015674
0.00727816252
0.03391602635
-0.02609137259
-0.00763555849
-0.002063913038
-0.0003911381355
-0.006292457692
-0.001498775324
-0.004090723582
0.007185501046
0.01390566677
-0.01813679747
-0.003967849072
0.01327122003
-0.005498141516
0.006580262445
0.00613108743
0.009792484343
-0.01418831293
-0.00289966492
0.01041326299
0.003934669308
-0.009392984211
0.005009622779
0.008120797575
0.003568083979
0.003998612985
-0.01664230973
-0.0009638805059
0.001334180357
-0.002946096938
0.004603782203
0.005043073557
0.002846871037
-0.005303484853
0.005802160129
0.003444214351
0.01136931777
-0.01101870462
-0.01255290397
0.008520252071
-0.01138354652
0.01991426945
-0.03373043239
0.002065864392
0.009760878049
0.007941223681
-0.01285606064
0.0005808518035
0.00159080408
0.006704251282
0.00322992634
0.02842296474
0.006295877043
-0.000943842635
-0.02538084425
-0.002245513955
-0.01537244022
0.01488874201
-0.003324647201
0.004255790263
0.01205959078
0.02127119713
0.0004481163342
-0.001104809809
0.004716062918
0.007520269137
0.01074364409
-0.003881672863
0.004537247587
0.000133843685
0.0003732686746
-0.006077014375
-0.007775668986
-0.0005442263209
-0.0009568372043
0.0006176847382
0.002711497946
0.0007386819925
-0.001058957539
0.02429171465
0.0005828590365
-0.002371961251
-0.004304545932
0.0223863069
0.002654733136
0.0001882404904
-0.005961707328
0.002915048273
0.004942275118
-0.002128588967
0.0009307762375
0.003534072777
9.032133676e-06
0.001463489956
-0.003155332524
0.008358323015
0.005385680124
0.002785078483
0.00149578636
-0.002083414467
0.0007360806921
0.001724564121
-0.004846710712
0.002331736963
-0.005874554627
0.002125294879
-0.001840156037
-0.01397384424
0.0008258227026
-0.001803277293
-0.005748284515
-0.0007888752734
0.007093644235
-0.0009192844154
0.007892398164
-0.0004513095482
0.006207894534
0.0006849173806
0.001576504437
0.003718404099
-0.006264020223
0.009994401596
0.005617042538
-3.314024434e-05
-0.001638189424
0.003243734362
0.002351891715
-0.00282982504
-0.002796995919
0.003316204529
0.001960946247
-0.004065776709
-0.004013487604
-0.02225272357
-0.008167366497
-0.00719258748
-0.004638782237
0.01941953599
-0.02547609434
-0.01493710093
0.01786939241
-0.009256605059
0.00644499762
0.01685366966
0.01081820112
-0.03469404578
-0.003915260546
0.01949570142
0.01567080989
-0.0006242086529
0.03744686022
0.01874299347
0.01188233122
0.002956505865
-0.04923004657
0.01261462737
0.008195959963
-0.006416106597
-0.008104563691
-0.01322245877
-0.01821850054
-0.00796573516
0.01311571617
0.006984038278
0.01488474663
-0.01172019914
-0.007305569481
0.005877527874
0.0008501370321
0.05393893272
-0.06384202838
0.007986392826
0.01838362217
0.01139815245
-0.05215101317
0.002114065224
0.01330657676
-0.001417111838
0.01240477152
0.04978330806
0.01407831535
-0.004418263212
-0.05615384504
0.006080024876
-0.02259873413
0.02661463059
0.004563327879
0.006211970933
0.02860141359
0.04744772241
-0.01307700481
0.001182598877
0.007122596726
0.02057719231
0.0271284841
-0.01148047391
0.009928588755
0.0005134415696
0.006994171534
-0.01031331997
-0.02354563773
0.0002847761498
-0.004807306919
0.0005099760601
0.008485292085
-0.003891795641
-0.002594729653
0.01853878424
-0.001224495121
-0.004125662148
-0.01497747377
0.02310890704
0.006027304567
0.00145813392
-0.003362091025
0.01262500696
0.0135068642
-0.008523297496
-0.002774421824
0.0150506692
-0.001851540525
0.004153893329
-0.009538399987
0.003280851757
0.01888630912
0.008016772568
0.005678573158
-0.00645642262
-0.007335670758
0.004293545149
0.00336506241
-0.006591431797
0.0002838180226
0.00706776185
-0.01169816218
-0.01565004885
0.004162090365
-0.004965018015
-0.01357960049
0.0009439540445
0.01253696904
-0.006158342119
0.02234370075
0.0001883044461
0.01853085309
0.004224081524
0.000936689903
0.002124733292
-0.007234392222
0.02743951045
0.01532503497
0.006465381477
0.008706076071
0.01088832971
0.003320736578
-0.002558228793
-0.009415503591
0.01094106119
0.005347450729
-0.003637283808
0.01545282267
0.038191434
0.003298708238
0.009525319561
0.009668172337
-0.009524071589
-0.005966712721
0.03638903797
0.003226777073
0.01435506158
0.01452684216
-0.01877157204
-0.01766770706
0.03205221146
-0.003408061573
-0.004790126346
-0.03009357117
0.009279333986
-0.03952595592
-0.02730860002
-0.0423108004
-0.02278915606
0.06482353806
-0.04650664702
-0.005492040422
0.008371033706
-0.006176011171
0.03589750081
0.01766297035
0.01944339648
-0.01633693092
-0.005239959341
0.001988961361
0.001659559552
-0.00914828293
0.00391323166
0.001696608146
-0.0424993597
0.03752606362
-0.02543541417
-0.0230752565
-0.01753059588
0.05875537544
-0.002961857477
-0.005126229022
0.01304240804
-0.03569832072
-0.04065333307
0.01706302539
0.02023204975
0.07207448781
0.004348005634
-0.01058866922
-0.008445184678
-0.01537823305
-0.006639603991
-0.02230945043
-0.04026224464
-0.008515581489
-0.02064044401
0.004722300917
-0.04033160955
-0.04380055144
-0.01615594514
-0.01528867148
-0.001137853833
-0.02140077576
0.007405874319
0.04994740337
0.001731138444
-0.001868457883
-0.001689913683
-0.01663935557
0.01268716436
0.0044688005
0.007195599843
-0.0001265866449
0.01649252512
0.01793804578
-0.0006583985523
-0.01373761054
-0.005304618273
-0.001393709332
-0.02029432915
-0.03235267103
0.01327624917
0.01222280506
-0.0262883231
0.00317416992
-0.01214053854
0.01696831547
0.01729405299
-0.03228836134
-0.01679420471
-0.01186573692
0.009212576784
0.02227252163
-0.007329470012
-0.01248799358
0.03555384651
0.006461834069
-0.01423781365
0.01521474309
0.01694149897
-0.002592908219
0.0155187957
0.01860638335
-0.005581410136
0.003351188032
0.01025214326
-0.02632210217
0.003876022995
-0.0283955466
-0.00830458384
-0.004887145013
0.003993556369
0.008391939104
-0.02292848565
-0.03138563782
-0.01330087427
-0.00426996639
-0.01781745814
0.0008261166513
0.00904195942
0.02124704979
-0.01718961261
-0.006071023643
-0.001563064987
-0.06847942621
-0.08083177358
0.03607447073
-0.03688975424
-0.1507628113
-0.09633378685
0.07159131765
-0.05770529434
-0.004646300804
0.08391376585
-0.08105017245
-0.1182501167
0.01347569376
0.02631504647
-0.03164955601
-0.08567866683
-0.1149407178
0.0395363085
0.1063857302
0.003528338159
-0.06599343568
0.06354584545
-0.1330221891
-0.03532034904
-0.06233973429
-0.03380728513
-0.08996359259
-0.2209909707
0.07731481642
0.1306611151
0.1080721021
-0.005647962913
-0.05269731581
0.159676224
0.07512191683
-0.0169360768
0.04655461013
0.2139311284
-0.2136649936
0.09221126884
-0.04863581061
-0.08309996873
-0.1233336404
0.04356056824
-0.03696156293
-0.09993054718
0.05638725683
-0.286436528
0.02601462975
-0.0198415257
-0.08806908131
0.08244539052
0.1114598885
-0.03477281705
-0.03273661435
-0.04889919609
0.03353659064
-0.02444363944
0.04938059673
-0.09724864364
0.03516524285
0.1736674011
0.1075804159
0.02648323774
0.006130245514
0.0133268768
0.00895282533
-0.005802338477
-0.07786064595
-0.01576287113
0.01716005057
-0.05115716904
-0.0314434953
0.003933380358
-0.04638198763
-0.03431696817
0.01938002743
0.062725842
0.00456734933
-0.0879432261
-0.005100809503
0.002597820247
0.017878538
0.02603328601
0.01641308144
-0.006759640761
0.02988231927
-0.0146689564
0.007162029389
-0.01245652791
0.03104264662
-0.06843589991
0.01827701554
0.01015065052
0.02427344583
-0.02932135016
-0.03418830037
0.01398459263
0.01035386696
-0.0547484681
0.019959094
-0.0003312085173
0.02021460049
0.02469453029
-0.005057791714
-0.04825287685
0.00885966979
0.02241793647
-0.009187171236
-0.08547985554
0.01852938347
-0.01089100447
-0.006650794297
-0.03654228523
0.003805641551
-0.01015726943
0.02629402839
0.04282174259
-0.004039213527
-0.02081076242
0.03570275754
-0.009628145956
-0.02092794143
-0.01813732646
0.01669871062
0.01575598866
0.01263814978
0.024115026
-0.002049020957
-0.0005323452642
0.000514693791
-0.0013643899
0.004914953839
0.001440478256
-0.002098071855
0.002227172721
0.004464590922
-0.003041479969
0.003793627489
-0.0004532053135
-0.001185837667
0.0005450163153
0.00399464462
0.004332470242
-0.0005587047781
0.0008235339774
-0.001759949024
0.004329088144
-0.002787091536
0.002163637429
-0.003104609204
0.004517554305
0.0006794366636
-0.001208868227
-0.003824713407
0.003346671583
-0.003257540287
-0.001092426246
-0.0007669538027
5.583441089e-05
0.001200633473
-0.01162796747
-0.005508088972
0.001605526195
-0.001208715257
-0.0002537154942
-0.01114310045
0.001796683646
0.002247032709
0.009929544292
0.003581932047
-0.0009510207456
0.002676476957
0.004361805972
-0.002977205673
-0.0006904962356
-0.001712873345
0.0001786531648
-0.004286247306
-0.001133962534
0.00569278188
-0.007004311774
-0.003480441403
0.001203569002
0.003120977897
-0.0003762706474
-0.00154671527
-0.002081515267
0.0001070751678
-0.001115598483
0.001216090168
-0.0001898022747
-0.0002788957499
-0.0001392033882
0.001684157411
-0.001427607844
0.005953634623
-0.001177325379
0.0009400655981
0.002858634107
-0.0002254703577
-0.0001177498489
-4.56729249e-05
0.004444845021
0.001158803003
0.00117376307
0.005427310709
0.008523520082
-0.0001717489358
0.000642059953
-0.007741326001
-0.001588763203
0.004021984059
0.002088502282
0.002007406205
0.00630513439
-0.001121131121
0.0001249910129
0.001046029152
0.004738177173
-0.0004875083396
5.577430784e-05
-0.0004991119495
-0.0003320497344
-7.206718874e-05
0.0002205721394
0.000396155956
-0.003853111994
-0.002112264046
-0.0007394307177
0.001002040925
-0.004794806708
-0.000910978124
-0.002002652735
0.0006989897811
-0.0007420769543
0.003410724225
-0.002196435351
0.001601579948
-0.0002027958108
-0.0005782715743
-0.000834937382
8.288536264e-06
0.0006525486824
0.003919477575
0.0003781803534
0.001536743017
0.0007639366086
-0.008733160794
-0.0004284609167
0.001708936878
-0.01279932261
-0.0003705098061
0.0004704705207
0.0005218086881
-0.0008326687384
0.001353479223
-0.02004217729
-0.02619210817
0.02380231023
-0.07248730958
0.06672231108
-0.04996018857
-0.04917684942
0.04442841932
0.03074608929
-0.03731004521
0.1229000017
-0.004494535737
-0.08680089563
0.01943167299
0.02885281295
0.03576046973
0.01287175715
0.07315873355
0.1510592699
-0.06314797699
-0.000903173408
-0.1851609647
-0.01987427659
0.1229792163
0.007055675145
-0.06958466768
-0.002509072889
-0.1756999046
0.003900930285
0.06343892962
0.04692287743
0.1487236172
0.006660692394
-0.02553919889
-0.02852511592
0.02612097003
0.1088813171
-0.2280052304
-0.02307328954
0.004900058266
-0.004851412959
-0.07862818241
0.01897006854
0.01840115525
-0.047271844
-0.01350553334
0.017104825
0.05259481445
-0.01351635624
-0.06521356106
0.03070284054
-0.09954550862
0.0281531848
0.003469788935
0.005852335598
0.04620273784
0.1109138951
-0.04642660171
-0.02493019588
0.02075271495
0.06052357703
0.05362481624
-0.08607826382
0.007469517179
-0.004266192671
0.02621687017
-0.04795926437
-0.04112628847
0.004612820223
-0.03169953823
-0.02031465061
0.02510182932
0.02710654214
-0.01333516091
0.02349032648
0.0009245534311
-0.009320494719
0.01373463031
0.01368378941
-0.007903327234
-0.01759913377
0.03284709901
0.0193657279
-0.01207623351
-0.009521141648
-0.0232141614
0.01050954126
-0.001221484039
-0.01631133258
-0.02395901456
-0.03262519464
0.003697052365
-0.003007526509
-0.00417749444
-0.01430939604
-0.01311858371
-0.00969960168
0.007202836685
0.03400195017
0.01914315671
-0.004817611072
-0.05582043156
-0.003664068179
-0.006521580741
-0.007736487314
-0.05016367882
-0.009460852481
0.008658104576
-0.0293214377
0.02639819682
0.004385115579
0.02713648416
0.005688404199
-0.003768307855
-0.0124435313
-0.04185616598
0.06439673901
0.003558576107
0.01549187768
0.04573454335
0.01222415827
-0.01261897758
0.01710650697
-0.02141647227
0.01066029724
-0.0005283330684
-0.007065648679
0.1331166625
-0.04986236989
0.0005759453634
-0.002355073346
-0.08887892216
0.0100411633
0.01004058495
-0.08258733898
0.04099139571
0.02036264166
-0.0226776097
0.1339945197
0.03369701654
0.05423601717
0.07412154227
-0.005807844456
-0.001322665019
-0.01275386475
0.111194849
0.1509508193
-0.008197937161
0.07136117667
-0.1954557449
-0.0344498083
0.07424568385
-0.01150567271
-0.0483946763
-0.1307735443
0.08697889745
0.08400263637
0.07287292928
0.02713590302
0.02202209271
0.0621888712
0.005137734115
-0.03885131702
0.01336241607
0.1930614859
-0.1736367196
0.07757373899
0.04653537646
-0.01965689845
-0.1047198474
0.02105811611
0.02768893354
-0.07195776701
0.02273814008
-0.0064861672
0.01096291188
-0.1273551136
-0.1398171335
0.05595339462
-0.07740306109
0.07595526427
0.03677464649
-0.02491663955
0.008647935465
0.07289982587
-0.04574113339
-0.03975276649
0.07117462903
0.08995845914
0.09239791334
0.09422504902
0.01299434528
-0.005598477088
0.03557324782
-0.01877824031
-0.04980810359
-0.00123999489
-0.0003783025895
-0.03434460983
0.03993468359
-0.002564670751
-0.02415854298
-0.004561342765
0.004041879438
0.01784336567
-0.005262049381
0.007670057472
-0.005636163987
-0.005549241789
0.02712477371
0.03476241603
0.02544957027
-0.0107290959
-0.001295327558
0.02007449791
-0.002111494541
-0.006276961882
0.001713199308
-0.04470780864
0.02872275934
0.008858562447
0.003841882339
-0.01541672274
-0.03771281987
-0.004633288831
0.002537877299
-0.02600079961
0.007787620649
-0.0009142987547
-0.0310778264
0.01406054571
-0.001137893996
-0.04604725912
-0.01853452995
0.008627846837
0.007504241075
-0.04903261736
0.04165594652
0.003641720163
0.01987368613
-0.004253136925
-0.009487178177
-0.00394444121
0.008961328305
0.07341203094
-0.0002758624905
0.005448795855
0.06360543519
0.0118260188
0.004954374861
-0.01888244227
-0.000220013957
0.01561509911
0.005136111751
0.009037735872
-0.005292154849
0.05638461187
-0.002518242225
0.01709635928
0.0233562924
-0.009281059727
-0.009559352882
0.06246070936
-0.003964004572
0.01147352159
0.02388655022
-0.05211931095
-0.02367852069
0.04789166152
-0.007024386432
-0.01163786277
-0.03985394537
0.01439167187
-0.07363560051
-0.02215286903
0.02082939446
0.001329892548
0.112287432
-0.07562279701
-0.007415290456
0.01210957393
0.04183375463
0.06338877231
-0.05325831473
0.02186442353
-0.03160287812
-0.01069912035
0.01667219028
-0.009335394949
-0.009500943124
-0.00613049278
-0.0009466624469
-0.07420752943
0.108489804
-0.04687947407
-0.04457226396
-0.02990380488
0.1133565158
-0.006101231556
0.036587134
0.0184097793
-0.05511467531
-0.05361594632
0.03355808556
0.04345850274
0.1164766327
-0.002661175327
0.00420277426
-0.01302018575
-0.03351349011
-0.00750323385
-0.01757806167
-0.06410595775
-0.02362220176
-0.03143274784
0.0003040885786
-0.06290438771
-0.0742366612
-0.06893955171
-0.02125329338
-0.001652328763
-0.04069189727
0.01556431502
0.07503628731
0.003489171388
0.003579392564
0.002027540933
-0.0303589385
0.0100296624
0.0100073861
0.007315360475
-0.0002511421917
0.02311885916
0.0162396431
0.004123822786
-0.01988638937
-0.005290322006
-0.01711077057
-0.03030565754
-0.0461538285
0.02069769427
0.02386776358
-0.03852627054
0.007205736823
-0.01227592118
0.02650570311
0.04368015006
-0.04957671836
-0.02853211574
-0.01693109609
0.01277611591
0.03753105178
-0.009694251232
-0.01383197773
0.04271502793
0.005518361926
-0.02012085542
0.03339484334
0.01358208619
-0.002338914899
0.03017019853
0.02938565612
-0.01063674781
0.0134247737
0.02328273654
-0.0420405753
0.00683319103
-0.04713181779
-0.0170947779
-0.005000637844
0.01119303051
0.01317525376
-0.03985643759
-0.04468363151
-0.0211922694
-0.02285045385
-0.03003788367
-0.0008869743324
0.005998697598
0.03389658034
-0.02615541592
-0.008111620322
0.002869354794
0.09957825392
0.0854813084
-0.01880546845
-0.002867305186
0.01009558327
-0.0434715189
0.009279700927
0.1219486222
0.04421911389
0.04047177732
0.0620716922
-0.04535757005
-0.04186198488
0.1604163647
0.006742061581
-0.03829616681
-0.1533893794
0.06253021955
-0.07763370872
-0.02580987476
-0.0703291297
0.01059954148
0.09966249019
-0.1447989792
-0.03443836421
0.01052170433
0.01913747191
0.004046577495
-0.09706083685
0.1019947976
-0.03931618109
-0.0359843187
-0.02864891849
-0.02470024861
-0.03352653235
-0.01077583432
-0.007892531343
-0.1169247106
0.07667289674
0.02322305739
-0.06582134217
-0.08277373761
0.1596839726
-0.01145919319
0.01880556531
0.00744658662
-0.04950621724
-0.148995474
0.06952735037
0.03388985246
0.1302915961
-0.02279470116
0.07509868592
-0.01745430566
-0.08133518696
-0.04230946675
0.001888777246
-0.1816074997
-0.07295688242
-0.1233719811
0.02664430067
-0.09676550329
-0.08466934413
0.01792741939
-0.05055329576
-0.01118709985
-0.07043635845
0.0295262523
0.1160032749
0.01710714027
0.01712444611
-0.01519033965
-0.02042875066
0.002788340673
0.01798925176
0.001458280021
0.008965685964
0.08449999988
0.02704448998
0.02978336439
-0.04620862007
-0.01270432398
-0.07709863782
-0.04548412561
-0.09064821899
0.03932669759
0.06903252751
-0.02500130609
0.01064727362
-0.02918653376
0.07434188575
0.03982687742
-0.1070271507
-0.08212355524
-0.03593184054
-0.0006363900029
0.05511328205
-0.02779958211
-0.04073737934
0.05558924749
0.02916011773
-0.05411441624
0.09909905493
0.02010869421
0.01933320984
0.0592546612
0.07212942094
-0.02903409675
0.02904660627
0.03885758668
-0.0855769366
0.01778100245
-0.1010738164
-0.05361798033
-0.01009745896
0.01061288081
0.03584932536
-0.04493294284
-0.07006823272
-0.04481587559
-0.00668886397
-0.07615397125
-0.008661755361
-0.02774701826
0.08754353225
-0.06123265252
-0.01494715083
-0.01387846097
-0.01090544183
-0.03780832887
0.007721095812
-0.01651039161
-0.07563795894
-0.03546459228
-0.00868653506
-0.01753033698
0.01395967603
0.05329564214
-0.04676086828
0.03351611644
-0.01005037595
0.02958158776
0.03367579728
-0.02118933201
-0.04999620095
0.03970597312
0.07178148627
0.01015083585
0.01290148124
0.01336943172
-0.1226629317
0.02586697042
-0.001504649059
0.006121994462
-0.06558147818
-0.1140137762
0.06562106311
0.06173808873
0.04721165076
0.004253447056
-0.06146487966
0.04418405518
0.07060467452
-0.01097781397
0.01487912703
0.1143822744
-0.1221584827
0.02823939919
-0.0142122237
-0.06723248214
-0.0781134665
0.02281144075
-0.09809548408
-0.006665862631
0.03320731968
-0.08007249981
0.01053089648
-0.00781228533
-0.04145049676
0.03194548562
0.1363548487
0.01800427213
-0.0143103376
-0.01210435387
-0.0003246074775
0.05434721708
-0.04400894046
-0.02560408413
0.03023703955
0.06602485478
0.05431358144
-0.01894498803
0.003129099961
0.007274255622
-0.00357875647
-0.007485817187
-0.03498622775
-2.021399087e-05
-0.001832240145
-0.04165219143
-0.0113652274
0.003756370395
-0.01690139063
-0.04456900433
0.01075336337
0.02624281868
-0.002055305056
-0.02900937572
-0.0004948468413
0.002640521852
-0.001617250033
0.008949356154
0.002599596512
-0.006549185608
0.009984922595
-0.01174637303
0.007928543724
-0.01172783319
0.01007776987
-0.05326225236
0.0006313543417
0.002174461493
0.008912838064
-0.007481738925
-0.01200204808
0.00616164878
-0.005940319505
-0.01819868945
0.009177282453
0.002165732207
-0.003854094306
-0.006080056075
0.007422474213
-0.01212872658
-0.002262419323
0.008670364507
-0.0216297172
-0.04174914584
0.008373715915
0.002351491945
-0.0002409808367
-0.01287690829
0.002408511471
-0.004529131576
0.001459329622
0.02797903493
-0.0002347835252
-0.01217499655
0.01264826581
-0.0001653597574
-0.004324642476
-0.008047549054
0.01305073965
0.008188762702
0.008084139787
-0.003341556061
-0.005577615462
-0.0562354885
-0.01772458851
0.007832714356
-0.07251653075
0.03943775594
-0.05441945791
-0.02703644335
0.05818260461
0.007577415556
-0.0009386347374
0.0456700027
0.003301040502
-0.0592379868
-0.002284103306
0.04436765984
0.03461914137
0.01684553549
0.07554352283
0.02562279813
-0.02801628225
0.003766639158
-0.1570458114
0.01488046441
0.05874758214
-0.01127622463
-0.09295228124
-0.06362181902
-0.09430390596
0.009287853725
0.03679633141
0.03402348235
0.03329563886
-0.01408785954
-0.000780571776
0.03436999023
0.02823431045
0.1083543524
-0.1550803334
0.007256223354
0.02986128069
0.006983071566
-0.1036066264
0.01285369601
0.02867331728
0.005894002039
-0.004166030325
0.05238907784
0.05597864464
0.007254482247
-0.0875968039
0.03844258562
-0.1397658587
0.0219727885
0.009674186818
0.009740080684
0.03040839359
0.05741873384
0.001531063812
-0.02580380999
0.01627036184
0.03388982639
0.03256440535
-0.05599388108
0.0091712391
-0.0006843938027
0.01439748425
-0.02481012791
-0.02442951314
0.004071457777
-0.01985269785
-0.009341776371
0.02811373211
0.01093414705
-0.007396985777
0.0253722202
0.003206909634
0.0007259565173
0.005823077634
0.02630399354
-0.003172707045
-0.007477321662
0.01081119664
0.01126254909
-0.0006251013838
-0.00492721796
-0.01295815781
0.01176985446
-0.001225873362
-0.008452237584
-0.01344965119
-0.01309792046
0.01014705189
0.0002361290972
-0.003090863582
-0.005158318672
-0.01070934441
-0.00472132396
0.001620986266
0.01474562287
0.01132550277
0.001869075932
-0.04214666784
-0.009904383682
0.0005140826688
-0.00174592738
-0.03049984947
-0.004416181706
0.01777419448
-0.0145066604
0.0320745334
0.007441172842
0.02209710144
0.01011762489
-0.008855413646
-0.003973175306
-0.02189094201
0.06098758057
0.009226538241
0.008799782954
0.03416877985
0.01540929358
0.001301437616
0.001552066533
-0.008000397123
0.008392639458
0.003918621223
-0.01100206282
0.1878605932
-0.06682423502
0.02164959162
0.01766511053
-0.1772435606
-0.03550785035
-0.02695022151
-0.07978167385
0.06356549263
0.09154740721
-0.03962441534
0.1088693216
0.001103090704
-0.07850328833
0.03841927275
-0.06219028309
-0.1092993766
0.05865196884
0.1705711782
0.1002129912
0.1102438048
-0.05455008894
-0.2554619908
0.03630352393
0.09822054952
-0.01878631115
-0.0959238261
-0.1593415588
0.07652726024
0.07596077025
0.09403491765
0.01952602901
0.06051595509
0.07919254154
0.08981388807
-0.07367037237
0.04578578472
0.2504733503
-0.2372588366
0.01718850248
-0.00939224381
-0.08936481178
-0.1444002241
0.01952510327
-0.04815864936
-0.09397410601
0.06819543242
-0.1378747076
0.03293037415
-0.1099367887
-0.1199409589
0.08092600852
-0.08127593249
0.1940420419
0.01927054673
-0.04326926544
0.01301988773
0.1287985891
-0.02562051825
0.02432335168
0.02915727906
0.08196447045
0.1555882543
0.09266731888
0.01829241961
-0.0002583270834
0.02617698722
-0.02098902874
-0.06914343685
-0.0009227427072
-0.003882294288
-0.07407470793
0.01023442857
-0.002168704057
-0.0326484032
-0.0617928654
0.01794012636
0.04742119089
0.009247255512
-0.06280336529
-0.01208157744
0.003781097243
0.03279529139
0.02341102995
0.002785441233
0.007498160936
0.006710304413
0.002481117146
-0.001623090706
-0.03502136841
0.02151584625
-0.08707900345
0.01240815409
0.0002836316417
0.006231471896
-0.01651295833
-0.03678857908
-0.00201533339
-0.00397922704
-0.03899768367
0.005623923149
-0.01217731833
-0.02444832586
0.01198090985
-0.02228591032
-0.05504280701
-0.007830052637
0.02083528973
-0.03394039348
-0.09726324677
0.03343618289
0.003710570047
0.007103369106
-0.02049690112
-0.008141553029
-0.01259480324
0.007424952928
0.07850869745
-0.0149335023
-0.003004921367
0.03654029593
0.001780530089
-0.06063192338
-0.04390416667
0.004935161676
0.0119206002
0.008726978675
0.009481460787
0.02761848085
-0.0519692637
-0.008730575442
0.002921056701
-0.08774349093
-0.005283982959
-0.006309147459
-0.05041672662
0.03611946106
0.03676603362
-0.0399793759
0.08082010597
-0.007903494872
-0.01538383961
-0.02116287872
-0.01576845534
-0.03263278678
0.01889754459
0.07422884554
0.1026645675
-0.03525357321
0.02379548922
-0.1724815071
-0.01824707352
-0.01573657803
-0.02389522269
-0.1144132167
-0.1493279934
-0.09049476683
0.06476167589
0.0542646423
0.01741685718
0.01074681245
0.05497980118
0.01860473678
-0.01680722646
0.03311386704
0.1324412674
-0.1378088593
0.03889378533
-0.03023329936
-0.04293059558
-0.02455175668
0.02678803727
0.00590249151
-0.0495528318
0.03066893481
0.006968866102
0.01179398503
-0.01126285456
-0.07598138601
0.0712729767
0.004160754848
0.02298860997
-0.002084140666
-0.0150601482
0.003143459558
0.05409639329
-0.03879987448
-0.01803841442
0.01216685306
0.07106702775
0.05417632684
0.05459555611
0.003832497867
0.003353998531
0.009573115036
-0.01752521843
-0.02863780223
-0.00431793835
-0.006709852722
-0.03865637258
0.006730519701
0.009866701439
-0.02054824121
-0.01180649549
0.01315489318
0.02332131378
0.005107618868
-0.007906575687
-0.006999053527
-0.00542220613
0.01357430033
0.01368760224
-0.0002960999554
-0.006277090404
0.002925572917
-0.005064530764
0.006556184031
-0.01185806096
0.008352727629
-0.03261311725
0.002696224255
-0.000699981465
0.006308776792
-0.01065201778
-0.01431386452
0.0003552769194
-0.002973960945
-0.001642420189
0.01701378264
-0.001653159386
-0.0152161615
0.002119646873
-0.002744073514
-0.009723645635
-0.0136179328
0.004503672011
-0.004000090063
-0.03854541481
0.01564073004
0.00298938551
0.005754394922
-0.01160807442
0.001587304985
-0.00703872554
-0.006039428525
0.04519359395
0.0003248459252
-0.002216542838
0.03564984351
0.0008212278481
-0.01390447747
0.003399993759
0.004107995424
0.01218813751
0.00669948291
0.003527894849
