0.3918597698
0.05084693804
-0.1883248091
-0.1201291233
0.1545373052
-0.0458435528
-0.06653929502
-0.05438850075
-0.1451437175
-0.03184667975
0.4176004827
0.2429066747
-0.03816224635
-0.1087721512
0.4574751258
0.21961914
-0.09362567216
-0.06357115507
0.1557404548
0.08167228848
0.006757417694
0.02876960486
-0.1243939847
0.1070717052
-0.1855083257
0.05313748494
-0.16688779
-0.05688913912
-0.07317321748
0.1007064059
-0.1083092913
0.07005767524
-0.2823926806
-0.2193168551
0.1077523604
-0.05709609389
-0.09470063448
0.07315378636
0.09799448401
-0.2724778354
0.2240167707
0.1289951652
0.002674761461
-0.1085659862
0.007377508096
-0.03000604175
0.3992015123
-0.13895531
0.2853145301
-0.01239917893
-0.1115434989
0.3486401737
-0.2126705796
0.2589995861
0.02531417459
0.1904692054
-0.08698610961
-0.390936017
0.2036258727
0.06435721368
-0.09877393395
-0.2086524516
-0.1773677021
0.115689829
0.0604140386
0.3132477403
0.03116649576
0.04186921939
-0.02602289431
0.04937921837
-0.0449308157
-0.1485900134
0.008397131227
0.01568754576
0.0003977537272
0.0811778605
0.1591345668
0.08865499496
-0.06388377398
0.04498360306
-0.04869135842
0.1162554845
-0.02759794705
-0.1023030952
0.0292592831
0.04247426614
0.1672326028
-0.05727498606
-0.07826692611
-0.1163467914
-0.05517389253
-0.01545394305
0.03176533803
0.1463719904
-0.2174022943
-0.02159219049
-0.2412186861
0.1597010195
0.02892297506
0.09448292851
-0.3402565122
0.0426864177
0.2131832391
-0.3499096632
-0.090620704
-0.02415379323
-0.1242428273
0.01346295699
0.1201632097
0.04855925962
0.1000921577
-0.1954972893
-0.1119183823
-0.05005564541
-0.01178051345
-0.179012537
-0.2458494008
0.02277096547
-0.003028993495
-0.007446072064
-0.3013296127
0.07418493181
-0.2072599977
0.05805515125
-0.05658429489
-0.3341006935
0.2089542449
0.1299891472
0.1788115203
0.2453144342
0.08198080212
0.1073407754
0.1058257222
0.05525876954
-0.04528047144
-0.07345999032
0.003548610257
-0.06528049707
-0.107932128
-0.2652008832
-0.1592969149
-0.1326721609
-0.1605829597
0.06648372114
0.1219048649
0.04918704554
0.2223761082
0.01819383353
0.3097988069
-0.09125939757
0.03969298303
-0.03808900341
0.3141371608
-0.1235115975
-0.03498441726
0.09869619459
0.1069812402
-0.01302536298
0.2075006217
0.04014031589
0.09108982235
0.229152739
-0.03856617212
-0.02318391018
0.05548914894
0.002549868543
0.008736202493
0.06597682834
-0.02175332606
0.0140711423
-0.1035366505
-0.06099395081
-0.07011297345
-0.02756166086
-0.07383158058
-0.02888018452
0.01087007765
0.01917606592
-0.009183978662
0.05373844877
-0.02088483237
-0.01665549539
-0.01787222922
0.0317504257
-0.01812184975
0.09266486019
-0.02079732157
0.02578820661
-0.04319004342
0.1281529218
-0.1000566855
0.04804889485
-0.219791621
0.2696088552
0.01901900396
-0.04538985714
0.09007892013
0.03695209324
-0.03342803195
-0.1440923512
-0.240146324
0.05948527157
-0.01559472922
0.2314062566
0.1702864766
0.223187834
0.1290444732
0.1385731548
0.1367520839
-0.04715615138
0.07737079263
-0.1010347307
0.00681330543
0.04527264833
0.1592736542
-0.0246341601
-0.1710793674
-0.1889688373
-0.07540028542
-0.1065923572
0.1088389978
-0.1722343713
-0.2221925408
-0.03612846881
0.2046696246
-0.008672552183
0.05617005751
-0.007970362902
-0.007820201106
0.004937969148
-0.04173346609
-0.01860438474
-0.0905187428
-0.03984326497
0.5015867352
-0.2132947445
-0.2703374922
-0.1161706671
-0.002237708075
0.1759088039
0.1265283972
-0.02181921713
-0.0816238448
0.1717968881
0.2416704297
-0.1145604998
-0.1302598417
0.03012267314
0.2012411356
0.1099177003
-0.2191369087
-0.00593001442
-0.07295735925
-0.08385379612
-0.03812298551
0.1379897445
0.07589623332
-0.1956015378
-0.07152419537
-0.1072641611
0.04250675812
0.01596302353
-0.09727520496
-0.07326182723
0.06393741816
-0.02901481651
-0.1848112792
-0.1313031167
-0.1335810125
-0.01404376421
-0.2105199397
-0.1159231067
0.02245533094
0.01568327285
0.1411892176
0.002659706865
-0.04634766653
-0.1745069474
0.153358072
-0.0146251563
-0.08149945736
0.09151526541
-0.03811782971
0.003088615369
-0.02595860511
0.07982841879
-0.1085210666
0.0006421292201
-0.03812509403
-0.1306492984
-0.04017173871
-0.06616622955
0.1295923591
0.04517247155
0.06080561131
0.09459089488
-0.007678094786
0.02645130083
0.02927899733
0.1834150553
0.09199727327
0.03250710666
-0.1321146786
0.007972349413
-0.2002999187
0.0113458354
-0.006316458806
0.1100079492
-0.1385414153
-0.03390116617
-0.1108304039
-0.03664159402
0.01304221898
0.07507114112
0.08107061684
0.1286291331
-0.04041831195
-0.03524495289
-0.01279644761
0.1241438091
0.1187446639
0.0302955471
-0.03211900964
0.04179089144
0.1121054143
0.03322291002
-0.1186726913
0.09422849864
0.003545984626
0.02642855793
-0.03736808151
0.07211819291
-0.02847963944
0.03608225286
0.116010271
0.08116939664
0.08245451748
0.109805271
0.05772473291
-0.04483154416
-0.04600280151
0.06897108257
0.07572671026
-0.03059410304
0.02559664287
-0.03983543813
0.01035200804
0.03289769217
-0.06978372484
0.06983007491
-0.1166732013
-0.02056053281
-0.04518998787
0.05070124567
0.1217282936
0.08223237097
0.04196754843
0.002793271793
0.1223004088
-0.01331221592
-0.1135407314
0.07089947164
-0.4005393684
-0.4263274968
0.1416985393
-0.003026182763
-0.04522042349
-0.2740789056
0.1004458293
0.06735631078
-0.06591785699
-0.01477399096
-0.05318982154
-0.1988854557
-0.1572648138
0.1468268186
0.01598746888
0.02645495534
0.1148791313
0.1513671279
-0.1385877877
-0.03574216738
-0.0004833089188
0.1296730191
-0.2557761669
-0.1078014672
-0.02501805127
-0.006841434166
-0.0606145449
0.003353649518
0.1016237438
-0.2078897059
-0.06643594801
-0.03359535709
0.1114671975
-0.1546805948
0.1552319378
0.01511539705
0.1758411378
-0.000275291357
0.318223834
0.00826722756
-0.04864555597
0.04412496462
0.1225037798
0.06476036459
0.1583433896
0.007874188013
8.338829502e-05
0.0661008209
0.02359391563
0.03263502195
-0.0092903357
-0.01091828942
0.1886890531
-0.006116143428
-0.04198270291
-0.1582442522
0.01954190433
0.02714087628
-0.05921347067
-0.006931556854
0.001264031162
-0.013182831
0.04994283244
-0.02412519976
0.1452109516
-0.02688472904
0.07269247621
0.03685676679
0.0501219742
0.008279382251
0.01283537969
-0.02388718538
-0.01349928044
0.03205543756
-0.06607044488
0.004503194708
0.03911376745
-0.0333430171
0.02614589222
-0.1046371385
-0.01582384855
-0.02573129348
0.03395268321
-0.01169663295
0.04822758958
-0.03636297211
0.01711455174
0.1027331874
0.1350066513
-0.02845968865
0.05917308852
0.0238682963
-0.1070203185
0.04888064414
-0.04543609172
-0.01211916748
-0.1137247682
-0.03989500552
0.08890256286
-0.04364399984
0.1402006447
0.3002714515
0.1261878908
0.1006185338
-0.0537699461
0.1310461462
0.1106780469
-0.04483816028
0.2389812022
-0.09905267507
-0.03489307314
0.1783875078
-0.2443481535
0.114414908
0.0499747768
0.132145986
-0.2418603748
-0.03793342039
-0.007421900053
-0.06230458245
0.07857506722
0.1640961915
0.01014548633
-0.05284688994
-0.115967229
-0.04535101354
0.1183711737
-0.05237651616
0.1387920678
0.07767757773
0.1512411535
0.03207695112
-0.05354737118
0.06767833978
-0.2041371614
0.1004433483
-0.1198409721
-0.1867565066
-0.3082768321
-0.02067018859
-0.05800475553
-0.002431877423
-0.02816589922
-0.1425669491
0.486204952
-0.0480382666
-0.1352475882
0.1249691322
0.110372968
0.04294246808
