-0.04723710939
0.007338529453
-0.06981361657
0.04853319749
-0.01913200319
0.04959599674
-0.2406958193
0.0911109522
0.006604332943
-0.1651601344
-0.03186368942
0.06431134045
0.0880433768
0.002955730539
0.144712165
0.07083833963
-0.4527180791
0.3544717729
0.007905994542
0.2251816988
0.329330802
-0.1642992198
0.2613677084
0.2732766569
0.05318925157
-0.1482359469
-0.06460655481
-0.09031128883
0.7480837703
-0.07470618933
-0.1459280998
0.2609575093
-0.00207932177
-0.003699133638
0.00171869027
-0.002207479673
0.001613682602
-0.000173511522
0.0003809891641
0.001907656668
-0.001296256669
-0.000786077755
-0.001532234019
-0.0004275690881
-0.0014960384
0.0006799664698
-0.0001761122403
0.000477463589
-0.02456908301
0.1736942977
-0.04736435786
0.1322863847
-0.02393598855
-0.03917021304
-0.1539790779
-0.2555485368
-0.06452085823
-0.03199050575
-0.03721772507
-0.1675865203
-0.1465432942
0.2957475483
-0.09245556593
-0.005369956139
-0.205393374
0.07397588342
0.1713771671
-0.3165577948
0.07474439591
0.3778714836
-0.1069681421
0.1136654168
0.02821691521
0.2331496179
0.279612273
0.1577997208
-0.1295281053
-0.3906906247
-0.05593233928
-0.1803697199
-0.1045313701
-0.1030614451
-0.2461547256
0.2976463735
0.1837940663
0.03520220146
-0.1216434017
0.03784894571
-0.007628270425
-0.07018565387
-0.07549794018
0.2118995488
0.03649514169
-0.1420018226
-0.1816869974
0.1613721848
0.1028078124
-0.5576102138
0.4184896648
0.2519831061
0.03842104971
0.1559079289
0.2395322323
-0.3860940039
-0.05327258259
-0.02286897972
0.4207265377
0.3414498866
-0.2621967196
-0.1255590618
0.3925718069
0.01946392469
0.5031391978
-0.08294823766
-0.1985718012
0.196033746
-0.4555602372
-0.2076105624
0.2229420841
0.3763933778
-0.4474210441
-0.2322437614
-0.4984536469
0.2401108742
0.6648144722
0.1497841626
-0.1910497993
-0.3772158623
