0.0004986897111
0.0006441336591
0.0006504078628
-0.0001785007044
3.327913873e-05
-0.0006344158319
-0.0001599536481
-0.0002571234363
0.000280359789
-0.0006840032875
-0.0002576709376
0.000667967659
-9.008033521e-05
-0.0002018371015
-4.177017036e-05
5.414713814e-05
-0.000390931702
-0.0002370028815
-0.0001055782632
0.0008435080526
0.0004500235373
-0.0002068712347
-0.0003809643677
-0.001673659775
-0.0001003434882
0.0005924500874
0.0001182523411
-0.0002492697677
0.0005069783074
9.216240869e-05
0.0002043386339
-0.0003514370183
-0.0005247234367
5.562030492e-05
2.966840657e-05
-0.0002207571233
-0.0004228878825
0.001002550242
-0.0002719848417
8.005674317e-05
-0.0008587233606
0.0001866411185
-0.0003250418522
-0.0001970794401
-0.0003260543745
0.0003565811494
0.0002393818286
-5.829801376e-05
-0.0001761739404
-0.0001058215857
0.0006593026337
0.0006033993559
0.000484445598
0.0009867026238
-0.000361376442
-5.144501483e-05
-0.0004922477528
-0.0008602701128
0.0002964924206
0.0004935926991
-0.0001512402669
0.0005151997902
-0.0002989125787
-0.0002530696511
0.0001426616509
4.321072993e-07
9.574521391e-05
-0.000340592087
-0.0001408141106
-0.0002188765793
0.0002402716927
-0.0005810461007
0.000347738649
-0.0002304243972
-0.0001818751043
0.0002916415688
-6.51563023e-05
1.050485571e-05
-0.0009508678922
0.0002413149923
0.0001256831747
0.0001172125194
-8.508443716e-05
-6.147047679e-05
-9.522042092e-05
-0.0001332532702
-7.146791177e-07
-0.0002628630027
-2.299146217e-06
0.0004001353809
9.016596596e-05
-4.249766062e-05
7.19736563e-05
0.0002201457683
0.0001092330931
-0.0004387950175
-0.0006026781048
0.0001932965097
-0.0001710664073
-0.001250445493
-0.0001783218468
0.0001725778857
0.000159623698
0.0004068441631
-0.0007287249318
-6.822960131e-05
-9.794201469e-05
9.740156383e-05
-0.0003363485157
-0.000211308623
-0.0001823168714
-8.674537821e-05
-9.071027307e-05
-0.0002292637364
-6.707726425e-05
0.0002204990451
0.0002692179114
4.563636685e-05
-0.0007521774387
-0.0001757428254
-0.000674052455
-9.401120042e-05
3.139694309e-05
6.639702406e-06
-7.774174446e-05
0.0002463843848
0.0005931486958
-1.060421255e-05
-9.867458175e-06
9.243783279e-05
-5.790248542e-05
-3.595109592e-05
-1.53246674e-07
9.063116886e-05
5.537809193e-05
-3.033816756e-05
0.0001171371259
8.761341633e-06
0.0001772428514
0.0003106395889
-2.065957051e-05
4.795173663e-05
-2.464370482e-06
0.00026165077
6.532602129e-06
1.263809008e-05
0.0001879279152
-3.789602488e-05
-0.0004189362808
5.280094774e-05
0.0001010312044
-0.0002824320691
-6.380307605e-05
5.638791481e-05
7.217907114e-05
0.0001102205642
2.814824074e-05
-7.176668441e-05
5.837088611e-05
-4.196293594e-05
0.0001032205546
-4.759166404e-05
-4.258786794e-05
0.0001553582406
4.385415014e-05
-0.0001305808692
6.501187454e-05
0.0001437526807
-0.0001897356124
-0.0006118962774
1.879267256e-05
-2.891876102e-05
4.211951818e-05
-0.0001155607533
8.57284831e-05
3.158005347e-05
-6.140014011e-05
5.270630209e-05
-2.028779818e-05
-2.485519508e-05
5.895168215e-05
6.503576878e-05
-7.049551641e-05
-3.841027865e-05
-4.748098945e-06
-0.0001539057121
-5.408193829e-05
-4.096559678e-06
-1.55873422e-05
-8.033505583e-05
0.0001792863623
0.0001342019968
3.004174687e-08
3.659366484e-06
-7.873799041e-05
-2.920019506e-05
-2.507927093e-05
-1.870987944e-05
1.286870975e-05
7.108062709e-05
-3.638381168e-05
-2.451366345e-05
-5.182881432e-05
0.0005303999642
1.178979346e-06
-2.693111674e-05
-0.0003450841468
0.0003725815623
6.641653727e-06
1.575158421e-06
0.0002734248701
-9.870864233e-06
-9.589206456e-06
-1.659322879e-05
-1.982551657e-05
-0.0001373087434
-9.075696653e-06
4.370140596e-05
-7.893406291e-06
9.404475713e-05
2.692815542e-05
2.641703759e-05
3.628874765e-06
-5.476080696e-05
0.0001999774395
1.138693187e-05
-9.210958524e-06
0.0003919228329
-1.10468327e-05
6.087216207e-06
1.026244354e-05
7.431951417e-06
-0.0001350014063
2.323959734e-06
-2.121036687e-06
1.127853011e-08
-4.010725388e-05
-3.954628482e-05
-1.071409588e-05
-1.424740822e-05
-1.015615908e-05
-3.358354297e-05
-2.985998981e-05
2.629439768e-05
2.146671068e-05
1.063719901e-05
-0.000157465649
3.48044e-06
-9.917871648e-05
-1.419459659e-05
-3.452788951e-05
0.0003178499464
-4.187962077e-06
2.448861051e-05
4.47709026e-05
3.706125062e-05
-8.273732965e-05
-0.0001549610461
-0.0001418017782
4.356263162e-05
-9.430653881e-05
9.758155647e-05
-8.744016668e-05
5.709885954e-06
-0.0001367181976
0.0001874042791
3.205527537e-05
-0.0001204235305
-9.693932952e-06
6.719685189e-05
-3.00032716e-05
7.976543566e-05
0.000121423589
2.605052032e-05
-3.293215559e-05
-0.0002307294781
-0.0001499533973
9.674813191e-05
6.733334885e-05
0.0001873358415
7.45518264e-05
-0.0001086090779
-2.099232006e-05
-6.055960694e-05
-8.613264799e-05
-2.209557351e-05
2.414926712e-05
0.0001729319338
0.0001335545676
4.334146797e-05
-3.488856601e-05
-8.555449313e-06
0.0001025748134
-0.0002178822033
3.539869795e-05
-3.563274731e-05
1.551345304e-05
-0.0001448730618
4.716718468e-05
8.423145482e-05
0.0001312180102
-0.0001121448295
-7.923757221e-05
2.388926987e-06
-7.383647608e-05
3.107389057e-05
-0.0001690070349
-5.176017294e-05
-0.0001252862858
-0.0002514705993
1.657583744e-05
2.347191867e-06
-5.69966578e-05
4.107760469e-05
-0.0001105853007
-4.493275992e-05
7.611441833e-05
-8.728211833e-05
0.0001049043058
8.829827857e-05
-1.214681288e-05
-2.460597898e-05
-0.0001096532214
0.000184265431
8.879501547e-05
7.565465057e-05
-3.792766074e-05
-8.286975572e-06
-6.684604159e-05
-2.535191015e-05
3.588887012e-06
-0.0001182737615
-6.849412785e-06
-2.392351053e-05
-5.976284592e-05
1.937111665e-05
-1.357067049e-05
2.19640151e-06
-0.0001135340935
-8.289165407e-07
3.634969471e-05
7.629460015e-05
-2.524424235e-05
5.772200893e-06
1.825918116e-05
-8.672467811e-05
3.625660975e-05
-5.236076322e-05
-6.10537063e-06
-9.136726294e-05
-4.185105354e-05
0.0001685849857
9.90681292e-05
-3.994067811e-05
3.466374255e-05
5.950876221e-05
4.993057155e-05
-3.048909093e-05
-2.907010639e-05
-0.0001243415027
4.505891775e-05
-1.043803695e-05
5.155622785e-05
-9.189277989e-06
0.0001102808819
4.408728637e-05
8.977405378e-05
1.583144876e-05
1.717594205e-05
0.0001194808428
-4.236857421e-05
1.734253783e-05
-1.383985e-05
2.135040086e-05
1.219124351e-05
2.702335041e-05
-7.869694673e-05
-1.905266981e-05
-0.0001174430654
-6.520504394e-05
3.913890032e-05
-6.715684867e-05
-0.0001586710569
1.87270216e-05
-6.087965085e-05
-9.672223678e-05
-0.0001105684496
3.01906075e-05
-3.265648411e-05
7.349968655e-05
-5.273271381e-05
2.375834583e-06
-6.602139183e-05
8.557724504e-05
2.840116213e-05
-7.598634693e-05
-5.974950454e-07
5.066648373e-05
-1.29376167e-05
4.15220602e-05
7.787598588e-05
2.366912122e-05
-2.783667151e-05
-0.0001545452542
-0.000110567933
6.50472939e-05
6.179065531e-05
0.0001311028609
1.489048555e-05
-7.444019866e-05
-3.895532245e-06
-2.783099262e-05
-4.751880988e-05
-4.608431482e-05
-9.587373825e-06
6.956897414e-05
7.783439651e-05
3.599290494e-06
-1.826350126e-05
-9.846340618e-06
7.966223347e-05
-0.0001544252154
2.423227124e-05
-2.603794019e-05
2.991158362e-05
-9.295534983e-05
4.213551802e-05
2.557749394e-05
8.550200437e-05
-7.917259791e-05
-4.58587092e-05
-2.725309514e-06
-2.634814336e-05
3.281955287e-05
-0.0001172078119
-5.147084448e-05
-7.976122288e-05
-0.0001342409669
2.276944724e-05
1.568347898e-06
6.599100288e-07
4.539524525e-05
-7.258010737e-05
-5.096768291e-05
4.787911166e-05
-7.18887386e-05
5.929982945e-05
6.913638208e-05
-1.329121233e-06
-8.13889892e-06
-4.745088881e-05
9.330757894e-05
3.437027408e-05
4.138079385e-05
-2.229010533e-05
1.945047188e-06
-4.630822514e-05
-2.383396168e-05
3.821226528e-06
-6.58936915e-05
7.390186965e-06
-1.431047258e-05
-6.778888201e-05
-1.577989497e-05
-3.878000825e-06
4.390443337e-06
-8.991388313e-05
1.187951239e-05
2.671375296e-05
2.952546492e-05
-9.791734556e-06
8.827200872e-07
1.655674532e-05
-5.074661385e-05
1.134636295e-05
-7.162366273e-06
3.278281838e-06
-3.79243611e-05
-1.697708467e-05
6.00052299e-05
5.983958181e-05
-1.791278737e-05
2.19510257e-05
5.448256707e-05
3.2594613e-05
-1.553902803e-05
-1.309951494e-05
-8.42071604e-05
2.844035225e-05
-4.316670129e-06
1.822757622e-05
-7.913875379e-06
6.900129665e-05
1.286200495e-05
5.749123738e-05
2.310423224e-05
8.926514965e-06
3.045362791e-05
-2.8459448e-05
7.936196198e-06
-8.416440323e-06
1.017873365e-05
3.268559885e-05
2.082864194e-05
-6.070316522e-05
-5.241366125e-06
-5.317101386e-05
-1.355291988e-05
2.055203549e-05
-3.857529373e-05
-9.336129733e-05
7.219698546e-06
-3.173404366e-06
-4.626045211e-06
-5.841404345e-06
1.551261448e-06
-2.176994258e-06
3.396139618e-06
-1.752523872e-06
1.106085534e-08
-3.176163546e-06
5.533275726e-06
2.444799748e-06
-1.183942572e-06
-2.574899725e-07
2.649852377e-06
-1.040982511e-06
2.93502535e-06
4.131604328e-06
1.101743123e-06
-1.139174287e-06
-1.051706568e-05
-7.201946573e-06
4.411279406e-06
3.607492545e-06
5.391647392e-06
3.86210445e-07
-3.601984645e-06
3.175705672e-07
-2.826079935e-06
-1.135350999e-06
-2.611988293e-06
4.806073761e-08
4.008966243e-06
4.770972737e-06
3.21908459e-07
-1.219675596e-06
-9.123679661e-07
4.355687906e-06
-9.360633157e-06
1.609228889e-06
-1.486514634e-06
2.238054577e-07
-6.547060366e-06
2.350382829e-06
1.228706537e-06
5.372032319e-06
-4.862143669e-06
-7.452687214e-07
1.652196318e-07
-2.427218305e-06
1.715098279e-06
-6.474767815e-06
-2.559748964e-06
-1.950297246e-06
-7.00700366e-06
8.430114349e-07
-2.416335008e-07
-9.907286085e-07
2.635340252e-06
-3.472025128e-06
-2.59250487e-06
3.339448085e-06
-4.118595825e-06
3.759211268e-06
4.232326773e-06
-2.21675208e-07
-3.999834348e-07
-1.222232981e-06
6.300386303e-06
2.414278242e-06
2.338124204e-06
-1.125944209e-06
-9.491263882e-07
-3.170795026e-06
-2.222121566e-06
-3.863452491e-08
-9.09083667e-07
5.431213594e-07
-9.851331697e-07
-7.66285757e-06
3.265591886e-07
-1.245036856e-07
3.359755851e-07
-4.547796834e-06
2.39573933e-06
1.660206067e-06
1.841377752e-06
-7.483673699e-07
-6.108984962e-07
9.793004665e-07
-2.45377214e-06
9.46264322e-07
3.19725757e-09
1.231710485e-06
-1.992257467e-06
-9.166715245e-07
3.286040283e-06
4.992325557e-06
-9.46796149e-07
2.150894716e-06
4.744317266e-06
1.817342763e-06
-1.13817282e-06
-7.27005272e-07
-4.313071713e-06
-7.659110111e-07
-3.225709406e-07
9.861009858e-07
-3.465626719e-07
3.428901891e-06
3.483090438e-07
3.225767614e-06
1.058246198e-06
3.49665811e-07
1.389268618e-06
-1.916422661e-06
8.330077321e-07
1.408899948e-07
8.224324688e-07
-1.553404786e-06
1.170434757e-06
-4.872666977e-06
-5.001061822e-07
-2.84088128e-06
1.651055641e-06
1.802969905e-06
-2.072573125e-06
-5.305076684e-06
1.682015522e-07
3.805308779e-07
1.165973345e-06
1.113719463e-06
-1.863032963e-07
1.074948045e-06
-3.055185687e-07
1.024630137e-06
3.709623684e-07
1.265517767e-06
-8.981945143e-07
-6.19468068e-08
9.889024568e-07
1.892423853e-07
-6.484007713e-07
6.305426155e-07
-4.676602998e-07
-1.411613198e-06
-2.966565944e-07
5.730694284e-07
2.206590125e-06
1.611001153e-06
-9.581848417e-07
-4.707604546e-07
-1.062380306e-06
-7.676440532e-07
4.952981385e-07
3.213920081e-07
1.059717079e-06
4.880785696e-07
8.305612482e-07
-5.02982509e-08
-1.110827725e-06
-8.192764653e-07
-1.750842387e-07
2.736750275e-07
6.44170143e-07
-1.05717811e-06
1.917222789e-06
-2.178505696e-07
4.79698997e-07
4.617701279e-07
1.460782073e-06
-2.90965346e-07
-6.880301839e-07
-1.353099037e-06
1.016470947e-06
1.180223762e-06
-1.815782866e-07
1.049038815e-06
-2.217657453e-07
1.451296271e-06
9.014064517e-08
1.105222964e-06
2.000047516e-06
4.311786483e-10
7.122740442e-08
7.267606748e-07
1.324037271e-07
1.230356816e-06
-3.085641254e-08
-7.853589636e-07
6.547971907e-07
-4.895964594e-07
-8.3091237e-07
2.123146814e-08
2.527743845e-07
8.572699244e-07
-1.30111448e-06
-7.392583257e-07
-4.372204216e-07
2.553170759e-07
3.794313272e-07
2.642309482e-09
6.579732599e-07
3.844907042e-07
1.02736476e-06
4.021416089e-08
4.215468152e-07
1.676754664e-06
2.528466609e-07
-3.76650604e-08
-1.986768865e-07
1.431518513e-06
-9.573101067e-08
-4.320570781e-07
-3.376053996e-07
2.585831567e-07
-3.798251669e-07
-2.931064955e-07
4.881096061e-07
-2.997652473e-07
7.504668815e-07
-1.566830576e-07
7.69603389e-07
3.366020849e-07
-8.267864473e-07
-3.819597794e-07
3.972044169e-07
-3.820733241e-07
-1.692068281e-07
-5.288856073e-07
3.349775568e-07
2.371839827e-07
1.274578835e-06
3.224830607e-07
1.545282515e-07
-4.614100249e-07
-4.457662328e-08
-1.242618282e-06
6.682359555e-08
-7.620719202e-07
-9.447229843e-08
-2.320786479e-07
-4.065234691e-07
4.386525916e-07
-4.049767881e-07
-9.865870254e-08
-3.139573437e-07
3.724804287e-07
-4.41229389e-07
1.51884592e-06
1.755317243e-07
1.367456889e-06
5.201804925e-07
-3.397138073e-07
5.271781447e-07
1.359579301e-06
-2.444228073e-07
-0.003137579653
-0.002165764105
-0.002487186808
0.003410377074
-0.002005707938
0.004483768251
-0.003844985738
2.968816261e-05
0.0001665514137
0.003136897692
0.005240960047
0.008285518736
0.0005244328058
0.003242586274
-0.0009814638179
0.01221989281
0.004090494476
-0.000631763367
0.004414175637
-0.002481524134
-0.006749249063
0.005587540567
0.004273949191
0.002776828595
0.0003661827941
-0.004166930448
0.003072303021
0.001655577682
-0.0004337102873
-0.005168353673
0.003045151243
0.004093923606
0.00641015172
0.00150199153
-0.002103026025
0.003080358729
0.002624120098
-0.005723440554
0.002409073059
0.007703023497
-0.003673085477
-0.006590792444
0.001720364788
0.0003616467293
0.00787784718
-0.003718162421
0.001460597035
0.00342091429
-0.006197795738
0.00233136164
-0.006894242484
-0.0007368654478
-0.001565851155
-0.003990687896
-0.001288378146
0.001265817787
-0.00168108556
-0.003177030943
-0.00263459445
-0.00201657298
0.005042638164
-0.003499520477
0.007315471768
0.005546547938
0.002074104035
-0.0005733061116
-0.002681586891
0.003901593154
0.001783189364
0.002143414691
8.211185923e-05
-0.002350999275
-0.004824659787
-0.002398662269
-0.0002114154631
0.005535620265
0.001229804242
-0.00180371583
-0.0156813208
0.005336566828
0.0009417998954
0.001203219406
-0.001230357215
-0.0006971708499
0.002252933569
0.002183499048
0.0006278475048
-0.004484850913
0.001463534427
-0.002719353652
0.001280398341
0.0005815000623
0.0005364344688
-0.00241241348
-0.0004673798685
0.002712307498
0.002426723018
0.001198855578
0.0004843225179
-0.001911295578
0.002434532158
0.001458683866
0.0009341162513
-0.002448373474
-0.004300251137
-0.0004456308379
0.0008549113991
-8.461298421e-05
0.002459982177
-0.001129906159
0.004595730919
0.003157045227
0.001851671492
-0.0001719248394
-0.003075606655
0.002306116512
0.0004211919731
0.001588538056
-0.004898615181
0.001176530728
-0.006896451116
-0.0003509299131
-0.002550844802
0.003087598132
0.002817171626
-0.0005227186484
-0.001145851682
0.002222206211
0.0001597509836
0.0005217805738
-0.0001977983629
-0.0001979281515
0.00053258345
-0.0004975063493
0.0008385735564
0.0002166769555
0.000865036156
-0.0002108348272
-2.330412826e-06
-4.103309038e-05
4.92628642e-05
-0.000277817715
2.445966675e-05
-0.0008509719046
-0.0007516056066
-1.833806891e-06
0.0003937673464
6.28020789e-05
0.001057448331
-0.000609009061
8.461604011e-05
-0.0004160748795
-0.0003971119004
0.0001991767349
-0.0001477453188
0.0003887167841
0.0001767278591
0.0002876440994
-0.000389929075
-0.0007408825913
-0.0007158748922
-0.0002994141541
-0.0003070572857
2.505278826e-05
-0.0008612450329
0.0002276271698
0.0002015656501
0.0001540080702
0.0001722743327
0.0005949996412
-6.628008123e-05
-0.0003251892922
-0.0009716581553
0.0003803138679
0.0006500011077
-3.162311623e-05
0.001456969883
-6.591143756e-05
0.0009231748409
-0.0002344045497
0.001777119352
0.001000571996
-0.0005242999177
-0.000131442197
0.0004828922974
0.001547647291
0.0002570175275
-0.0003940425231
-0.0009031467489
-0.0001085738913
-5.702957424e-05
0.0003751194163
2.851632962e-05
0.0003537129378
0.0003903932229
-0.001088832039
-0.0004130288726
-0.0001990183227
8.139562851e-05
0.0002440654644
0.0002605316113
0.0001864601218
0.0001212037605
0.0004664971784
0.0002261430782
0.0002541715803
0.0009206657996
-0.0002980254358
3.416127583e-05
-0.0001461603388
0.001141324406
5.5605331e-05
-0.0002540602582
-0.0003783014545
0.0002016246144
-0.000122086698
-0.0001314168767
0.000327506481
-0.0003383734147
3.176253449e-05
1.459638952e-05
0.0006157789612
0.0002802007366
-0.0007554439944
-3.50773189e-05
0.0002521143178
-0.0002460619726
0.0006723006954
-0.0003135352745
0.0002928889007
-1.843519931e-05
0.000929566042
-0.0001182311535
0.0002235491411
-0.0003945780045
-2.436534851e-05
-0.0006936541176
0.0001628089958
-0.0005743313232
0.0004022649082
-0.0001917747431
-0.0004879705666
0.0001433988509
-0.000516128086
-0.0002917629608
-0.0002058706887
7.536915655e-05
-0.0002853574115
0.0007524451939
0.0001236665412
0.0005485293223
0.0005847218563
-0.0002970654459
0.000380714162
0.0006721907412
8.405304106e-05
-6.554308493e-05
3.968523015e-05
-0.0001914253371
-1.512592689e-06
-7.79812035e-05
0.0002130190114
-1.237934703e-05
-6.110700633e-05
0.0001194801298
0.0001202125204
0.0002998444252
0.0004697688273
-4.518215792e-05
0.0001343681943
-2.687983942e-05
0.000549961871
0.0001143376212
3.055667548e-05
0.0002807097044
-0.0001133280166
-0.0006801601266
0.0001783789776
0.0002035657235
-0.0004409037356
-6.183106598e-05
1.933795284e-05
0.0001242750877
0.0001121876994
-2.713776666e-06
-0.0001714894461
0.0001179158353
2.653282354e-05
0.0002701129415
-3.806036693e-05
-0.0001041583237
0.0002242532501
0.0001476614416
-0.0003252338793
0.0001158084342
0.0002588823845
-0.0003318139934
-0.0008934703656
4.903191075e-05
2.906588816e-05
0.0002012532204
-0.0002726014936
9.84788785e-05
6.322411355e-05
-0.0001768940128
0.0001073037638
-0.0001610985055
-6.020691944e-05
2.90276439e-05
-4.72660322e-05
-0.0001225168526
-5.984907693e-05
-7.59773684e-05
-0.0002238479501
-0.0001842735801
-3.176304745e-05
6.546956865e-05
-0.000178276634
0.0003728288284
0.0002814478357
2.017883526e-05
-3.070509047e-05
-0.0002226131473
4.807737059e-05
8.419892765e-06
3.021903831e-05
1.767182403e-05
2.48982542e-05
-0.0001322877215
-0.0001013520232
-0.0001200277693
0.0007366352947
-8.446953871e-06
-7.370796084e-05
-0.0007638311945
0.0005639479496
2.991994734e-05
2.89207419e-05
0.0003327483137
2.834390216e-07
2.661765029e-05
1.155354948e-05
-3.374067091e-05
-0.0002748412371
1.814338248e-05
1.334117133e-05
2.840422894e-05
8.063476707e-05
4.318112406e-05
-3.64168227e-05
-2.303641668e-05
2.13360745e-05
0.0003185782407
1.626835183e-05
3.206296969e-05
0.0004396236327
3.24852881e-05
1.072872419e-05
2.591848533e-05
-0.0001009588523
-0.000246534677
-2.962197141e-05
3.359567927e-05
-2.462747943e-06
1.372165389e-05
-6.229357678e-05
7.587602158e-05
1.759603583e-05
1.272316695e-05
2.192628017e-06
-0.0001047828191
8.021239046e-05
4.674663069e-05
4.156237264e-05
-0.0002980066056
8.791688742e-06
-0.0003133334103
-3.376073073e-05
-0.0001747200586
0.000427162915
2.021878026e-05
-4.634153811e-06
-8.753326256e-06
2.140341167e-05
0.006864221767
0.01680739596
-0.01858241111
0.003303809557
0.002783634933
-0.01356784254
0.016500175
0.01981501281
-0.007520108484
-0.008731627837
0.004803428426
-0.02604316548
0.00672245305
-0.001205202192
0.02176302671
-0.02800832875
-0.03040855005
0.02351109684
-0.007277755998
0.001057768241
-0.01099970192
-0.01158440858
-0.005951689556
0.03429895639
-0.02246288769
0.006797309965
-0.01202014927
0.03419592977
-0.01139453892
0.0244673267
-0.01930535398
-0.02928728051
-0.01767918468
-0.02205318399
-0.003883016761
-0.006050508935
-0.002406535903
-0.0006656834739
-0.009556120262
-0.02108179964
0.01847148687
-0.003702374874
-0.008815284818
-0.008589364588
-0.03139782697
-0.01289383229
-0.0101146251
-0.02341077849
0.026963396
-0.008845592849
0.02483280189
-0.01995844953
-0.0003026808554
-0.00658137165
-0.01192284096
0.000792535895
-0.01160634588
0.01415594853
0.005109486636
-0.01454347372
-0.03222839907
0.0005973652005
-0.03764679283
-0.0187721923
-0.002219430637
0.003686994314
-0.005664462689
-0.01858497038
-0.01886425726
0.0007321267622
0.007945755497
0.0291729942
-0.007854244672
0.03752152622
0.007834106684
0.01801330596
-0.01476687193
0.01843455434
0.06992352009
-0.01902023703
0.002606355585
0.003505332395
0.02408626862
-0.008769931272
0.0009699712391
-0.003864819882
0.002015271457
-0.00702182157
-0.002250381978
5.846515705e-05
0.001405089628
0.008293971419
-0.004849538207
0.01456493698
0.01413190272
-0.008634962142
0.002165692626
0.002318021841
-0.0050901426
0.01659751683
-0.01462114323
0.000197557456
0.003717180574
0.005682311952
0.03142015263
-0.00886619743
-0.01383726485
0.004884958733
-0.01555693615
-0.0090308832
-0.01667893305
-0.006172764115
0.002426488791
0.004962068051
0.01468847878
-0.02060678974
0.001107285381
-0.01265872922
0.0248451177
-0.01198845357
0.01964891143
0.009862179868
0.01350664906
0.005857671611
-0.01047495473
0.007231620606
-0.001209072419
-0.002336332342
7.209977866e-06
2.036199476e-05
1.103605064e-05
-4.732652542e-06
1.590182183e-05
-1.239878929e-05
1.740117295e-05
-4.425792213e-06
1.894015986e-05
-2.886571565e-05
-3.40322913e-06
1.334079843e-05
5.078391041e-06
-3.649037353e-06
4.22694211e-06
-9.036657502e-06
-1.470481038e-05
-1.296566097e-06
3.466997214e-07
-2.753090484e-05
7.855756849e-06
-8.678519407e-06
1.704305532e-07
-2.052166019e-05
-1.43086545e-05
1.169504321e-05
9.853820302e-06
7.980442206e-06
1.572162182e-05
-3.298445563e-06
-6.721826594e-06
-2.109035995e-05
-1.926116056e-05
-7.99420468e-06
2.553977993e-06
-6.789824965e-06
-8.422600331e-06
2.174193105e-05
3.678418807e-06
-1.189673299e-06
-3.41009968e-06
-5.130208365e-07
-1.120044203e-06
-1.63119239e-05
-1.332362535e-05
1.255212646e-05
1.448207331e-05
-3.960893082e-06
5.447100193e-06
2.560621397e-06
1.611461448e-05
5.975465683e-06
1.76749345e-05
3.282948092e-05
-6.605999261e-06
8.686049568e-07
8.700946637e-06
-1.338020138e-05
1.275485738e-05
1.581155857e-06
-8.529492334e-06
6.520947409e-06
-1.51594686e-05
2.143495749e-06
3.442066827e-06
7.762604582e-06
8.701056686e-06
-1.611979678e-05
-1.24411772e-05
-9.050040717e-06
6.496439255e-06
-1.384985353e-06
1.031227839e-06
-2.042971573e-06
1.000737484e-06
1.489462011e-05
2.85222859e-06
5.46536512e-07
1.208409503e-05
-1.160242482e-05
2.76237256e-06
7.611448041e-07
2.08978272e-05
2.840965635e-06
-2.435614078e-06
-7.558055131e-06
3.915312845e-06
-6.596106687e-06
-1.361647151e-07
1.078950481e-05
-6.284702067e-06
1.003301986e-05
-1.257318672e-06
1.602991324e-05
7.33445313e-06
-2.632339783e-05
-1.806384535e-05
8.04319734e-06
-7.933220331e-06
3.397183173e-05
-5.622629033e-06
6.679970284e-06
4.27959003e-06
1.718366912e-05
-1.033472472e-05
2.511592129e-06
-8.104043445e-06
2.181225682e-06
-2.259952998e-05
-8.067905583e-06
-9.971503459e-06
-9.494385722e-08
3.861507878e-07
-1.749474359e-05
4.579970664e-06
-1.140977474e-06
2.599570053e-06
-1.879730007e-06
-2.411696869e-06
-2.69532211e-06
5.009081178e-06
3.421338079e-06
2.498348113e-05
7.452080808e-06
-3.504201686e-06
1.091484955e-05
2.064483124e-05
7.84682652e-06
-0.0002307239629
-0.0005314267473
0.0001920888608
0.0002941427229
-0.0004122149548
0.0007866611122
-0.0008180817822
-0.0002824208059
-0.0008031497127
0.0001408308744
1.713647725e-05
0.0001481618965
5.834733383e-05
0.0003669834114
0.000109737608
0.0008492347552
0.0007855891599
-2.283534741e-05
-0.0005016693613
0.0001795941353
-0.001163275447
0.0007253575022
-4.104352774e-05
1.012015855e-05
0.0002916024823
-0.0001660654234
0.0003391258942
-0.000262702175
-0.0001495330071
-0.0003354652436
0.0003960054892
0.000768442871
0.0007484507514
0.0003021105367
0.000370056805
5.567083281e-05
0.0009534099372
-0.0001936672052
-0.0002717481984
-7.053314039e-05
-5.140089343e-05
-0.000515278778
0.0001581430843
0.0003581151832
0.001051220461
-0.00024262222
-0.0004612289194
-5.822825551e-05
-0.001726165065
0.0002051162446
-0.001164944726
0.0002917719539
-0.002011558972
-0.001118149376
0.000591971213
0.0002366855624
-0.0003525081265
-0.00186807604
-0.0001713846577
0.0002446601284
0.001044535427
0.0001334931148
-3.183008812e-05
-0.0004436994786
0.0001293474779
-0.000387495762
-0.000512646453
0.0009420303977
0.0004242010182
0.0002743627119
2.225558273e-05
-0.000152463268
-0.0004716148833
-0.0001064679454
-0.0002358260681
-0.000393803959
-0.0003007976338
-0.0003083013871
-0.0006582149072
0.0002339941711
0.00014604647
0.0002431437024
-0.001014419016
-0.0001076853659
0.0003203486267
0.0003991581325
-6.078003207e-05
-0.0001118636064
0.0002641357714
-0.0003904155747
0.0003559281758
3.567735985e-05
8.801975127e-06
-0.0006227762206
-0.0003206093097
0.0007523046224
0.0001214808726
-5.522106221e-05
0.0002417745272
-0.0006209766143
0.0002957943361
-5.388185309e-05
0.0001648195466
-0.0008783865487
0.0001874954323
-0.0002878047817
0.000414788723
2.644180495e-05
0.0007928336272
-0.0002590792719
0.00058986363
-7.275483222e-05
0.0002355910983
0.0004756474227
-0.0003883012396
0.0004908795818
0.0003239997604
0.0002865799761
3.208882117e-05
5.702513954e-05
-0.0005371178268
-6.656795449e-05
-0.0004557030625
-0.0005520992563
0.000430485321
-0.0003122608468
-0.0006624545786
-1.559667544e-05
0.00458414061
0.009192206897
-0.01633800939
0.003978449851
0.001235509291
-0.007376560941
0.0153525155
0.0153109841
-0.01003087591
-0.005709991325
-0.001084047602
-0.02066919766
0.004687144421
-0.005183361471
0.01301461924
-0.02378568612
-0.02139683999
0.01748600602
-0.004123796709
-0.02321239561
-0.006995826494
-0.01462549344
-0.006396186538
0.02100422606
-0.01503491588
0.004299169406
-0.01035226788
0.02240507863
-0.008485358208
0.0237406157
-0.01647909358
-0.02186040767
-0.0172334332
-0.01884486154
-0.002457554685
-0.0075201937
-0.001022370649
-0.002896139864
-0.005842965096
-0.01972353458
0.0193628259
-0.0003482700558
-0.01821883582
-0.006888766307
-0.02460912056
-0.008411781862
-0.008859304711
-0.003628302598
0.0198736079
-0.007458117791
0.01674568094
-0.01354922727
-0.002031897195
-0.00581006147
-0.006970024668
0.0004230430932
-0.01058048103
0.001953277038
-0.005018004682
-0.01024590898
-0.0232278239
-0.001476509264
-0.03158693016
-0.01923356205
-0.002339932136
0.002409553621
-0.002764339792
-0.01383010391
-0.01214486547
0.001070096157
0.006133947987
0.01863655448
-0.003633697983
0.02557714097
0.005556816235
-0.01808811724
-0.01063685212
0.0126984315
0.03746182844
0.007061767392
0.001865333528
0.002081055194
0.0116023235
-0.004832901061
0.0008093297365
-0.004788923077
0.0009285825654
-0.00393662136
-0.001476210775
-0.000803800358
0.000622665626
0.008041019551
-0.002437080024
0.01025620755
0.01002297923
-0.007443823386
-0.001421201625
0.001148370677
-0.002219284885
0.002132711466
-0.008662858047
-0.0003699816298
0.002004592912
0.003482899396
0.02703316137
-0.005406957585
-0.009824439883
0.003667847719
-0.01106441673
-0.005617055111
-0.01397212502
-0.004731595982
0.001584284357
0.003726487746
0.01180962473
-0.01504531968
0.0005438779481
-0.009781938978
0.006389369257
-0.007982160896
0.01413439959
0.007685357239
0.02042214945
0.02082759887
-0.00719923526
0.004945744295
-0.001144568319
-0.002332387958
0.0003358116373
-0.0003951473918
-0.001132141333
-0.0006287852884
-0.0005784516688
-0.001246273285
0.0001801562175
-0.000246712385
-0.0001757817226
0.0005784291425
-4.844829527e-05
-0.0007345044869
-0.0004800688475
-1.466801041e-05
-0.0009829833871
-0.0007513670134
-0.0001662492432
0.0001895289315
0.0006037370185
-0.002184877172
0.0004005794472
-0.0004542439419
-8.594543033e-05
0.0005064413417
0.0005083305296
0.0002170664229
-0.0009739586385
-0.0008437713259
6.860817666e-05
5.123559822e-05
-8.956716192e-05
-0.0002646434295
0.0004737239215
-8.978646656e-05
-0.0005152666708
-0.0006192535511
-0.0005592780653
-0.001092802733
0.0001947697019
1.016563692e-05
-0.0006996978773
-0.0005444253911
-0.0002877719817
0.0002843197435
-0.0005856140051
-0.0003810710332
-0.000349100621
0.0004378623562
0.001372746308
-0.0003017468262
0.0010127516
-0.0001776682911
0.002034112113
0.000256085943
-0.0008798947674
-0.0005745464587
-0.0002869399905
0.002245000796
-0.0006571065751
-0.0002095209347
2.783825221e-05
-0.000322855456
8.214788249e-05
0.002062715823
-0.0004555521009
-7.522355736e-05
-0.0008125272579
0.0005255540018
0.000214638465
-0.0002754619927
-0.0004790313542
-0.0005539787817
0.001049493789
-0.0005940781557
-0.0001665765303
-0.0005025693681
0.0001963866816
-0.0002656448924
-0.0009279960068
0.000153735542
-0.0003882655292
-0.0004044438247
-0.0003130983387
-0.0001994033373
-0.0003271199821
-3.463833309e-06
-0.000382347469
0.0008022121037
-0.0002291431592
0.0003757110098
-0.0001868021791
-0.0007598253433
2.87386938e-05
-3.783434295e-05
-0.000261933048
-0.000150200387
0.0007496289327
-0.000575606944
-0.0002678583842
2.416283678e-06
4.477877155e-05
-0.0004434084985
-0.0007048390107
0.0001626138837
-0.0003642417141
-1.746500129e-05
0.0001225882734
3.41123523e-05
0.0001917069021
0.000252852944
-0.0003248248831
-0.0004166887375
-0.0001864685473
-7.856849697e-05
0.000739417912
-0.000109812041
2.07606281e-05
-9.361567936e-05
-0.0005818207283
0.0001677599066
-0.0009616462048
-0.0002195202396
-0.0006900306325
-0.0002414480987
0.0002357031626
-0.0001545880805
4.12340305e-05
0.0003795346129
-0.0001507013949
-0.0003879200376
0.0001354027772
0.0001829343528
-0.0003091278195
0.0005215898855
-0.0006044815527
-0.0002209546947
-0.000604999077
0.0001172661141
-1.604215413e-06
8.115684614e-05
2.209503873e-05
0.0002459165407
4.069054557e-05
0.0005791435833
0.0005560438149
-9.526284884e-06
-0.0003490090312
5.669527309e-05
-0.0008468691958
0.0004901453503
-5.349460844e-05
4.033494042e-05
0.0002266449301
-9.351246263e-05
0.0001907142578
-0.0002295047452
-6.875632971e-05
-0.0002318794432
0.000287803734
0.0005592085072
0.0005963391159
0.0002179692383
0.0002769236744
1.747282658e-05
0.000661687227
-0.0001563559053
-0.0001918417256
-2.731507811e-05
-7.483859372e-05
-0.0004059443017
8.812405576e-05
0.000276758481
0.0007195103681
-0.0001869623375
-0.0003776589001
-1.689636701e-05
-0.001201614388
0.0001251827052
-0.0007919959025
0.0002089668269
-0.00140977616
-0.0008011194295
0.0004525237891
0.0001509191643
-0.0002836434578
-0.001293309382
-0.0001487280097
0.0002139483258
0.0007495573955
9.43436462e-05
-4.374337732e-05
-0.0002548305492
7.714000822e-05
-0.0003336284135
-0.0003669029393
0.0007211176562
0.0003058064613
0.0002149983484
-8.815186447e-07
-0.0001377431327
-0.0002940758714
-0.0001022053548
-0.0005210941308
-0.0002987117914
-0.000240494177
-0.000211401828
-0.000530474179
0.0001777523139
9.970282554e-05
0.0001643493015
-0.0007578983204
-0.0001848720858
0.0002205707278
0.0003085750795
-5.348832929e-05
-5.041530676e-05
0.0001504077081
-0.0002654223354
0.0002578085696
8.154413081e-06
0.0001534717449
-0.0005010649911
-0.0002260929032
0.0005873735645
0.0001538983779
-5.477208106e-05
0.0002188301005
-0.0004631260235
0.0002169399231
-6.044431211e-05
9.139851318e-05
-0.0006555785658
7.401411858e-05
-0.0002243757481
0.0003214161552
2.678197052e-05
0.0005642389879
-0.0001710772776
0.0004241757561
-6.011424193e-05
0.0001538383513
0.0003580467019
-0.0002292381687
0.0003671245067
0.0002291765268
0.0002015245118
-2.025942013e-05
4.778160292e-05
-0.0004505695251
-6.230716826e-05
-0.0003598217154
-0.0004161046818
0.0001215890152
-0.0002142916492
-0.0004775905691
3.757932063e-06
0.0002173615212
0.0001434825244
0.0006125011132
-0.000107581458
0.0002644412452
-0.0004179487878
0.0001927158592
0.0001728875213
-0.0001132100369
-0.0003704089904
-0.0006106522051
-0.0007680612616
8.892168262e-05
-0.0003699601803
9.081639291e-05
-0.001305178623
-0.0003784696746
-7.328561333e-05
-0.0003707722062
-1.989778866e-05
0.001080156188
-0.0004752347595
-0.0004527410492
0.0005915570073
5.021759716e-05
0.0001206369998
-0.000235125277
-0.0001285712351
8.253372653e-05
0.0004041042994
-0.0001855209994
-0.0001991240133
-0.0006507147918
5.457857696e-05
0.0002510947816
-0.0002377707133
-0.0004125279083
0.0006193317822
-0.0002329218405
-0.0004838410823
0.0006630179123
0.001507515437
-0.0001458753541
-0.0001707865158
-0.0005941286799
0.000610425137
-0.0001389967802
-0.0001440152701
0.0005078550894
-0.0002709303226
0.000549434335
0.0001536353375
-5.417641205e-06
0.0003378214897
0.0002399351361
8.694988355e-05
0.0002350485738
0.000717844232
0.0004718227428
0.0001044060482
-0.0002863919362
0.0004402026825
-0.0007486738032
-0.0006545461947
-8.374523168e-05
0.0001402273483
0.00058594445
-0.0002446072758
-8.144031017e-05
-0.0001657664252
-3.883652244e-05
3.636660404e-05
0.0003890444641
0.0003137772146
0.0002642603358
-0.001255203737
1.863664511e-05
0.0001783256594
0.001405685907
-0.001069647959
-8.954063378e-05
-9.988830425e-05
-0.0004163959238
3.588645995e-05
-0.000133434005
-8.335474558e-05
5.5197248e-05
0.0005881446414
-0.0001055847388
8.299600449e-05
-0.0001146608411
-0.0001273926464
-8.172760135e-05
0.000192034553
8.392836025e-05
-0.0002113983792
-0.000504931435
-3.841611033e-05
-0.0001485231624
-0.0002392894821
-0.0001513540192
-3.124170689e-05
-6.459027645e-05
0.0003801147686
0.0004792211985
0.0001071481311
-0.000115012961
3.882982128e-06
-0.0001419561158
0.0001210017072
-0.0003042859025
-0.0001098913344
-5.369920109e-05
-5.472356861e-05
0.0002864216513
-0.0002027749433
-0.0001027021717
-0.0001309790241
0.0005564528983
-1.62283286e-05
0.0007354420377
6.465383922e-05
0.0004678535915
-0.0004972658353
-0.0001116707936
7.408385136e-05
0.0001401783811
-3.85371095e-05
-0.004477737471
-0.005854828749
0.002326763934
0.002648547525
-0.001751874341
0.004191655666
-0.004440336488
-0.002369985683
0.0009638980264
0.003982838709
0.001975905616
0.007681176066
0.001500510494
0.001706538838
-0.004376157187
0.01259888895
0.009495479986
-0.003745237133
0.00409358833
0.001236389973
0.004269953351
0.004731412511
0.007145039272
-0.0004009638506
0.004155056551
-0.004697015975
0.006464848761
-0.007580035832
0.002136396477
-0.00942058675
0.003316115355
0.007519289851
0.006953420583
0.003271876602
-0.0001437186729
0.003342163051
0.001249478781
-0.004909503739
0.008148432709
0.009511666372
-0.00330055668
-0.0004830764665
0.00546204485
0.0007485090755
0.01200067531
0.0005982399452
0.002466573147
0.007435963489
-0.01020680461
0.003016084898
-0.009731396101
0.00149869197
0.001699536224
-0.00249143946
0.002996411407
0.002124338411
0.004079533275
-0.003404512769
-0.002899699844
0.0004247759061
0.008583475836
-0.002934652846
0.0103930058
0.008445207961
0.0009082035976
0.0004821121111
0.0008626522613
0.004759172443
0.004300240893
0.0007265236927
-0.002996827941
-0.003694719868
-0.002725509927
-0.007028766442
-0.0009067094652
-0.006508847699
0.0040849098
-0.003557137214
-0.01936746202
0.004507381469
-0.0003169423144
-0.0003076274588
-0.003306092694
0.002233289648
-7.293963426e-05
0.00301155285
0.0005342582008
0.001528806053
0.0001596493821
-0.002265449846
-0.0007087908452
0.002476119669
0.00108861737
-0.004135582596
-0.003469667397
0.003724670969
0.00104823627
-0.0001240612473
0.002047985094
-0.001334415749
0.004312149249
0.0003618670744
-0.0001720443252
-0.002250511432
-0.006745576393
0.002241571434
0.002810176229
-0.003362888703
0.005262350198
0.001638623769
0.006437407341
0.002577670151
0.0007597133517
-0.0009938541334
-0.003740111832
0.003178399289
-0.001928261481
0.00209122384
-0.002036448335
0.003928135149
-0.004419080913
-0.002096514916
-0.004638906103
-0.0007733968087
0.003272341331
-0.001437181607
-0.0005310616107
0.001135534141
0.003066492965
0.01019171998
-0.02466713823
0.0008339099004
0.004791295622
-0.0100497799
0.02000375651
0.02346756123
-0.0005643855548
-0.01397159323
0.01107282471
-0.04076536745
0.01004255842
0.004059106577
0.02755794115
-0.03138345107
-0.03143320233
0.03155054152
-0.007655080408
-0.01821689866
-0.01369642001
-0.007454096805
0.00147213391
0.05538935587
-0.02780302241
0.002656725701
-0.01072481833
0.03510620818
-0.0186578799
0.01265453547
-0.0318175368
-0.03580791131
-0.01407780685
-0.0293206498
-0.002579127904
-0.007331537083
0.002695734613
-0.01474241167
-0.009784258902
-0.02166586369
0.02497371286
-0.007145766169
-0.001254353207
-0.009283991531
-0.03094555624
-0.0151984822
-0.01195443887
-0.03628813848
0.02510331012
-0.003334865673
0.02247761376
-0.03137432039
-0.0006065536872
-0.01095248573
-0.008047104813
0.00268265768
-0.002178015653
0.02197417058
0.00249534077
-0.02084905468
-0.03611372039
-0.002617528662
-0.04765503481
-0.01478113607
-0.002248161705
0.006511068903
-0.006100890692
-0.02142114751
-0.02778015658
0.002033941913
0.009497374296
0.0374029614
-0.01202665828
0.05249899253
0.008777263574
-0.0007119901129
-0.01654913835
0.01958357729
0.08651149273
-0.04648617283
0.004136791453
0.004728044849
0.02973541431
-0.00904167071
0.0022590484
-0.004558701068
0.004603787791
-0.004691325128
-0.0020804659
-0.006036178675
0.0009785839356
-0.01207771059
-0.006705461536
0.015671473
0.0155059332
-0.01110724919
0.006287025753
0.00368237379
-0.002962076804
0.02459752001
-0.0145610841
0.0007991315215
0.005343511701
0.003518870566
0.03939857706
-0.009225619026
-0.01583575644
0.004266081844
-0.01891992986
-0.01075363159
-0.02005107701
-0.005993991625
0.004347009584
0.004943519831
0.0180771295
-0.02724321932
-0.001978261163
-0.01608487964
0.05448802561
-0.01153872069
0.03237586096
0.01362340711
-0.011743485
0.01302291919
-0.01197857689
0.008460180834
-0.003039360978
-0.00200795359
-2.665209104e-05
0.0005982278963
0.0009639327182
8.942721615e-05
0.0006641697837
0.0005682458286
0.00013847847
0.0002337276965
0.0003150358098
-0.0005832078168
6.90047018e-05
0.0006487116334
0.0002488027094
-0.0001641804993
0.0006711606402
8.977131802e-05
-0.000417546049
-0.0001907358674
-0.0001241929276
0.001890774933
9.760483226e-05
-0.0001094293184
-0.000202389725
-0.0004999104422
-0.000476508867
-4.266439646e-05
0.000533026061
0.0009182757349
2.207583384e-05
0.0001935313921
2.489944927e-05
-0.0001222649007
-5.563654122e-05
3.705090421e-05
0.0003417066182
0.0004338695435
0.0001364059572
0.001040725387
-0.0003341379925
6.573058636e-05
0.0006561712362
0.0007320907316
5.233697448e-05
-0.0004099819635
-6.488253712e-05
0.0006675376208
0.0002336244215
-5.093354412e-05
-0.0005120716523
8.63101468e-06
-2.280124863e-05
0.0001321146556
-0.001010399079
0.0005623235484
0.0004679817939
0.0003685398842
0.0002485129226
-0.001227981993
0.0007113759057
-0.0001901668147
0.0002238068409
0.0004750210501
-0.0002442143741
-0.00116654532
0.0004217650567
0.0001504506799
0.0005775844329
-0.0004983554827
-0.0005049758474
0.0001311168016
0.000407329353
0.0006335620419
-0.0004980522208
0.0005992438528
0.0003616400936
0.0006451720255
0.0001104360053
8.591999358e-05
0.001042384072
-0.0001855532464
0.0003020075383
0.0002137681731
0.0007286694599
8.556671673e-05
0.0001814116404
-7.042280049e-05
0.0003334404028
-0.0003863442107
0.0003794050135
-6.40806611e-05
2.930839764e-05
0.0005798044149
-9.241954831e-05
0.0001898840128
0.0002543882874
-0.0001487175177
-0.0004804817727
0.0005514325458
-2.258379209e-05
0.00016012165
-7.658180402e-05
0.0004741631274
0.0004905815586
0.000309242605
0.0005647598882
4.153594546e-06
-0.0001742744789
-4.800682655e-05
-0.0004322348104
-0.0001208714311
0.0001100236332
0.0003044034529
0.000220371774
-0.000239958812
-0.0003847237094
-0.0001456041355
1.846953091e-05
-6.860452413e-05
0.0008073708741
-0.0001998447842
0.001112631871
0.0002088833135
0.0008277382003
0.000490616716
-0.0001432197023
0.0002823801187
0.0003215305042
-0.0003443664464
-7.264441138e-07
-6.512006621e-06
-1.944472615e-06
-1.321323452e-06
-7.136169643e-06
7.88482339e-07
-8.217740287e-06
-5.410515314e-06
-8.651811186e-06
-9.794036941e-07
-4.619618267e-06
-3.437133955e-06
8.79597053e-07
5.723328741e-06
-4.469217401e-06
4.965544122e-06
8.170013643e-06
1.923364835e-06
-7.25471773e-06
-4.903810623e-05
-7.345101494e-06
8.612296369e-06
9.516334103e-07
7.27978744e-08
2.08086999e-06
-2.360968665e-07
1.41525959e-06
-1.053283813e-05
-3.585375907e-07
-6.989060239e-06
6.710417324e-07
6.454261893e-06
3.001171763e-06
-3.239651392e-07
5.678633102e-07
-1.024175981e-05
9.032100024e-06
-3.785646868e-06
4.67252903e-09
-7.077571354e-06
-8.620349035e-06
-8.382689884e-06
1.139562187e-06
4.067192094e-06
1.089928264e-05
-4.87368925e-06
-5.733228136e-06
-4.66495834e-07
-1.220246213e-05
2.204839802e-06
-7.860739061e-06
2.231695589e-06
-4.314727448e-06
-7.478774478e-06
1.055585699e-06
-9.842059399e-07
-9.536351172e-06
1.522800721e-05
-7.760919289e-06
5.591006811e-06
8.282632734e-06
-2.15165187e-06
-2.755090009e-06
1.067663902e-06
9.158466128e-07
-4.993186849e-06
-6.999952348e-06
1.15781304e-05
2.310455784e-06
1.975524356e-06
3.872200693e-07
-1.316923135e-05
-2.182900516e-06
-1.066916593e-05
-4.784452813e-06
-4.207747043e-05
-1.837123477e-06
-1.923556965e-06
-1.990879537e-05
-3.083124284e-06
2.660295195e-06
2.727132596e-06
4.124195402e-05
-1.585263135e-06
3.080290753e-06
1.30307626e-06
-1.283299298e-06
-1.965032425e-06
2.428583684e-06
-5.374629382e-07
3.801467301e-06
-4.918189916e-06
2.117375971e-06
-7.045168331e-06
-3.586118737e-06
5.223838798e-06
-1.115864598e-05
-1.570577524e-06
3.851150723e-06
-3.27561861e-06
3.239940497e-06
-9.266946108e-07
-1.482209086e-06
-8.377145605e-06
-5.356953352e-06
-1.587149654e-06
3.615722562e-06
-4.284950137e-07
7.441258276e-06
-2.478106126e-06
4.709315363e-06
-6.664243983e-07
1.859218628e-06
2.889045845e-06
-4.762950994e-06
6.354915513e-06
4.234540938e-06
3.375021606e-06
-1.100711961e-05
9.387622413e-07
-1.794580203e-05
8.132235507e-07
-8.969778719e-06
-9.60820762e-06
2.761528776e-06
-2.499607717e-06
-5.643993518e-06
1.521443892e-06
0.0009419576963
0.0006151610287
0.001779212034
-0.0009342787671
0.001012228895
-0.001204239437
0.001272681518
0.000228896999
6.141905033e-06
-0.00146023836
-0.001956585096
-0.00256057363
0.000124340906
-0.001198116923
0.000267243071
-0.004196423106
-0.001464624191
-4.797010479e-05
-0.00127669191
0.0002833465405
0.002544470364
-0.001777709927
-0.001424510032
0.0007534797769
-0.000118392185
0.001097021275
-0.0008801841177
-0.0001145126007
0.0002538214612
0.001462215907
-0.001011602581
-0.001111067133
-0.002244473668
-0.0003515402495
0.0009564789943
-0.0004375568242
-0.001248119166
0.001808556495
-0.0007365583442
-0.002210493432
0.001861941419
0.003015587339
-0.0003858331474
-0.0006499878364
-0.002510427264
0.001821471145
-0.0004317754065
-0.0007923969533
0.001979432302
-0.0007320459699
0.00219388376
0.0003520362952
0.0001871560526
0.001471635071
0.0007249643095
-7.487889525e-05
0.0009592545684
0.001938435016
0.001384612755
0.0006140358746
-0.00152306736
0.001259125653
-0.002567354823
-0.002123990329
-0.0006478194846
0.0003673441825
0.001736388076
-0.001217504148
-0.000462458207
-0.0007684389711
-0.0002587112831
0.0006369756302
0.001598671544
0.0009104849887
0.0004623470886
-0.002798389643
-0.000148928666
0.0006440572324
0.005836216267
-0.002073790645
-0.0004539901856
-0.0005194490659
-3.771601041e-05
0.0002973543887
-0.0008441327955
-0.0004995355848
-4.441721831e-05
0.001993913203
-0.0006774479407
0.000768403348
-0.0005468904274
1.51743734e-05
-0.0002869713935
0.0008316254825
0.0002173811663
-0.0009928832296
-0.0009859672282
-0.0003496313002
-0.0003495746641
0.0008503013523
-0.0007732355152
-0.0003995013831
-0.0003477637656
0.001403678674
0.00166566344
0.0004108192516
-0.0003854809038
-0.0001051629661
-0.0007639446412
0.000479927141
-0.001467799535
-0.000878390565
-0.0005336566246
-0.0001505830296
0.001119046356
-0.0008007607539
-0.0003742521512
-0.0005804110551
0.001878208597
-0.000126145489
0.002763231751
0.0001078306886
0.001587886829
-0.001375194988
-0.0007658373215
0.000270592951
0.0005999911227
-0.0004694507807
0.00345026725
0.007349185646
-0.009896529838
-0.001945798052
0.004673282616
-0.003688469529
0.01226735674
0.009251068346
-0.0008611244848
-0.006319213193
0.002861313522
-0.01895315573
0.001605548896
-0.0006261589006
0.01199861336
-0.01982428692
-0.01569205709
0.01207841281
-0.003428345779
-0.01262230054
-0.004700641148
-0.007453141734
-0.003896942828
0.02141150273
-0.01065422781
0.004531645216
-0.007095843554
0.01647100598
-0.006758281961
0.01076171082
-0.01292774454
-0.0164693892
-0.009358437732
-0.01121871918
-0.0001233635703
-0.005218681879
0.0009855191456
-0.002329960233
-0.006141643971
-0.01438108552
0.01304610632
-0.0001009620901
-0.003095844295
-0.002825805917
-0.0187391825
-0.005435217638
-0.006104756147
-0.01391354389
0.01614958048
-0.003927870654
0.01450932864
-0.01017292496
0.0002177785937
-0.0009999059839
-0.002240464557
-0.001542825485
-0.001813484356
0.01056620572
0.001637616777
-0.006439433433
-0.01654223725
0.0007995105698
-0.02071805112
-0.01038419083
-0.001662501134
0.0008816914633
-0.001062410651
-0.01015745196
-0.01181395259
0.0003196263569
0.005969607271
0.01693103276
-0.0007503747474
0.01788036525
0.004100212362
0.004061102401
-0.008102148771
0.009328871034
0.04397825897
-0.01632379554
0.001930807484
0.001690576668
0.01233703271
-0.003978087567
0.001365941134
-0.004126775544
0.0008065095171
0.0004028462281
-0.0005832858151
0.0004997532815
0.0008258784073
0.00557797635
-0.002838805085
0.008198773488
0.007372793742
-0.006316585001
0.001730826101
0.001222029212
-0.002033417579
0.01074725389
-0.006922348868
-0.0002787911799
0.001539275283
0.003047965933
0.01848581061
-0.004619971383
-0.006981248502
0.005026261322
-0.009979858063
-0.004282540642
-0.01129782759
-0.003801767016
0.0006348896422
0.002209073864
0.008389765397
-0.01048463862
0.0009937526193
-0.00618390739
0.01459089573
-0.006358198822
0.01636195742
0.006334825885
0.004824103788
0.003295367118
-0.006360040512
0.003595821327
-0.0004409952089
-0.002085776301
-5.988010344e-06
-1.737828279e-05
-1.13713686e-05
3.968713372e-06
-1.534780495e-05
6.867929187e-06
-1.578768752e-05
-1.437278115e-06
-2.020839747e-05
1.985428207e-05
1.458180918e-06
-1.276021339e-05
-2.998515356e-06
6.658372968e-06
-7.562669452e-06
1.039506787e-05
1.588514715e-05
2.440816388e-06
-2.996166131e-06
-2.957827019e-05
-1.909515231e-05
1.120004981e-05
3.479295628e-06
1.639098446e-05
1.35176615e-05
-9.949864761e-06
-7.114118944e-06
-1.084441374e-05
-8.0861264e-06
-2.38274356e-06
5.734614206e-06
1.982586036e-05
1.355771565e-05
7.947020094e-06
-3.958870366e-06
-3.965594715e-06
1.107351818e-05
-2.428068728e-05
3.808387419e-07
-4.147702839e-06
-3.466331009e-06
-1.98997077e-05
2.66905613e-06
1.104234798e-05
1.601752774e-05
-1.225708002e-05
-1.529456313e-05
4.151730991e-06
-1.153358971e-05
8.279783401e-07
-1.746102862e-05
-1.021377784e-06
-1.661153874e-05
-2.931908421e-05
6.977031717e-07
-1.020381433e-06
-1.145096485e-05
5.899338476e-07
-1.450976561e-05
-2.503537871e-06
8.915804756e-06
-6.587960343e-06
1.114303996e-05
1.035190053e-05
-2.613123343e-06
-3.061561529e-06
-1.272424288e-05
2.398639117e-05
1.644208533e-05
7.432549864e-06
-4.941946827e-06
-3.554365321e-06
9.593481991e-07
-5.080920346e-06
-1.449495471e-06
-1.534205148e-05
-6.601192126e-08
-3.647165158e-06
-1.34362881e-05
4.250796337e-06
-1.805421334e-06
2.960616143e-07
-1.868858999e-05
-4.458159992e-07
4.56176258e-06
7.730423931e-06
-5.584091014e-06
6.16158286e-06
1.781167612e-06
-8.486070328e-06
4.739705673e-06
-7.147634733e-06
1.200845219e-07
-9.721125025e-06
-4.970725968e-06
1.523013361e-05
8.130029528e-06
-6.855763786e-06
3.353738066e-06
4.116405989e-07
5.864402738e-06
-6.307055173e-06
-5.338521987e-06
-1.607994272e-05
1.100368763e-06
-1.642086204e-06
5.56855548e-06
-1.883859113e-07
2.009217314e-05
4.542677743e-06
1.105482261e-05
-9.140030102e-07
1.356911639e-06
9.834519005e-06
-4.643502507e-06
4.253950465e-06
1.636763045e-07
3.392756525e-06
6.096344691e-07
3.512007879e-06
-1.643773248e-05
-3.900137926e-06
-1.54807658e-05
-8.447140317e-06
4.260461537e-06
-9.465051335e-06
-1.951611375e-05
2.991114798e-06
-1.801346627e-07
1.25026213e-06
2.541695494e-06
3.396156956e-08
2.401419351e-06
7.526331842e-07
1.190904186e-06
6.642507628e-07
2.788306119e-06
-5.769767881e-07
-1.613875497e-06
2.235889269e-06
6.62323032e-07
-5.940256074e-07
2.693031547e-06
-7.100200037e-07
-1.861196779e-06
-3.10009483e-07
4.49398101e-07
5.667709047e-06
2.387602308e-06
-6.352393598e-07
3.115348761e-07
1.518743034e-07
-1.522103844e-06
6.138112667e-07
1.798436301e-06
2.814690561e-06
3.054853096e-06
8.459891205e-07
-7.630189316e-07
-1.160510919e-06
2.364214708e-07
-1.081740038e-06
2.719937982e-07
2.467424792e-06
-7.855814488e-07
2.497786454e-06
1.103135503e-07
1.494724415e-06
-6.260721079e-07
1.233901912e-06
3.944341245e-07
-4.707127914e-07
-1.400878546e-06
1.145691044e-06
6.136031061e-07
-1.330600639e-06
8.7719269e-07
2.243094244e-08
-6.620540489e-07
-5.425954441e-07
1.513220127e-06
1.504322654e-06
1.148450679e-06
1.217085128e-06
2.385198059e-06
1.628917516e-06
2.924084811e-06
1.045783165e-06
-7.049512192e-07
9.80949153e-07
-6.945546716e-07
-3.75349714e-06
6.87603233e-07
-1.815134709e-08
1.72984835e-06
-3.822919552e-06
-3.105631549e-06
-5.154339533e-07
1.009686457e-06
3.503989092e-06
-2.27784426e-06
3.477063046e-06
1.017021418e-06
2.488246537e-06
-2.155576198e-07
-2.438346769e-07
8.230960702e-06
-3.285377375e-07
3.221129532e-07
3.592412838e-07
3.820528036e-06
0.0001641089038
-9.87302613e-08
-6.850249861e-07
1.356218149e-06
-2.570069682e-06
-3.69803189e-07
3.251617215e-07
-4.578387234e-07
8.201621313e-06
-0.0001599811949
3.526348564e-07
2.596730724e-07
-7.724564739e-07
-2.853523256e-05
1.261939246e-06
-1.711570917e-06
4.381315193e-06
-8.595822578e-07
8.987996125e-07
1.406699198e-06
1.138732046e-06
1.230988573e-07
-4.0663096e-08
-7.844120091e-07
-1.633278401e-07
-3.572966534e-06
-4.479145446e-07
-1.156748112e-06
7.790129075e-07
3.894395491e-07
-1.547671218e-07
1.751205332e-07
-7.34599837e-07
-5.792514344e-07
-3.42193232e-07
-8.054538193e-05
-8.015659887e-07
4.829274985e-06
8.472688364e-07
1.661462875e-06
1.799381607e-06
-1.336292826e-06
1.00624402e-06
1.570255677e-06
-1.845860425e-05
-2.015139671e-06
-4.573802926e-06
2.356920419e-07
1.671354198e-06
-3.918815764e-06
4.519162758e-06
-7.529316008e-06
-2.800787797e-06
-7.270680726e-06
1.387361181e-06
1.255132815e-06
8.010835018e-07
1.267998755e-07
3.064265456e-06
7.063558201e-07
8.077613529e-06
6.711054084e-06
-1.204773099e-07
-3.971619208e-06
1.130112324e-07
-9.519510968e-06
6.247601959e-06
-1.116195207e-07
2.655258868e-06
2.756999493e-06
-1.944298901e-06
2.979199962e-06
-3.207380132e-06
-1.203183388e-06
-3.385836635e-06
3.457467301e-06
6.422130809e-06
7.0915994e-06
2.508053058e-06
3.055871275e-06
2.783303898e-07
8.400296792e-06
-1.99530291e-06
-2.189120096e-06
-7.698863556e-07
-1.173200076e-06
-4.81611869e-06
1.177329978e-06
3.02400008e-06
8.641929526e-06
-3.555238891e-06
-5.560746558e-06
-3.86211525e-07
-1.450348373e-05
1.693202989e-06
-1.003576745e-05
2.293350462e-06
-1.675516978e-05
-1.019224601e-05
5.268430414e-06
1.927599897e-06
-3.64777884e-06
-1.539104233e-05
-2.163919817e-06
2.527197466e-06
8.971363968e-06
9.604775641e-07
4.439541499e-07
-2.041340849e-06
3.086914546e-07
-3.221647148e-06
-3.797087629e-06
7.712495062e-06
4.343812179e-06
1.282611834e-06
1.094557547e-07
-1.442897883e-06
-3.736561894e-06
-1.206425281e-06
-4.181114036e-06
-3.82320286e-06
-2.082467518e-06
-2.37695167e-06
-5.864394552e-06
1.929451628e-06
1.263618628e-06
1.944696805e-06
-8.894566236e-06
-2.765685622e-06
2.348345333e-06
3.363101314e-06
-1.461396323e-06
-8.387538628e-07
2.2345871e-06
-3.245720109e-06
2.957096513e-06
7.705844496e-08
2.885210051e-06
-4.613331384e-06
-2.659767233e-06
6.233378826e-06
1.694277671e-06
-5.062871082e-07
2.424631475e-06
-5.184337624e-06
2.617423661e-06
-9.754838857e-07
7.351160889e-07
-6.975051747e-06
6.43030944e-07
-2.377360715e-06
3.685497404e-06
6.999168818e-07
6.830566235e-06
-1.986976031e-06
4.689266007e-06
-3.154639217e-09
2.080104196e-06
4.095216809e-06
2.514438222e-07
4.10311759e-06
3.252876468e-06
2.142576477e-06
-6.335899627e-08
1.035833293e-06
-4.99867383e-06
-9.798750398e-07
-4.320572316e-06
-4.04137063e-06
1.32091327e-06
-2.580057981e-06
-5.740470442e-06
-5.574003126e-07
-0.0001143704358
-1.149966647e-05
-0.000255494524
1.550543857e-05
-0.0001210825722
0.0003098922316
-5.324924132e-05
-5.58265092e-05
0.0001203910506
0.0002059937833
0.0004035286547
0.0005956440582
-6.01145548e-05
0.0001915289322
-3.450033546e-05
0.000765240984
0.0001810239919
4.02638434e-05
0.0003409836791
-0.0001463724475
-0.0008631431265
0.0002607091446
0.0002760424686
-0.0004916740581
-5.891079491e-05
-2.71310455e-05
0.0001602531993
0.0001319912844
-2.204572775e-05
-0.0002394172479
0.0001413425634
7.041594654e-05
0.0003935061977
-3.663625102e-05
-0.0001543522667
0.0002699333127
0.0002184605546
-0.0004777278809
0.0001543263788
0.0003878769639
-0.000395493902
-0.001111107063
7.23345147e-05
7.010294212e-05
0.0003022295423
-0.0003859741555
0.0001040312782
9.126310033e-05
-0.0002434895141
0.0001306870545
-0.0002607357746
-9.689334547e-05
8.086492016e-06
-0.0001322763128
-0.0001553366601
-7.121019007e-05
-0.000116596726
-0.0002338509657
-0.000257903157
-6.303332339e-05
0.0001157123188
-0.0002508661419
0.0005016938085
0.0003676558845
3.036877206e-05
-5.948041871e-05
-0.0003018921998
9.90777844e-05
3.049914085e-05
6.65338157e-05
1.72588916e-05
2.431901339e-05
-0.0002037948725
-0.0001446814713
-0.0001569370943
0.0008757317555
-1.402238922e-05
-0.000101269623
-0.0009277391364
0.0006985249347
4.093097232e-05
4.151297253e-05
0.0003551976697
-9.431076251e-06
5.079645416e-05
3.172919241e-05
-4.086619811e-05
-0.0003524341446
3.5266341e-05
-1.953638093e-05
4.8595517e-05
8.463137783e-05
5.172776582e-05
-7.920689677e-05
-3.896122507e-05
7.764704787e-05
0.0004116722266
1.713756501e-05
6.216976908e-05
0.0004968659487
6.061895692e-05
1.135030107e-05
3.274378105e-05
-0.0001666492317
-0.0003007068008
-4.898396219e-05
5.481417247e-05
-3.753877536e-06
4.761017044e-05
-7.382049807e-05
0.0001365875651
3.710710735e-05
1.674320993e-05
2.300446795e-05
-0.000150040476
0.0001055596003
5.487727685e-05
6.461971498e-05
-0.0003595386515
1.677719411e-05
-0.0004273845407
-4.386332876e-05
-0.0002380089427
0.000454760273
4.06324798e-05
-2.638113619e-05
-4.622295819e-05
3.214236494e-05
-0.0001155787468
3.477975952e-07
-0.0002628446964
2.425954517e-05
-0.0001303527533
0.0003182069049
-6.225633115e-05
-4.556041677e-05
0.0001242052094
0.0002110387722
0.0004550983722
0.0006286747521
-6.058769213e-05
0.0001929948921
-3.471245509e-05
0.0008029076853
0.0001853002468
3.806908353e-05
0.0003617390757
-0.0001738187857
-0.0008771640714
0.0002710052067
0.0002802734671
-0.0005384306423
-5.866469292e-05
-2.972540096e-05
0.0001708746859
0.0001436453313
-1.284474092e-05
-0.0002464069112
0.0001629759354
7.501085929e-05
0.000410539069
-3.090117389e-05
-0.0001607542654
0.0002809684083
0.0002167848434
-0.00048155486
0.0001568781299
0.0004032351717
-0.000419875636
-0.001137023792
6.468054926e-05
7.233319775e-05
0.0003183685185
-0.0003989299003
0.0001042192453
0.0001007091341
-0.0002652311232
0.0001365764765
-0.0002681536716
-9.457596025e-05
1.296129267e-05
-0.0001352568797
-0.0001592604531
-7.040288619e-05
-0.0001318002905
-0.0002603972971
-0.0002376564953
-6.593142461e-05
0.0001247971959
-0.0002529065823
0.0005244234344
0.000371073751
3.643835225e-05
-6.267771096e-05
-0.0003085420758
0.0001050866922
3.272298636e-05
7.0519367e-05
2.095003947e-05
1.868969775e-05
-0.0002111116773
-0.000143381345
-0.000165810794
0.0009061815799
-1.418290594e-05
-0.0001062462179
-0.001058713417
0.0007317171548
4.587182775e-05
4.593880294e-05
0.0003975687141
-8.429611626e-06
5.645695273e-05
3.32206364e-05
-4.106618144e-05
-0.0003680565278
4.456967508e-05
-1.884024095e-05
5.468256131e-05
7.667803584e-05
5.46176816e-05
-8.300865738e-05
-4.089219146e-05
8.186802734e-05
0.0004232887877
2.145177677e-05
6.925482012e-05
0.0005060441326
6.425315223e-05
1.539139157e-05
3.671625018e-05
-0.0001751435921
-0.0003144717193
-5.665581193e-05
5.679959577e-05
-1.840991899e-06
5.0842973e-05
-7.727264892e-05
0.0001438801264
4.241616261e-05
1.813484414e-05
2.378424324e-05
-0.0001563483238
0.0001132618272
6.252632011e-05
6.990643305e-05
-0.0003841064463
1.427525422e-05
-0.0004520787043
-4.600920147e-05
-0.0002396320924
0.0004796472203
4.452863868e-05
-2.658507583e-05
-4.545759293e-05
2.956048593e-05
6.12715354e-08
2.0233702e-07
1.850223796e-08
-3.603010157e-08
1.942618013e-07
-3.494944423e-08
1.679565571e-07
1.395596616e-08
2.136464587e-07
-2.525814295e-07
3.051214392e-08
1.335332342e-07
6.706605404e-08
-6.825521126e-08
9.52118242e-08
-1.375118757e-07
-1.742072442e-07
-2.881857242e-08
2.241781871e-09
3.035658835e-07
1.622690178e-07
-1.15898338e-07
-8.01835931e-10
-1.804921084e-07
-1.710188826e-07
1.034541341e-07
1.241832166e-07
1.316275444e-07
1.311722002e-07
5.40951639e-09
-9.471293794e-08
-2.328886524e-07
-1.658285953e-07
-1.224297108e-07
1.976930442e-08
1.904430036e-08
-9.795638789e-08
2.703747271e-07
3.062901044e-08
4.176997948e-08
5.89295226e-08
1.335041446e-07
-2.635358243e-08
-1.649215164e-07
-1.708188933e-07
1.310150282e-07
1.987569931e-07
-3.725054043e-08
8.631045745e-08
3.264610626e-08
1.271550047e-07
3.667022241e-10
1.203241737e-07
3.62427869e-07
-6.213238635e-08
2.264700782e-08
1.003042911e-07
-5.096096345e-08
1.710562145e-07
-1.242308478e-08
-1.034989339e-07
3.418757544e-08
-1.139588548e-07
-7.99645683e-10
2.993956727e-08
1.074285763e-07
1.466172392e-07
-2.200057452e-07
-1.961171989e-07
-7.443537697e-08
6.18830569e-08
3.96737363e-08
-4.630003758e-08
6.240438921e-08
5.893136645e-08
1.615833298e-07
5.708101369e-08
1.641755532e-08
6.831992039e-08
-6.629667126e-08
1.297575736e-08
-8.614696512e-09
2.003273778e-07
2.780451425e-08
-2.651210096e-08
-8.836627075e-08
5.942952086e-08
-2.320717307e-08
-2.169553781e-08
9.377327359e-08
-5.179356322e-08
7.340034358e-08
-4.937099618e-08
1.148938082e-07
9.716598015e-08
-2.361736762e-07
-1.446640709e-07
4.812612531e-08
-6.18492848e-08
6.537669073e-09
-6.192399837e-08
4.495767314e-08
4.378726004e-08
1.478708498e-07
-5.530481317e-08
3.444539587e-08
-8.626826542e-08
1.806695238e-08
-2.592465194e-07
-4.842300427e-08
-1.22864563e-07
-1.681366513e-08
2.256307585e-09
-1.671980385e-07
4.123136677e-08
-9.22681167e-08
-1.275814476e-08
-5.067088438e-08
1.601149435e-08
-4.012408539e-08
9.917761901e-08
4.229491779e-08
1.933863274e-07
9.598643658e-08
-3.269937565e-08
8.792701323e-08
1.913707024e-07
8.03682525e-08
-1.849397222e-06
6.899305845e-06
1.203075226e-05
2.356270215e-06
6.433728686e-06
1.777737089e-05
-7.722960618e-06
1.632449653e-06
-1.071511178e-06
-7.980982446e-06
1.294991648e-06
1.198596237e-05
6.552099421e-06
-3.969507247e-07
1.04807259e-05
7.586580068e-06
3.90229161e-07
-3.540907528e-06
-8.731170965e-06
3.405749885e-05
-8.819091818e-06
3.525647571e-06
-5.378014976e-06
-8.770206477e-06
-5.602199508e-06
-3.610723297e-06
9.147779565e-06
1.254749895e-05
-8.67680285e-07
-4.112961847e-07
4.097093552e-06
6.018628937e-06
6.034241778e-06
3.137165777e-06
7.868676221e-06
6.504735211e-06
1.044591772e-05
1.693008926e-05
-1.098686607e-05
3.849467305e-07
1.047630394e-05
6.007750471e-06
4.486829823e-07
-3.756696742e-06
3.455113983e-06
3.289345386e-06
3.046799065e-06
-7.354789204e-07
-2.369084905e-05
1.903395628e-06
-1.203630654e-05
4.09133645e-06
-3.494780685e-05
3.568471811e-07
1.161247837e-05
7.814073797e-06
-8.429391301e-07
-3.656656918e-05
9.194936865e-06
-1.697482617e-06
1.534451621e-05
7.850143447e-06
-8.591101505e-06
-2.448754822e-05
7.58655915e-06
-3.417996197e-07
8.951992641e-06
1.682048264e-06
-5.712428901e-06
5.309567314e-06
7.453450053e-06
9.141623195e-06
-1.311731285e-05
7.688532605e-06
4.353651093e-06
7.009206001e-06
-4.851657422e-07
-8.445979915e-07
1.044037344e-05
-9.200529121e-07
6.601856512e-06
6.400482107e-06
3.179222176e-06
-1.346468139e-06
1.158122132e-06
1.405216153e-06
4.954298674e-06
-1.001796682e-05
9.3670551e-06
-5.406174751e-06
3.917414688e-06
9.969292478e-06
-1.158544251e-06
-8.797097735e-07
3.104726602e-06
-2.529822041e-08
-1.947762257e-06
8.397001693e-06
-1.37754455e-06
-3.686155651e-06
1.920720024e-06
4.930622708e-06
1.085817348e-05
-3.645744073e-06
9.84181861e-06
-1.80285349e-06
2.642934533e-06
8.955877888e-07
-1.356271923e-06
-1.979221679e-06
6.793845387e-06
7.93802792e-06
6.122755167e-06
3.581282328e-07
-1.387196971e-05
1.38790233e-06
3.209483793e-06
1.611919402e-06
1.37848665e-05
-1.313743041e-06
1.210668506e-05
1.758706958e-06
9.379882613e-06
3.933506832e-06
8.035225619e-06
1.670879328e-06
-3.086838205e-06
-1.344234875e-07
6.445193139e-05
-1.569682354e-05
0.0002281133784
-1.264190087e-05
6.332578778e-05
-0.0001854265138
1.190499734e-05
6.684162508e-05
-9.153941937e-05
-0.0001190264593
-0.0002689724497
-0.000350205315
3.904948971e-05
-0.0001240490092
3.101143739e-05
-0.0004830562975
-0.0001041835785
-3.180664862e-05
-0.0001953459432
-4.858254761e-05
0.000534165476
-0.0001534411422
-0.0001870746491
0.0003039932926
4.747181447e-05
-8.655124475e-07
-8.49798962e-05
-7.979381189e-05
3.477716382e-05
0.0001375049324
-0.0001101143062
-3.533035124e-05
-0.0002306543611
3.183192166e-05
8.291021368e-05
-0.0001584955317
-0.0001470231364
0.0002481077972
-9.849048365e-05
-0.0001129046577
0.000265060633
0.0007117931382
-5.041598706e-05
-3.535471114e-05
-0.0001701563306
0.0002341983782
-7.997578359e-05
-5.019837408e-05
0.0001857844763
-0.0001083234092
0.0001632002241
7.029783592e-05
-2.563067756e-05
6.887761265e-05
9.603547369e-05
4.796466601e-05
3.500810999e-05
0.000282342342
0.0001602387492
3.905647827e-05
-5.051805056e-05
0.0001644542644
-0.0003104349598
-0.0002575071121
-9.027753549e-06
2.785592915e-05
0.000220303511
-5.043639612e-05
-7.67113761e-06
-3.519830352e-05
-6.094231139e-06
-3.907220889e-05
0.0001136799547
8.126873581e-05
8.118804544e-05
-0.0006954137934
6.341588232e-07
5.674477143e-05
0.000559722539
-0.0004850743571
-1.620102557e-05
-1.718833119e-05
-0.0002635160054
-4.314149464e-07
-2.131149995e-05
-1.39564163e-05
3.151097917e-05
0.0002216960129
-1.121906826e-05
8.84513338e-06
-2.292335739e-05
-8.681132749e-05
-2.320273052e-05
3.670034494e-05
2.215606219e-05
-3.308236774e-05
-0.0002756727627
-1.237191327e-06
-2.948848669e-05
-0.000382077531
-2.94719357e-05
3.333200311e-07
-1.292737943e-05
9.414985834e-05
0.0001844496292
1.580694334e-05
-3.318691233e-05
2.647433575e-06
-2.825420233e-05
4.188005914e-05
-5.543943917e-05
-1.267247444e-05
-1.005775266e-05
-1.065349534e-05
8.637748397e-05
-5.656997018e-05
-4.809969687e-05
-3.506083158e-05
0.0002333675366
-1.148229785e-05
0.0002233122941
2.645889799e-05
0.0001933293097
-0.0004226715828
-1.286116731e-05
1.327921564e-05
2.740578384e-05
-7.674924746e-06
0.0003347652964
0.0002208824008
0.0008142294828
-0.0002567919728
0.0004001062189
-0.0005615518312
0.0003699975496
0.0001725404873
-0.0001148181836
-0.0005769717391
-0.000878177525
-0.001142268069
0.0001131744211
-0.0005188855575
0.0001164588612
-0.001881142496
-0.000560038141
-7.872856077e-05
-0.0005323988153
2.597853381e-05
0.0014120735
-0.0007005223306
-0.000627406931
0.0007321725134
3.622156873e-05
0.0002598836145
-0.0003510465322
-0.0001815428259
0.0001005107042
0.0005791211152
-0.0003226670087
-0.0003342538257
-0.0009422148578
1.133906608e-05
0.0003824683081
-0.0003026800114
-0.0005726787494
0.000837978092
-0.0003234281321
-0.0008242535987
0.0009129590471
0.001881126664
-0.00018805523
-0.000259762106
-0.0009114763234
0.0008484709542
-0.0001806360669
-0.0002543008886
0.0007826512447
-0.000349909591
0.0008166276966
0.0002022038389
1.83209454e-06
0.0005350726424
0.0003307182924
8.730214904e-05
0.0003812457726
0.001025379635
0.000642394647
0.0001758314902
-0.0004796130816
0.0005992518272
-0.001089676516
-0.0009077317081
-0.0001646418532
0.0002031873009
0.000801577582
-0.0003982909257
-0.0001381274487
-0.0002665428328
-7.816645666e-05
0.0001102325914
0.0005896684597
0.00038373805
0.0003509597736
-0.001672361745
1.423333742e-05
0.0002584049362
0.002267838456
-0.001406031428
-0.0001526003616
-0.0001684501185
-0.0004818816087
7.616812218e-05
-0.0002419445955
-0.0001386470394
5.715896259e-05
0.0008499564719
-0.0002008540032
0.0001755916746
-0.0001917720365
-0.0001682764268
-0.0001246905013
0.0003088764497
0.0001200008701
-0.0003430537472
-0.0006520315656
-7.867414388e-05
-0.0001943837415
-4.108184658e-05
-0.0002490159241
-7.556655328e-05
-0.0001115107953
0.0005867976579
0.0006956286961
0.0001733357785
-0.0001672786457
-7.180526154e-06
-0.0002307369432
0.00018219091
-0.0004960734514
-0.0002094763331
-0.0001370503596
-7.887434185e-05
0.0004287494812
-0.0003087558725
-0.0001697785337
-0.000200022565
0.0008007838624
-1.726209666e-05
0.001101129688
8.515790978e-05
0.0006341983681
-0.0006714189076
-0.0002056289086
0.0001167205119
0.0002162887686
-8.944344154e-05
0.0001798835292
-0.0009084325866
-0.001002102508
-0.0003013653914
-0.001075660577
-0.0007252951618
-0.0004279901914
-0.000419340824
-0.0007943328237
0.000835757819
-0.0001374232234
-0.0009110681713
-0.0004616699007
0.0002351610456
-0.001121223788
4.977227945e-06
0.0006860366557
0.0002480380645
0.0001499367063
-0.002652303781
-0.0004649151233
0.0001410553959
3.922906399e-05
0.0007028630935
0.0007850416587
8.399665967e-05
-0.0008660862804
-0.001325871795
-9.716457862e-05
-0.0002604805049
6.756612856e-05
0.0003442333546
0.0006178458571
9.546334331e-05
-0.0004983722465
-0.0007527567795
3.2136144e-05
-0.001543250633
0.0002724494843
-0.0001572896581
-0.0009339474491
-0.001136986539
-0.0001700452704
0.0006123713101
0.0002905373985
-0.0008759701741
-0.0005150675424
0.000327778951
0.0003087470541
-0.0002533771913
0.0001221170096
-2.417973883e-05
0.0009235849138
-0.0008962991415
-0.0008347599651
-0.0005597579875
-0.0006830720231
0.001271223649
-0.00104651344
-0.000118018841
0.0002796301851
-0.000455196976
0.0004842334311
0.001867670333
-0.0005479064421
-0.0001965882548
-0.001131073688
0.001210606773
0.0008335945895
-0.0001186721565
-0.0005668363883
-0.0007704016753
0.0008340465138
-0.0009041609592
-0.0002221291797
-0.001008610707
0.0001518258359
-0.0003744798305
-0.001904461766
0.0003039923322
-0.0003756399383
-0.0002989290224
-0.001224267064
-0.000234361738
1.433336365e-06
0.0001928884303
-0.0004759179428
0.0007192264311
-0.0002583704772
7.018649194e-05
0.0001381350157
-0.0008286901284
-3.864591235e-06
-0.0003012076486
-0.0001356240537
0.0004736297997
0.0006852041115
-0.0008090854972
-0.0002030914766
-0.0005038754316
0.0002389813453
-0.0006492473767
-0.0007734115934
-0.0005270560505
-0.0004571168975
-0.0001046980615
0.0003188367118
6.156796735e-05
0.0009628833504
0.0001333230175
1.462450018e-05
-0.0005431126337
-0.0003175403108
0.0002520668204
0.0004045999376
0.0001598590025
0.0002281325869
0.0001261920261
-0.0007069997373
0.0003069566446
-0.001738213236
-0.0002795756445
-0.001284556929
-0.0004908764386
0.0002811798477
-0.0004733503447
-0.0005543050356
0.0003120289766
