0.08833158761
-0.1000338346
0.0221084021
-0.275919944
-0.09437385201
-0.1615549475
0.04825180396
0.1581490189
-0.2435918748
-0.06600955129
0.0158455465
-0.06687089801
0.08952374756
0.1093675643
0.05989151075
-0.08390683681
0.005860680714
-0.02495996468
0.01786159724
0.006966467947
-0.1392619312
-0.1811181009
-0.137006551
-0.05829737335
-0.06099738553
0.2194582671
-0.08258705586
-0.02107411437
0.09881297499
-0.1095436439
-0.2109167278
-0.1284459829
-0.2810024321
-0.138643384
-0.2007216662
-0.1142232865
0.002099640435
-0.04697812349
0.1989848018
0.02111437917
-0.1807292402
0.1698552519
-0.07250376791
0.0005836024066
0.02362366393
0.133095324
-0.06744755059
-0.1089463979
0.04207899049
-0.1412963867
-0.03460676596
-0.1975099146
-0.03989099339
0.01034043729
0.04900583625
-0.069375135
0.0238297265
-0.1859244108
0.04023771733
0.02554724179
-0.01448418666
0.06668356806
-0.1402742714
-0.09456004947
-0.01207095664
-0.07890038192
0.03108292259
0.07542223483
0.1177175716
-0.1144464612
-0.01336469129
0.01547739655
0.1197127253
-0.01634178311
-0.1322501302
0.1155445203
-0.05949518085
0.007260326762
-0.1501434892
0.1366160959
-0.1134761795
-0.1005774811
-0.05502722785
-0.1064733118
-0.130360648
-0.05507738516
-0.1554355621
-0.09056209028
-0.1960109621
0.1217585281
-0.09663756937
0.1667273641
-0.0197403878
0.002256971784
-0.05421368405
-0.05376722664
-0.1206446886
-0.04724058881
-0.05071612448
-0.0294883512
-0.02543742582
-0.04989912361
-0.04081489891
0.1478066295
-0.03888664395
-0.02824179642
-0.04564094171
0.07381919026
-0.06791231036
-0.07308012992
-0.09549152851
-0.1357419044
-0.07736749202
0.1174892187
0.0204776451
-0.1026352122
0.0807666406
-0.07838881016
0.01835383289
-0.01665126905
0.1235409901
-0.08623687178
0.1191900223
-0.01962722093
-0.07308025658
0.06568655372
-0.0494629629
0.06250425428
-0.0690722689
0.1187076122
0.04046494514
0.1234064028
-0.04443088174
-0.01680156589
-0.02039780468
-0.1094251573
0.1140375584
0.08853115141
-0.07000877708
-0.008008426987
0.05595214292
-0.3874615729
-0.2034998387
0.2248083055
-0.06920102239
-0.2338034511
0.2302125543
-0.07848773897
-0.007671343163
-0.104096882
0.1204585955
0.05639941618
0.03355772793
-0.06512306631
-0.1056905687
-0.01709054038
-0.02352665178
-0.1395041049
0.04301278293
-0.06644703448
0.04043298587
-0.1792296469
-0.2203631997
-0.01830499247
0.09209492058
-0.1163941696
-0.1251536161
-0.09946241975
0.09916362911
-0.01778260432
-0.1452371031
-0.06127175689
-0.1354750395
0.2457284927
0.08064370602
0.1806941032
-0.1072659343
0.1234202906
0.1175903976
0.01857669093
0.02586723492
-0.1959798485
-0.004862783477
-0.003172015306
0.225130856
0.1918780804
0.01548386738
0.0007337467978
-0.07488022
0.0823379308
-0.0476647988
-0.005820466205
0.006541935261
-0.05172351748
-0.02970015071
0.0365207158
0.03992457315
0.01204781234
0.1141297519
-0.04607479647
0.01767167449
-0.04864095896
-0.01702976972
0.07842740417
-0.09496773779
-0.05280932039
0.001972818049
0.06097905338
0.06810153276
-0.04300592095
0.01146374829
-0.03439568728
0.1078405976
0.04696599394
-0.05861780792
-0.01561181527
-0.01766544767
-0.01631900668
0.02690546773
-0.04710014537
-0.0714385137
-0.0670498088
0.01784278825
-0.1091334745
-0.04543744028
-0.02766319551
0.02106871083
-0.06235936657
0.01692208089
-0.1427395195
-0.01782564819
-0.01049014088
0.01816219091
-0.05824331939
-0.04774925485
-0.05920962989
-0.0003305036807
0.02961752564
-0.001641338109
0.02360116318
-0.02749265544
-0.01330072246
-0.01830132119
-0.04768381268
0.06093486771
0.003217998194
-0.1542617828
0.011087602
0.08874776214
0.03139810637
-0.1579201519
-0.005761932116
-0.02349414304
-0.06598692387
-0.03399572149
0.07531554252
0.1580925137
-0.1299745888
-0.1593344808
0.04714561626
-0.150294736
0.01748531498
-0.050912112
0.03967889026
-0.04419412836
-0.02970362268
-0.0008780384669
-0.3071579039
0.06541493535
0.04014934599
0.09451190382
-0.1800402403
-0.06701661646
0.03745390102
0.2561754584
0.03048777394
-0.04859636724
-0.1024602205
0.0002308462572
-0.1933788657
0.3104208112
0.191102773
-0.09071470797
-0.1399635822
0.1505395025
-0.1204780117
-0.1279921979
0.01129250601
-0.1644907296
-0.1176541969
-0.119124271
-0.3192338347
-0.09263300896
0.01141862478
0.2259378582
-0.2032843679
-0.1567274034
0.02047621645
0.03140538186
-0.06010754406
-0.2104028612
-0.03634665161
0.09292393923
0.04394266009
-0.0744966343
-0.02162084356
0.1073517427
-0.007113872096
0.02624226734
0.01191884
-0.4047782123
-0.1477881223
-0.2771598101
0.1742518991
-0.09595146775
0.06069440022
-0.07993922383
-0.03584782407
-0.008003921248
-0.03573221341
0.05991609767
0.0870648548
0.008262967691
-0.114920862
-0.1206225827
0.1163355857
0.1446177214
-0.1372026354
-0.006434254814
-0.1139226109
0.05017813295
-0.1706962138
0.06121029705
-0.1073074192
-0.05931235105
-0.1033902541
0.09180187434
-0.05279904231
0.05928266793
-0.07356357574
0.08946942538
-0.02531588636
-0.01989205368
-0.06597453356
0.101836361
-0.09171365201
0.07020647824
-0.1677047014
-0.0292102918
0.1255310178
0.08880008757
-0.03258373961
-0.107191734
0.05429258198
-0.2234956622
-0.03435888514
-0.06972322613
0.1746097654
0.03559176624
-0.01223155949
-0.0139812557
-0.00471378956
-0.007498244289
0.08421360701
-0.1003839672
0.00337304431
0.003694895655
0.0451878868
0.09595891833
0.05437196419
0.1499864459
-0.01141313277
0.009469571523
0.03546439111
-0.187378332
-0.1558642238
-0.1216950342
0.1069517583
-0.07260230929
-0.1608633399
-0.06085889041
0.2307334542
0.1927805394
-0.1556027234
0.2976242304
0.2385015339
0.229216665
0.1059437692
-0.06995788962
0.08657581359
-0.06445196271
0.0946977511
-0.1107188016
0.1532319039
0.01771322638
0.1896887869
-0.05372650921
-0.1500800252
0.1468892694
0.03356358781
0.1535534412
0.3059524596
-0.1174901947
0.02411324717
-0.09461674839
-0.1658288836
-0.2371280789
-0.1018718705
0.03184148297
-0.1224322692
-0.004358286969
0.1260505468
0.09769510478
0.1099363491
-0.1041579619
-0.03226196766
-0.05179490522
-0.01443430223
0.09001917392
0.1415278167
-0.05152580887
0.02910442464
0.01113356836
0.124887377
0.1596818715
0.01889003068
-0.2988202572
0.03830553219
-0.2585288882
-0.03042450733
0.09677660465
0.005572177935
0.2169186026
-0.2707293034
0.1233213991
0.06232950464
0.05412659794
-0.00789907109
0.08976968378
-0.02319452912
0.05102170631
0.1338366121
0.07053160667
0.05055302009
0.02486630715
0.07700714469
0.1146012694
-0.08412414789
-0.003170117969
-0.03669400141
-0.04441588372
-0.03868101165
0.04292473197
0.1262491494
0.2044005692
-0.01399044506
-0.1106827632
0.08440547436
0.0223090183
0.0366021879
-0.06284418702
0.007144006435
-0.01497399714
-0.01994373836
-0.05968877301
-0.00121971895
0.06887476891
0.05928627029
0.08772141486
-0.1547804475
0.007450908422
-0.07424955815
0.1253433079
-0.01960751973
-0.04173904657
0.05933517963
0.001761103049
0.1793432534
0.04543733969
-0.2200873792
0.1017447338
0.02042640746
-0.001659288304
0.02974070422
0.1793143898
-0.07992304116
0.001989131561
0.1862588525
0.03747624904
0.1984829307
-0.05115669966
0.009170438163
-0.1257111281
-0.01795595884
-0.0299601201
0.06321314722
0.04897608981
0.01637161896
0.07495208085
-0.1338459551
-0.0329281725
-0.04610185698
0.005386014003
-0.07830252498
-0.1722437739
0.08961690962
0.08053488284
0.2404339761
0.1259831935
-0.004382678773
0.0766569078
0.02911162935
0.08769582957
-0.2186650336
-0.2226506323
0.1214665696
-0.05771721154
0.005798493512
-0.03018232062
-0.2390332967
-0.05025537685
0.0077930158
-0.01272601727
-0.1671154797
-0.08373900503
0.1832516193
0.06540939212
0.007152390201
0.2582489848
-0.1888429374
0.01156307198
-0.006701907143
-0.04121831059
0.1943116635
-0.07556497306
0.04190110043
0.1584331989
-0.02374265343
-0.1062275246
0.07367457449
-0.07585762441
-0.07467268407
0.03657891601
0.1382754445
0.02933410183
-0.08414905518
-0.06715197861
-0.1661788523
0.04395028576
0.0003797570243
0.1673932076
-0.1114840284
-0.09498131275
0.04386740923
0.03489010036
-0.01042992435
0.1667590737
0.01756418124
-0.05241698399
0.3052588105
0.05021613464
0.06147220358
-0.0744804889
0.03771672025
-0.188710779
-0.09377252311
-0.1640940458
-0.04489279538
-0.1657396704
0.2267054915
0.03998048604
0.08714107424
-0.04808707535
-0.06910318881
-0.02692019381
0.07222665101
0.02199448645
0.04321015254
0.06771767884
0.03437533975
-0.001641830429
0.0002893943747
-0.01604676433
-0.0008543576696
0.09454059601
-0.05210695416
0.007202063221
0.01890512183
0.04812081158
0.003743055742
-0.04129270464
-0.09149052948
0.02433015034
-0.01274924912
-0.008231922984
-0.003916306421
-0.008811968379
0.02087350935
0.003142936854
0.0956043303
0.01845934056
-0.06360413879
0.01287698466
-0.07275660336
0.09207832813
-0.01657459885
0.05018364638
0.1221477091
-0.01680779457
-0.01037191786
-0.005957962945
-0.05273753405
-0.08750426024
0.0516467467
0.008001519367
0.02481333353
0.02568226866
-0.001206734334
0.09384395182
0.04624311626
0.02741438337
0.00924089551
0.007875756361
-0.05195965245
0.05896435305
0.04153320193
0.05122185126
0.05290276557
-0.01862348989
-0.07917359471
-0.01894246228
0.02444003709
0.003500699531
0.02075617388
-0.1015019491
-0.00668339245
-0.06749781221
0.03636600077
-0.02113460191
0.06581243128
0.0009202804649
0.05447787791
0.03078455664
0.14391011
0.1511971056
-0.008550208062
0.03908143938
-0.07393544912
-0.05765406042
0.1923828721
0.05412278324
-0.1815380305
-0.05417520553
-0.2239378989
-0.1778105348
0.09835644811
0.1684188098
-0.050284978
-0.04094982147
-0.2338549048
-0.067684412
-0.1146019772
-0.1395053118
-0.03588040546
-0.001445200061
-0.02133115195
0.03651250526
-0.02465652861
-0.06648232043
0.1896348447
0.06206693128
-0.09327410907
-0.2512028813
-0.1134277284
-0.1820021123
-0.05182412639
0.0132371271
0.1355898827
-0.2331103534
-0.04833341762
-0.06319355965
0.09423516691
0.06828353554
-0.0497395657
-0.03358922526
-0.05532648414
-0.1339038163
-0.07223783433
-0.02826277912
0.00612956984
0.07624087483
0.4150969386
-0.204015404
0.1263215095
-0.1465240866
-0.1584438533
0.06902059913
0.1531193256
0.08958470076
0.07995027304
-0.1709975749
0.01101754513
0.02951268665
0.2044212967
0.09049362689
-0.139343217
0.05692531914
0.08397889137
-0.02533863671
-0.03394248709
0.08735770732
-0.05575155839
-0.05128583312
-0.1535048187
-0.09574729204
-0.1329094023
-0.06501755118
-0.09815265983
-0.1111952364
-0.07507338375
0.08711286634
-0.009910303168
-0.02809928358
0.009651743807
-0.02389739454
0.03851136938
0.06809452921
-0.05881360918
-0.04828879982
0.1626892388
0.04571316019
0.00437020557
-0.05471331626
-0.01469658036
0.004701570608
-0.08515010774
-0.07715222985
0.02962181903
-0.02440505289
-0.1352929622
-0.05264812335
-0.04187328368
0.02981507778
0.23302719
-0.03970044851
0.02202074789
0.05691357329
0.02236490138
-0.1326108575
-0.1414947808
-0.006327658892
0.02726494893
-0.02259756066
0.01910157688
0.04631336778
-0.07584892958
0.09951251745
0.01331143733
-0.1123530939
0.03395172209
-0.02808799222
0.07559683174
0.2200564295
0.03463285789
-0.09032315016
0.05930685997
0.005040314514
0.08608849347
0.03964019939
-0.1835364103
-0.1816099137
0.09348484874
0.05867857859
0.005243502557
0.02179740369
0.2562914789
-0.1460760236
-0.1270955652
0.2265091985
-0.0562245585
-0.2046092153
-0.2413318902
-0.1095929593
-0.4175724387
-0.1977657378
0.1052191556
0.07937201858
-0.1837350726
-0.1972900033
0.01554557867
0.113646701
-0.07037761807
0.05609129742
-0.1787835807
-0.2131192386
0.1138516068
0.04816189036
0.133761242
-0.2871289253
-0.02057291381
-0.1837079376
-0.1932446808
0.02345420234
-0.4537525475
0.1627943516
0.04298588634
0.06763418764
-0.1355406046
-0.1371407509
0.116907768
0.1619232148
-0.176129356
0.008087818511
-0.04311756045
0.08411560953
-0.1352989227
-0.1277474612
-0.08345534652
0.04012863711
-0.2492516935
-0.1399288327
-0.1611051559
-0.0462288782
-0.0009414133383
-0.4003898799
-0.327883631
0.06669976562
-0.02717820741
0.3699509501
-0.1205779761
-0.03437005356
-0.2081550807
0.01928527467
0.164933756
0.09119419008
0.08661015332
-0.02856037766
-0.02473508008
0.006167435553
-0.09508378059
-0.002083809581
-0.00159215054
-0.001012996188
-0.07985834032
0.3157829642
0.001294927439
0.005369103514
-0.06383961439
-0.04464222118
0.05620495602
0.1135688201
0.1485893577
-0.01761271246
-0.06085091084
0.07593403757
0.1080086529
0.03474408761
0.1748625636
-0.1135235205
0.02861941047
-0.01291750185
0.1345714778
0.1784228534
0.1636204869
0.06352049112
0.1078198627
0.001969903475
0.05333026126
-0.003762650536
0.1067156345
0.07666841894
0.03390825167
-0.09199987352
-0.04908937588
0.1130985022
0.2514177263
-0.004438770935
-0.06306579709
-0.1155215055
0.06053506956
-0.07627999038
0.06405670941
-0.003304424463
0.01617331617
-0.1038054675
-0.05108937621
-0.01180659514
0.1043046117
-0.1494819224
-0.01832168922
0.007424715906
0.006844226737
0.180108875
0.2202536166
-0.1078426242
-0.09164448828
0.08015532047
-0.04960772768
0.06980476528
0.02932476997
-0.1681427062
0.04345545173
0.05887930468
0.1267504096
-0.1763088703
-0.003776975442
0.1176931933
-0.0371626243
0.07033103704
0.2614955902
-0.06069678441
-0.1145807579
-0.1716927439
-0.05043326318
-0.1547545344
0.1959249824
0.09995292872
0.1627561748
0.1278429627
-0.118478328
-0.07660504431
-0.1947741359
-0.1448743343
0.3704826534
-0.03935726359
0.02273297682
-0.1055935696
-0.1394334435
-0.1366534233
-0.06852947176
0.02773529105
-0.06848628074
0.06477370113
0.1004244909
0.02606870048
-0.1039737463
0.03054925427
-0.03710374981
0.05802580342
-0.1050136015
0.02935150638
-0.08037166297
-0.1431817114
0.03749101982
0.1212749705
-0.0427214168
0.1591085494
-0.04025175422
-0.04072558507
0.02255709283
0.0001436738967
-0.01085568126
-0.2044980526
0.006012475584
0.0328787528
0.06543535739
0.1221354008
0.02487181313
-0.1188704446
-0.1332491636
0.01616052538
0.04672571644
0.004847118631
0.08319662511
0.06424219906
0.03913295642
0.02644075453
0.1421515048
0.01042317227
0.04414132237
0.01953054778
-0.0008765385719
0.123704128
-0.0006714471383
0.06814935058
-0.09204215556
-0.06660148501
-0.02988677472
0.08979640901
0.03824405745
-0.03022127599
-0.01372764725
-0.003261746606
0.04224368185
0.02927628718
0.0004944453249
-0.01365435775
0.007676802576
-0.0454275161
0.06338602304
0.06413453817
0.04790205508
0.04524865001
0.001710920595
-0.02915275656
0.04788081348
0.006736136042
-0.02143916488
0.01745396294
0.06781513244
-0.03148496151
0.02225575969
-0.009176028892
0.08929891884
-0.04218641669
0.0541707091
-0.07572951913
0.005470612552
-0.04364483431
0.03683451936
0.04412548989
-0.0276021678
-0.04074993357
-0.04575344548
-0.01762253791
0.06681549549
-0.1062290743
0.0004077131161
-0.06262779236
-0.05471993238
0.0437899977
0.01904326864
0.006403164007
-0.06865032017
0.1687539369
-0.1226778552
-0.06415848434
-0.04385812581
-0.1352781355
0.00549312681
-0.0469740741
-0.07766406983
0.1632361412
0.03213530779
-0.09031499922
-0.2296328247
-0.1054943278
0.09309574217
0.04727875814
-0.08047400415
0.0725145191
0.06221413612
0.01398733351
-0.2150986642
-0.05219262466
0.07842029631
0.1704863757
0.03370401263
-0.0287585333
-0.02557476982
-0.009397987276
0.1471689939
-0.08813858032
-0.08309358358
-0.02052187733
0.002376850229
0.02015761286
-0.07366220653
-0.2039207667
0.02126462013
-0.02459541149
-0.1554454416
0.02922450192
-0.1159521937
-0.1038256884
-0.04843153805
0.03854267672
-0.009662983939
-0.06951192021
0.03135854006
-0.02347011864
0.1086312532
-0.01870583557
0.0570500493
0.1972291619
-0.02230362222
-0.1071883962
-0.04804284871
-0.09308422357
-0.02769755572
0.06771835685
0.01921509206
0.0554314293
0.002391891787
-0.06356420368
-0.005379834678
0.03363579512
0.1064767018
-0.01578938216
-0.01871768013
0.02737956308
-0.03922311217
0.08705831319
0.08818737417
0.1056144759
-0.05131423473
0.02308471128
-0.02316700108
-0.01695041358
0.1398988515
0.06353459507
-0.01124946121
0.07045038044
0.111565046
0.03324764967
-0.01525167096
0.05249363184
-0.04503539577
0.07066343725
0.0522994101
-0.06677941978
0.1720859408
-0.003737153253
0.0718543008
-0.004429575521
0.08743635565
0.02794081718
-0.08762878925
-0.007255130913
-0.07965693623
0.03746477515
-0.03761481866
0.03778105229
0.03862805292
0.1571608931
-0.09176748246
-0.05599604174
0.1262235641
-0.03619974107
0.0003904952609
-0.03821866214
-0.06396690011
0.05496498197
0.07230404764
-0.01090914384
-0.075935103
0.03238837048
-0.1019130945
-0.05770126358
0.08673138916
0.0008217325667
0.02346016839
-0.03446744755
-0.02272036299
0.0633321777
-0.02298020758
0.01232734509
0.1210006028
-0.06265376508
-0.04157166183
-0.009612730704
0.04332124069
0.2979308069
0.05381455272
0.08161939681
0.06942374259
0.2250885218
0.07587329298
-0.03607081249
0.08035250753
0.09155635536
-0.1694390923
0.05641712621
-0.04548184574
-0.1452336609
0.2732386291
-0.1355480701
0.05352806672
-0.04022985697
-0.09579051286
0.008038564585
0.2061794102
-0.1900187433
-0.01969630457
0.1117735729
-0.03691950813
0.03344590217
-0.06386311352
0.005098925438
0.2710758746
-0.1790542305
-0.1066589653
0.0144745307
-0.08684888482
0.03695604205
0.2320361882
0.2400314957
0.0245606862
0.2299381346
0.06944261491
-0.01233663317
-0.05432603508
0.2073710263
-0.03773247451
-0.1150592864
-0.1834660769
-0.0115637891
0.01490946673
-0.1486327946
0.09984695911
0.04827255011
0.2442746907
0.1248620003
-0.2191250175
0.0453796275
0.08429377526
0.1883245558
0.05975067243
-0.1593226492
-0.2116444707
-0.119106546
0.06915032864
0.1201275885
-0.15466097
-0.07644874603
0.007370574865
0.03735166043
0.02785220183
0.00102707732
0.06945255399
-0.05097978935
-0.09535811841
-0.07266522199
0.1096985117
-0.03871383891
0.06057795137
-0.1539338231
-0.03135285527
0.1261752695
0.06131438538
-0.0879920572
0.03094762191
-0.2225293964
-0.09624253213
-0.02802145854
0.05115196481
-0.05072968826
-0.04975345731
-0.01092576049
0.1550000608
-0.02477232926
0.006519438699
-0.1364102513
0.1134879962
0.005195995793
0.06069226936
-0.01468019467
0.0148269413
0.0577616021
-0.0192145966
0.1703834236
-0.1071309298
0.02053335309
-0.04026755691
-8.187177446e-05
0.01517609227
-0.05960332602
0.1608334184
-0.0221808441
0.1225752756
-0.06772656739
-0.02119269967
-0.09323862195
0.004653421231
-0.03743619844
0.02913306281
-0.06956014782
-0.07801341265
-0.01127946936
-0.071067743
-0.02427184582
0.1439762115
0.1778321117
-0.02556406148
0.06030508876
0.1694796979
0.1601340324
-0.007893545553
-0.153073594
-0.0043316097
0.007317894138
0.1249537095
0.09889640659
0.0884886384
0.08789738268
0.1662714183
0.05036620051
0.1734557301
-0.004756637383
0.1160064116
0.2930899858
0.07645513862
0.01341466419
0.1381881386
-0.06064341962
-0.02385240421
-0.05941457301
0.1187258288
-0.2032368034
0.1780682355
-0.1028643847
0.0323561132
0.02247516997
-0.04981781542
-0.1221531704
0.02199390903
0.1139140278
0.2674915195
-0.136242494
-0.08619622886
0.0194996316
0.01824764349
0.03270698711
-0.1810472012
-0.1436623484
0.09721425176
0.05061265081
-0.03710376099
0.003229251364
0.07726778835
0.04086877033
0.0744426474
-0.08043077588
-0.1772351414
-0.2151706368
0.09230562299
-0.008822092786
0.0266490113
0.1713416576
-0.01351264026
0.02642695606
-0.01573806442
-0.04529717192
-0.05402323604
0.1076856181
0.1076310724
-0.1049877778
0.1108416766
-0.1081944481
-0.1128599271
0.08379534632
-0.05764818564
-0.05686749145
-0.2346508205
-0.02096661367
0.04120475799
0.04276877642
-0.030963948
0.1114186645
0.005244098604
0.03976626322
0.1645352691
0.01039681304
0.08780447394
-0.009939881042
0.1345738918
-0.003786099143
0.05252555385
-0.01977816038
0.0668758601
-0.07209484279
-0.02471132763
0.04267645627
0.05850602314
-0.08925657719
-0.09479105473
-0.005176460836
-0.01004732866
0.08356326818
-0.03827093169
-0.06463629752
0.1520621032
-0.04036191106
0.1307303011
-0.04683913291
-0.06913508475
0.004176873714
0.0193296764
0.07033124566
0.05315037072
0.0335201323
-0.1249212921
0.01089513674
0.1472138464
-0.02360359021
0.09775014222
0.03208439797
0.07434657961
-0.05204742029
0.05375084281
-0.1170006692
0.1047396585
-0.1551581621
0.0503131412
0.01905294135
-0.09486403316
0.01513372175
-0.08544635028
0.07019817084
0.0972713083
-0.03308592737
-0.03223375976
0.1098769382
0.1055662557
0.02237375639
-0.04211043566
-0.05613094568
-0.1179498807
0.05679504573
-0.05035897717
0.1597383469
-0.3200866878
0.06012032926
-0.08283627778
-0.08905761689
0.08612829447
-0.04560764134
-0.06958112121
-0.05023814365
-0.2315603048
-0.1744365841
-0.1005647406
-0.1104614064
-0.03646365553
0.1419010758
-0.02027946152
0.06651708484
0.05172340199
0.2304053158
0.1186108589
-0.03458597511
-0.002918130485
-0.09673391283
0.1066368595
-0.1085823327
-0.06534417719
-0.1848386973
0.3146437705
0.05269790441
-0.124205932
-0.01033254247
0.04201513529
-0.02959487401
-0.1408865303
0.0601387918
-0.03109672666
-0.06954591721
-0.003684591735
0.0002412443282
-0.1854462177
0.06493254751
0.1191954389
-0.1295839995
-0.1725084931
0.02763723023
-0.2104382813
-0.1225325689
-0.05192822218
-0.0585575588
0.07317944616
-0.07690230757
0.1306224018
0.09879270196
-0.1085960716
-0.04089580104
-0.1120226607
-0.01143303607
-0.02665301785
0.0954253301
0.286990881
0.07532535493
0.08116432279
-0.06812148541
-0.07392121106
-0.1200810671
-0.1665012538
-0.1074854434
-0.02597261406
0.03340853751
-0.1560036391
-0.02959554829
0.01403807942
0.06008596718
-0.0201562047
-0.06998620927
-0.007992117666
0.1063279435
-0.06914419681
0.06426038593
0.1183874384
-0.07155104727
-0.04424377531
0.1709698588
-0.04244880751
0.1126528755
0.07739128917
-0.02249263227
-0.003119906411
0.02125831135
-0.04666576907
-0.01732400618
-0.06221216917
0.09567931294
-0.09455038607
-0.02250536159
-0.01571000181
0.01324345078
-0.100980401
0.01979060844
0.05283076689
0.006900127046
-0.03747490793
-0.01542137749
-0.1560702771
-0.03658596054
-0.09685222059
0.1077041775
-0.0769566074
0.1068860516
-0.07137788832
0.03068720922
-0.08749617636
0.0194011461
-0.06771857291
-0.01058040559
0.0189263951
0.02791041508
-0.09935364872
-0.04492784664
-0.0906111747
-0.001143307425
-0.1141677946
-0.0241935458
0.03907760605
0.06317604333
0.03347943351
-0.08369581401
0.1257178634
0.0920233652
-0.05946906283
0.219139412
-0.06295567006
0.02378776111
0.006718006451
0.03047652543
-0.1917910129
0.1153501868
-0.09155354649
0.07021077722
-0.07224603742
-0.02581497654
-0.109811902
-0.2060448378
-0.08242081106
0.1306009144
-0.1729680002
-0.006808118895
0.1188263595
-0.1754948497
-0.005870549008
-0.04377391189
-0.1014085636
-0.06165838614
-0.1387170851
-0.0418471694
-0.3483022153
0.001398644643
0.02004685253
0.09624194354
0.2006416172
0.1212870553
-0.01399402134
0.05983152986
-0.1565743387
-0.02060670964
0.07681586593
0.05427449942
0.1302410513
0.00204538391
-0.05691072717
0.152472049
-0.0328306593
-0.2027855515
-0.03170456365
0.1547147483
0.06454600394
0.1397295445
-0.1135170162
0.1049470529
0.02674479038
0.1850289404
0.2164532989
-0.2567381859
-0.3990589976
0.3014307022
-0.2099044174
-0.0594574213
-0.02479371428
0.1200018004
0.0205028262
-0.01714322716
-0.00877270475
0.1401612759
-0.003587888088
0.008964327164
-0.1176181585
-0.2022441924
0.1170872897
0.1763031781
0.01936748996
-0.1384713799
0.09096921235
-0.00771865109
0.03556653857
0.05315999687
0.01324814744
-0.1758917123
0.05654608086
-0.01634993777
0.2106081247
-0.1062430069
-0.1028184071
-0.02316708677
0.06021977961
-0.1046879962
-0.08791409433
-0.1764513552
0.08873883635
0.0215374846
0.1302136928
0.01217423379
-0.03411891684
-0.04046533257
0.001494365861
0.07857487351
-0.1418492198
0.04204320535
-0.05852178857
-0.003196046688
-0.0360148102
-0.1112282798
0.008428875357
-0.06865575165
0.1164498553
0.02375424094
-0.08509390056
-0.1611209512
-0.08080664277
-0.1051879674
0.04134805501
-0.04721260071
-0.02728656679
-0.1102988124
-0.1428935826
0.10698919
0.1065992787
0.1381172091
-0.02125005238
0.1988749653
0.1035065949
0.1718835235
-0.01108455006
-0.220582813
0.05664871633
-0.06676082313
0.09487160295
-0.028648315
-0.03954764083
-0.04082080349
0.1557412893
-0.0975266546
0.1598534882
-0.02157102153
-0.02212389559
0.1945745796
0.1361519992
-0.05348687619
0.1531974077
-0.04912928492
0.02585220523
0.08314210176
0.09334542602
0.009729905054
-0.160995096
-0.09347062558
0.1092239991
0.01493709441
-0.03525669873
-0.02264569141
-0.1840007454
-0.1131231114
0.09504861385
-0.119375959
-0.2000102997
-0.1187330633
-0.009250005707
-0.08393533528
-0.1263546497
0.1132962927
0.1151205078
0.1290177256
-0.2374601662
0.1381896436
0.01454662159
0.02558429353
0.1285710931
-0.00794807449
-0.03050833009
-0.01061602961
0.1754615307
-0.03689917549
-0.06848068535
-0.1617254913
0.0581456311
-0.178271845
0.1032273918
-0.03253374621
0.1095786616
0.002942148829
0.09882611781
-0.1471850127
-0.05197079852
-0.1263211519
-0.1118410975
0.09122090787
-0.01962570474
-0.1877926439
-0.1859482676
-0.017284723
0.03863936663
0.04107256979
0.001572209643
0.001421939349
0.0248885788
-0.02581809647
0.04363204166
0.01093150303
0.05330036953
-0.02610908635
0.03258220479
0.0645377785
0.01142810658
-0.01959333383
0.09982033819
-0.07789751142
-0.03229352832
-0.01113658678
0.04038011655
-0.05112572014
-0.0457242541
-0.01382734533
-0.05296879634
0.005039803218
-0.01394946873
-0.01484759059
0.05902745947
-0.05174366385
-0.01603323966
-0.01600242965
0.0240626391
-0.003800757695
-0.003051776439
-0.02923955955
-0.0553890951
-0.0230013635
-0.003031411208
0.01941377111
0.0273928158
-0.0422139056
0.001455447869
0.004953159485
0.03892041743
-0.002156266011
0.08455983549
-0.04065974802
0.03355280682
-0.02487599477
0.01711028442
-0.04000292346
-0.0128241498
-0.00219821115
-0.09393758327
-0.04098488763
0.01840271801
-0.05703663453
-0.04237697646
0.003539925441
-0.03454178572
0.0386976786
0.003297465388
-0.02088468894
-0.04188251868
-0.08151116967
0.1262229383
0.0576105006
-0.003875191789
-0.1834228039
0.03509366512
-0.07581800222
0.0846208483
0.09438022971
-0.003757840954
-0.114272967
-0.1295919716
-0.08137825131
0.1835011095
-0.1717916429
0.1587129533
0.008479851298
0.08380567282
-0.006479599513
-0.2251109034
-0.03538004309
-0.02861141227
0.1907374561
0.08987814933
-0.05966695398
0.0120449448
0.02042469941
0.06403659284
-0.08988108486
-0.1854681075
-0.1898525357
0.0693860352
0.1408208609
-0.1599365026
-0.08285199851
0.1015053615
-0.0225757584
-0.1593928784
0.02444357798
-0.04354285449
0.01655252278
-0.01942241378
0.06400233507
-0.016483441
-0.08791383356
0.1754481494
-0.06188300624
0.2017764598
-0.1230070144
0.02151378617
0.03852018341
-0.1624721736
-0.2456477731
-0.1215192229
-0.06305148453
0.0311504472
-0.01328316983
0.05892964453
-0.2163406909
-0.04875010252
0.01493189484
-0.1904080808
-0.07072411478
-0.1643938124
-0.0255763419
-0.01111954916
-0.03061839193
-0.02662330866
-0.01487816591
0.0602885969
0.03800578415
0.004087736364
-0.07205110788
-0.03253592551
0.05663602427
0.001597661525
0.02333253063
0.08171156794
-0.0627912432
-0.005970151164
0.01155920047
-6.431109068e-05
-0.1153717116
0.01313669421
0.03147483245
0.06495584548
0.0251835417
-0.04372283444
0.00804846175
0.05222551525
0.02551149204
-0.001388796489
-0.05460652336
0.0234882012
-0.008691729046
0.0535966754
0.06615643948
0.006979964208
8.778002666e-05
-0.03794347867
-0.04047967866
-0.02587625757
0.01748378947
-0.02243969962
-0.02438716963
0.05330934003
0.02419306152
0.009533830918
-0.01484696288
0.06455168128
0.02509113029
0.04010979086
-0.006170343608
0.03009122051
-0.04830623791
-0.062976785
0.1010228395
-0.06213349476
-0.03884772584
-0.007372717373
-0.1411122531
-0.02003699541
0.07204011083
-0.09120936692
-0.005701726303
0.008380142972
0.02554341219
0.03839017078
-0.03291936964
-0.05028684437
-0.06949340552
0.2293058634
0.04580109194
-0.1403477937
-0.1251230389
-0.1109914854
-0.02472177334
0.2399031222
0.05997984856
0.03593247384
-0.009300178848
0.2761127949
-0.05630745739
-0.1140323356
-0.01059637312
0.05888504162
0.01903095283
-0.2078257054
-0.3080389798
-0.2222884595
-0.1014203727
0.08893817663
-0.001408265554
-0.1567000151
-0.07531572133
0.1298438758
-0.1360162646
0.0691242069
0.179789409
0.1601358801
0.3803150058
0.1065227017
-0.02662281878
0.1498014182
-0.04815292358
-0.300596565
0.1273029447
-0.0885443911
-0.1450567991
-0.1949529946
0.02560364269
-0.08774418384
0.03722101077
0.1073103547
0.1292922944
0.01936824806
0.2602542043
0.1049984843
-0.004852043465
-0.2122769505
-0.3003754616
-0.2000647038
0.1770823598
-0.06819104403
-0.09086601436
0.2010641694
0.2448285669
0.0184962526
-0.01232154109
-0.1391824186
-0.005266996566
0.1142051965
-0.04776851833
-0.07894012332
-0.06745888293
0.0325342007
0.2203872204
0.05505170673
0.03889345005
0.02358558588
-0.1678688228
0.1507322192
0.01775560342
-0.1391505897
0.1627642959
0.05281924829
-0.05516329035
-0.04370984808
-0.01876279712
-0.0003638593771
-0.1103023142
0.1899730712
0.02373355813
0.100299947
-0.05021381751
-0.1319410205
0.05765210465
0.07624211907
-0.04404665902
0.05986874178
0.06736251712
-0.08991204947
0.03566963971
0.05119303241
0.2010370046
-0.04151258618
0.06816383451
-0.07425753772
-0.1476603448
-0.09139011055
0.07018891722
0.0228902977
0.08501914889
-0.006906861905
0.06338050216
-0.06653386354
0.03185036033
0.06273176521
0.0289173238
0.04795308784
-0.02373606525
-0.07023045421
0.02175621875
0.05909794569
-0.0371603854
-0.185599491
-0.07466362417
0.03592406958
-0.008484523743
-0.08499075472
0.1110816523
0.01179183181
-0.0004850648693
-0.07044489682
-0.01744736359
0.1182702929
0.1402576566
0.01212697569
-0.02504187636
0.0003458968422
-0.03130425513
-0.00102729525
-0.004325523973
-0.05342594907
-0.1909345388
-0.0192928426
-0.09019888937
-0.07230148464
-0.1211798638
0.3605612516
0.1173802763
-0.07428164035
0.01334119029
-0.03757009655
-0.01798228174
0.07214639336
0.03427949175
0.08190137893
-0.2110270709
-0.121563524
-0.05500726402
0.03079648688
-0.03048732132
0.2408658415
-0.09848362207
-0.1362015158
0.03620766848
-0.08870547265
0.03525312617
-0.2477667034
-0.07094546407
0.07220538706
0.09363178164
0.0157615561
-0.1302440912
-0.1483810246
0.02610860579
0.00645062793
-0.06526470929
0.004143486731
-0.02481264994
0.07420221716
0.03368373215
0.1538554877
0.09670232981
-0.02004605532
0.07845915109
-0.1425476074
-0.1175787449
0.02284505032
-0.103899993
0.04491550475
-0.07329086214
0.02498535439
0.02583792433
0.000775778899
-0.09388314188
0.03952424973
-0.1297635734
0.1615861803
0.02967802249
0.04938700795
-0.02110647038
0.1250280738
0.04763794318
-0.03820435703
0.05068725348
0.0330734551
-0.001891601947
-0.03653534129
-0.0625751093
-0.0129260011
0.07242120057
0.001475220663
-0.003607081482
-0.04665843397
-0.130198732
-0.1101502702
-0.03068242967
0.06047752127
0.008233450353
-0.08025443554
-0.03410196304
-0.03398132324
-0.04535410926
0.0242445115
-0.05232710019
0.04817785323
0.01457998063
0.06250040233
0.07788579166
0.01323944703
0.05439599976
-0.03086569905
-0.02784135938
-0.004215444904
-0.05017414689
0.009824590757
0.0117783118
0.05593150854
-0.08597493172
0.04466824979
-0.005046761595
0.09484232962
-0.08090286702
-0.08021024615
0.02761707082
-0.02039719746
0.003551288042
-0.01204917021
0.04194549471
-0.04115086421
0.06217027083
-0.1148501262
0.01461107749
-0.02173883095
0.04340579361
-0.02486862615
-0.0518855378
0.01802149974
-8.513400826e-05
0.03913944215
0.02942004614
0.1001002118
0.04690564796
-0.04597138613
-0.01538841892
0.1216091141
-0.07807911187
-0.007726610173
-0.01193351299
0.06608474255
-0.009506163187
0.1294610947
-0.009669680148
0.0357581079
0.0001907063124
-0.1502420455
-0.04573227838
-0.03084542789
0.05790644884
-0.01422617678
-0.2064740509
0.1510362178
0.02055069804
0.07021990418
0.1063462421
0.008086384274
0.08378549665
-0.2226388305
-0.0733422786
-0.2080198675
0.08977996558
-0.03151469678
-0.1334727705
0.06771975011
0.08258718997
0.224153161
0.00371376425
-0.06088125706
-0.2764465213
0.3414629698
-0.01749823615
-0.06290066987
0.03969782963
0.07539638877
-0.1086299419
-0.005732086487
-0.0410900563
0.002726995153
0.0237273816
0.1497600079
-0.1685676575
-0.1044435501
-0.126215905
0.07008346915
0.05352582783
0.1972066164
-0.01249560528
0.08826423436
-0.09452845901
0.08903346956
-0.2119013071
-0.1306194365
0.07387432456
0.130282253
-0.06365896761
0.1984170675
-0.004827082623
0.09242112935
0.02407371067
0.002302343026
-0.05777181685
-0.05116414279
-0.1398744434
0.1291143894
0.01694755629
-0.04672843963
0.1256411225
-0.1204170957
0.02466687001
0.07359639555
0.03161611781
0.00386495213
0.07235471159
0.1384070814
-0.09171979874
0.0902890563
-0.04414159805
0.06674535573
0.1109563038
-0.03647594899
0.07895026356
-0.08436669409
0.026960494
-0.2740186453
-0.01188515034
0.02629056759
0.02741912007
0.1967425942
0.08414401859
0.08415240049
0.06280378997
0.03592352569
-0.1240322888
0.119169943
0.06207311526
-0.3004364967
0.0817021206
-0.1234369203
0.1200410724
0.04093185067
0.206122309
0.0618406646
0.06266541034
0.1025758833
-0.02788165212
0.143903628
0.004218671005
-0.01420307159
-0.05571351945
-0.02463248745
-0.04083761945
0.1114995405
-0.1881241202
-0.01073728222
-0.08845061064
-0.1087186933
0.07107080519
0.04364845529
-0.09575604647
-0.1333395243
0.04678226262
0.09202175587
-0.03665042296
0.2633929253
-0.05098551512
0.0340801999
-0.04144744575
0.08039151132
-0.04355586693
-0.0543791689
0.02415484004
-0.05043043196
-0.03248538822
-0.2199896872
0.04676261917
-0.08772416413
-0.1038406864
-0.04087223113
-0.05282019451
-0.00483987527
0.0333875604
-0.1356327534
-0.1992270947
-0.08644671738
-0.07087537646
-0.06337144971
0.1363583058
-0.005865385756
-0.09602528065
-0.2373848557
0.1402435452
0.07007268071
0.1950675398
0.01900663972
-0.07073763758
0.1159922257
0.05119079724
0.05873191729
0.003587343264
0.0180378519
-0.003895158647
-0.07314039022
-0.071736224
-0.09721666574
-0.06473352015
-0.01246448699
-0.1570666134
0.1034868658
0.2917137146
-0.1378815621
0.1104870588
0.2602468729
0.01124096941
0.2526894808
0.0675599277
0.02770244889
-0.06199052185
0.09644448757
-0.09838622808
0.1022042707
0.1976064891
-0.1470212489
0.236373961
-0.1000312269
0.03161983937
0.07556986809
-0.002145173494
0.06997297704
-0.03035773523
0.06474032253
0.0554623045
-0.1011418924
-0.1216514111
0.05796834081
-0.04532914236
-0.01777217165
-0.001217734418
-0.04761723801
-0.01550786756
-0.1223532557
0.0004551547754
-0.02033286914
0.009303344414
0.009164131247
0.04045213759
-0.01817856729
-0.01296296995
-0.09784048796
0.1030366495
-0.02393609285
-0.009159822017
0.05935792625
-0.02683392912
0.1060721129
0.03876876086
-0.05312286317
-0.003089955542
0.04486934096
0.05430550501
0.07233009487
0.09796795994
8.464741404e-05
-0.01418480836
0.02096856572
-0.05599877238
-0.0008287747041
0.01877281629
0.02882076986
-0.189124465
-0.04731056467
-0.009985680692
0.04825426638
0.02140984684
0.06104886904
0.07435658574
-0.01529612485
-0.03205950558
0.06646180153
0.05079850554
-0.008361936547
-0.02552738227
0.05223358795
-0.05779189989
0.05915744603
0.03085661493
0.01790944301
0.01156878192
0.0003308015876
-0.1529495418
0.06607615203
-0.02544747293
0.09322842956
0.02274523862
0.2260082662
0.03544493392
0.1231183931
0.2691527307
0.03623973951
0.107903257
-0.01599670574
0.05726790801
0.2473784238
-0.009928166866
0.1353717148
-0.2400505692
0.1120017767
0.007040220313
-0.1452070028
-0.01567116566
0.0957107842
-0.003678928595
0.101945892
-0.1746427715
0.07160003483
-0.1382525265
0.09111949056
0.09706466645
-0.04176552594
-0.5016630888
0.02047950961
0.05590752512
-0.2426524311
-0.09349887073
-0.02426472865
0.2295125425
0.1257843673
-0.04242179543
-0.1221916825
-0.219375506
0.1321805865
0.3836703598
-0.07604014874
0.1849887222
0.1586285532
-0.01253477763
0.1394579113
-0.3240936697
0.07902080566
0.05164350569
-0.280351758
-0.2280595005
-0.3558759391
-0.1782835424
-0.04108611494
0.1609500349
0.05194451287
-0.201313749
0.1130260229
0.1000280231
-0.205352962
-0.07199253142
-0.2101929784
-0.06638453156
-0.06873738021
-0.01126108691
0.06601615995
0.1877092123
0.03735868633
-0.04403876513
0.08300424367
0.07335527241
-0.01909301803
-0.07588660717
0.2104032189
0.07893452048
0.02804980054
-0.04788706452
-0.01530540548
-0.01801714301
0.0254007522
-0.03203312308
0.1360292733
-0.0214492511
0.07125454396
-0.07166875154
0.02032542042
-0.08852735162
0.01666488685
-0.1459767669
0.1855041087
-0.09369301796
-0.09476847202
-0.1640693098
0.02383223921
0.2027885467
-0.1108364388
0.06254762411
0.0408485271
0.07342520356
-0.2594687641
0.0159552414
0.03169704601
0.1141998097
0.02400410362
0.01495052502
-0.05578044429
-0.01584027149
0.1417648792
-0.004329422489
-0.08350493014
-0.2002326697
-0.06213055551
-0.105148904
-0.0288969446
-0.02999757417
-0.0507283397
-0.05020213127
0.1241608039
0.08374251425
-0.2144994438
0.199353978
-0.0002077451791
0.003403817536
-0.1756667942
-0.1197007895
0.01217793114
-0.1537942588
-0.06691601872
-0.01594480872
0.09030348808
-0.07282610983
0.1024059504
0.06562411785
0.06468658894
0.08994687349
0.07042497396
0.0651730448
0.02616454847
-0.009517640807
0.3279040158
0.03660814092
-0.04412423074
-0.05276518315
0.02031309344
0.1202183664
-0.3734121323
-0.1599576175
-0.04034575075
-0.06880296767
0.190043956
-0.03311474621
0.08786705136
0.166292116
0.197448805
-0.04957387969
-0.2361508608
-0.1194106936
-0.1856513172
0.1632462889
-0.2314312458
-0.06288596243
0.02970733494
0.1686858535
-0.2576014102
-0.1391472965
0.05210675672
-0.0260552913
0.2387229055
0.07665093988
-0.1129008457
-0.1482328624
0.1354309171
-0.1974247545
0.2432095408
0.1134641394
-0.05630943552
0.01613988914
0.003852959257
-0.1216067374
0.04632843286
-0.1685584337
-0.1341535896
0.1586656868
0.303712517
0.06800767779
0.07419495285
0.02972896956
-0.2257235497
-0.1327003986
0.02768313512
-0.1042560786
-0.04826042056
0.09466674179
-0.045563858
0.2063007653
0.003662931733
-0.07151896507
0.09482289106
-0.01498925313
0.1471768022
-0.08942465484
0.2701139152
0.01944896765
-0.05874091759
0.1506703347
0.1805317998
-0.06560375541
-0.009307442233
0.1391194612
0.07348184288
-0.03719428927
-0.04387529194
-0.01687623374
-0.05062136799
-0.0829391256
0.07008685917
-0.1381281018
0.2611885071
0.02507563308
-0.08640252054
-0.1598428488
-0.2059073597
-0.0007519957726
-0.07614384592
0.01960649341
0.2018268257
0.164669022
-0.3249087036
-0.0835834071
0.07943014801
-0.06343369931
-0.002176002366
-0.04952121899
-0.04282724112
0.09346212447
0.105267711
-0.1052954644
-0.1164234281
-0.1756277233
-0.06979358941
-0.02858335711
-0.1042933092
-0.06127113104
0.04470600188
-0.09191860259
0.1595852524
0.1657723039
-0.1783401966
0.01143840887
0.2698694766
-0.1477843523
-0.1566073895
-0.09209320694
0.05418754742
0.1063118801
-0.09811045229
0.008253210224
-0.09941081703
-0.2370439768
0.009438967332
0.004694384988
-0.07913316786
-0.1692384481
-0.06572591513
-0.1840282679
0.04788050801
-0.07577490062
-0.05007056892
0.05638995767
0.03841729835
-0.02062061802
-0.0006742468104
-0.01282037701
0.131639719
0.1642650664
-0.02877392806
-0.03665942699
-0.1247043833
0.128380999
0.02526959032
0.03604974598
-0.1526958942
0.08955574036
0.1898799688
-0.09460009634
0.01773536764
-0.07394544035
0.08756120503
0.1892647147
-0.1183957532
-0.3040647209
0.1792446971
0.04878880456
-0.02569105104
-0.1304480731
0.1181248054
-0.05728364363
0.2781430483
0.04290202633
-0.1950144321
-0.05118922889
-0.2292479575
-0.03529240191
-0.0683876574
-0.0567997545
0.1427357495
0.05489904433
0.04433434084
0.1815637946
-0.1453493088
0.1977254301
-0.3801864982
0.1469213217
-0.001335115288
-0.1418755949
0.2530553341
-0.04725658894
0.002979008248
-0.0286116153
-0.1235302463
-0.01587732323
-0.02083906718
-0.02563462779
-0.03741274774
-0.05677611008
-0.0400136672
-0.05471330881
-0.07598779351
0.06208352745
-0.00875757169
-0.08186706901
0.009452830069
-0.1174021438
0.05296329781
0.1077348664
0.07564786077
-0.1875603497
-0.03314951435
0.04783046618
0.05489897728
0.1179891974
0.05558647588
-0.02015382424
-0.04816745222
0.06908660382
-0.215886578
0.00231419527
-0.07459638268
-0.001095042913
0.1469823569
0.03849967569
0.03404365852
-0.009551079944
-0.199585557
-0.1213707477
0.2063542157
0.02816831693
-0.1713883877
-0.008104426786
-0.129991591
0.03989409283
-0.02475150675
0.08463036269
0.04160258546
0.1049019247
-0.02029710822
0.05623662472
0.04803146794
-0.002560610417
-0.08652695268
0.00203392189
0.04878497869
-0.03588870168
-0.04539979622
-0.1117062569
-0.008708692156
-0.1359493732
-0.1660181582
-0.04722056538
0.0476770401
0.04482648894
0.02860847116
-0.02762772143
-0.1412996799
-0.1784777343
-0.255166918
0.01316247601
0.08332439512
0.05307528004
-0.02136772685
0.01754888147
0.08364471793
0.06737989187
-0.08017465472
-0.003642081283
0.08582475781
-0.1272005439
-0.1627776027
0.01662880182
0.05375943705
0.1524083465
0.1037979648
-0.1719099134
0.02366188914
-0.2396826744
0.01293895394
-0.02948999591
-0.0520129092
-0.129129529
0.04427932948
0.08935017884
-0.08847492933
-0.1280030161
-0.03361023217
-0.08144680411
-0.1848882437
-0.1238478348
-0.3129106164
0.1943397969
-0.1510251164
0.1348278224
0.05840802193
-0.171080783
0.04181369394
-0.1619789153
-0.07555162907
0.1481125057
0.02133589797
-0.1332870126
0.2559466064
0.1273784637
0.01093048789
-0.006171959918
0.0383885093
-0.1416703016
-0.2092625052
-0.08216223121
0.01180071756
-0.08402131498
-0.1556729078
0.04848230258
-0.1692485064
0.1766353548
-0.2474308163
-0.1622776836
0.004013765603
0.006419340149
0.0438333936
-0.008635542355
0.04295485467
0.01707973331
0.02983426303
0.0601352863
-0.1775729209
0.01207381114
0.0264192801
0.007598768454
0.07102130353
0.1772567332
0.02892692201
0.05378320441
0.01314162277
-0.04683547094
-0.03891815245
0.06585006416
0.01678811014
0.02274442278
0.03848121315
-0.039301157
0.1269068718
0.009790967219
-0.03067986853
-0.0574403666
-0.02455503494
0.03045500442
0.04847212508
0.05949319899
0.04607550427
0.06073051691
-0.005149811972
-0.1211871728
-0.09588220716
-0.02572888136
0.009447404183
0.00298606162
0.0526307784
-0.1058398634
0.02296341024
0.02173346467
0.09503103048
-0.0666879639
0.0211259909
-0.03152812272
0.00202857377
-0.09834644943
-0.0732570067
-0.05299140513
0.02865255065
0.06242475286
-0.1155378222
-0.0395276621
-0.08377410471
0.0281570591
-0.05998719111
0.1125192344
-0.08022031188
0.05075658485
0.02860064805
-0.001664904063
-0.05667575076
0.04476043209
0.1435236335
-0.002838259796
0.05195431039
0.05568538234
0.04468037933
-0.005336023867
0.05253792554
0.04586372524
-0.07817475498
-0.02851950191
-0.1076270267
0.02751473896
-0.05816751346
-0.0005016216892
-0.01637721621
-0.07466939092
-0.04728364944
0.06590269506
-0.01074260287
0.008600994013
0.09171781689
-0.03895251453
0.182423234
-0.005101651885
-0.1561806649
0.01544566359
0.1263102293
-0.1325422078
0.05924382806
0.05733151734
-0.01166156959
0.003260497702
-0.004386364948
0.1098964289
-0.1492311805
-0.0130760856
0.008496166207
-0.05593935773
-0.05116872489
0.1357671767
-0.1008467749
-0.06873574108
-0.02765194327
-0.07400146872
0.1746143103
0.06724145263
-0.07085741311
0.02856642008
-0.01193032693
-0.04182077572
-0.01421869546
-0.1748753935
-0.05985429883
0.05070143193
-0.0572547242
-0.03116953
0.06489360332
-0.1350598484
-0.0451557003
-0.07577549666
-0.1175964996
-0.08769237995
0.01340870745
0.01152077131
0.009477947839
-0.0119892098
-0.08858305216
-0.03251769766
0.007469321135
-0.0165841151
0.03866405785
0.02465266362
-0.01188828982
0.03258122504
0.05031277239
-0.001230446505
0.0559608452
0.06424925476
-0.04501707479
0.06224147975
0.05469950289
0.04511520267
0.03754397854
0.04002515599
0.03630562872
0.0246491842
0.1098726913
0.02407512069
0.008215143345
0.02103346214
-0.003475242993
-0.01250836346
-0.02932807989
0.03395040706
-0.04566302896
-0.000110134366
-0.01050421316
0.07770682871
0.0532785058
0.1042558476
-0.04988223687
-0.02864914201
-0.1071752757
0.02817329392
-0.05176821351
-0.06054927036
-0.05811648443
-0.0002383085084
0.04258739203
0.07198307663
-0.004899921827
-0.001242300612
0.01758384146
0.001463052351
0.006334294565
-0.03691259399
0.07315161079
-0.07578656077
0.02351025119
0.05124761537
-0.01206146739
-0.06785920262
0.05108179897
-0.00423207134
-0.0101731848
-0.03951436654
0.04120935872
-0.009863306768
0.2174834758
-0.04560504109
-0.03356716409
-0.106629096
0.03820334002
0.0586932227
-0.03820866719
-0.2129752338
0.08040437102
0.09954982251
-0.0328139402
0.2004571408
-0.1244328097
0.006776695605
0.002987605985
-0.0009700756054
-0.002719894284
0.1839172542
0.03920617327
-0.09683121741
0.09227895737
-0.009527117945
-0.12891756
-0.07399585098
0.0001643668656
0.1882546991
-0.1277331561
0.02046725154
0.117944479
0.1578713953
0.05773382261
-0.1437313259
0.1415323317
0.01247436088
-0.0394695662
-0.02742959
0.2163843066
0.08282957226
-0.0671934858
0.1506619751
-0.04015997052
-0.1022305936
-0.05021958053
-0.2618732154
-0.1878643483
0.1091298983
-0.1881528944
0.161419645
-0.04229174554
-0.1487010866
0.162577346
0.0324819088
-0.02174462564
-0.08698263764
-0.03605110943
-0.07268074155
0.1183606684
-0.3020602167
-0.08428058028
0.01625874639
-0.1226843894
0.1236030832
0.02348619699
-0.0008502966957
-0.106610328
0.008995743468
-0.04787082225
-0.1036555991
0.02910641022
-0.0575831756
-0.008148438297
-0.006248955149
-0.07779194415
0.01729519106
-0.1226995066
-0.07619647682
-0.003870072309
-0.08710397035
-0.06139725447
0.05862339586
0.04180823267
-0.07279587537
0.1274703443
0.003335435875
0.02117763646
0.03463305905
-0.1283880472
0.02667712234
0.04024822265
0.03569600731
-0.06313667446
-0.05454071984
0.005995570216
0.02145891078
0.04430729896
0.08478025347
0.05807442218
0.0550333783
-0.02075655572
0.01645712554
0.1052883193
0.007563982625
-0.06350015849
0.05228366703
-0.0185348969
0.1285675019
0.01784355752
-0.0397493951
-0.07481768727
-0.002666935092
0.09072897583
0.03029573709
0.1220514625
0.07679401338
-0.009090701118
-0.04654234275
0.1177531406
0.01949022897
0.04050062597
-0.003701866139
0.05661503226
-0.2402808666
-0.1513804644
-0.01108161267
0.03662700206
0.001758446684
-0.009667490609
0.2694544792
0.02334387414
-0.1539060026
-0.02167095244
0.3050351143
-0.06541664153
-0.04482926428
-0.1574169844
-0.01638998091
-0.2037611753
-0.02219901048
-0.01146260835
0.006692294963
-0.04549660161
-0.1161080524
-0.07613772154
0.1517163664
-0.03024337627
0.01342450175
-0.2415325195
-0.1644305587
-0.02603855915
-0.1239475012
-0.02159135602
0.1310140938
0.1034678072
0.02737860568
-0.05068054423
-0.05503780767
-0.1246157959
0.09665992856
0.02028090134
-0.1156949326
0.04287636653
-0.2186975479
-0.2427359223
-0.1336985528
0.08988504112
0.02111535333
0.2124729306
0.07287243754
-0.1267202348
0.1444332153
0.1207435429
0.1447411329
-0.2301570773
-0.04955469072
0.2183591574
-0.05175942928
0.1319268644
-0.1796989888
0.1192847118
-0.1676229686
-0.1288928986
-0.195150584
-0.0817187801
-0.1315995306
0.06080528721
-0.02471988462
0.07053289562
0.05851511657
0.02115781233
-0.08363425732
0.04733979702
0.02716747113
0.02053537779
-0.0001625638106
0.09633603692
-0.03523448855
0.01285931841
-0.0377660282
-0.05935794115
-0.04536971077
-0.1456178874
-0.0535345152
-0.2271421701
0.02099038661
-0.1152818128
-0.09580796957
-0.1332531124
-0.000558855827
-0.07006680965
0.0711813271
0.004305961542
-0.117714949
-0.003649383318
-0.0005323190708
-0.08515484631
0.02217029594
0.003658476518
0.03229760751
-0.1889049113
0.06099266931
-0.00998910889
0.06384236366
0.08665277809
-0.08695853502
-0.02031642012
-0.07404210418
-0.001508333022
-0.1458897442
0.08096419275
0.01854013093
-0.00795698911
-0.009280178696
-0.05729431659
0.02362819016
0.06860740483
0.02871108986
-0.007198128849
-0.07418723404
0.03147279099
-0.02896474861
0.05345160887
0.04768463224
0.07826180011
0.0216418393
-0.07991548628
-0.04436236992
-0.009640877135
-0.02561556362
0.01864084601
0.03305288032
0.03484814614
-0.0346506387
0.1421092153
0.0539984107
-0.006100583822
-0.1483659446
-0.03369397298
-0.2448311448
0.102306664
0.1158028767
0.002116744407
0.09169188142
0.00803970173
0.0270873066
-0.03717730567
-0.1318398416
0.1795240194
-0.09894865751
-0.2492949963
-0.08297784626
0.05970292911
0.1759126037
0.08288707584
-0.03662821651
0.02041804045
-0.003887926228
0.2012668848
0.0225706473
0.01206443273
-0.04510616884
0.07930974662
0.02817630209
-0.198109746
-0.2812381685
-0.107800819
0.04356093705
0.1542987674
-0.213891685
-0.1081784815
0.06229282916
-0.08411326259
-0.06925349683
0.0848768577
0.0516721867
-0.1556671858
0.04807603732
-0.07443768531
0.2108560354
0.007231998723
0.1772628576
0.1312026232
0.12668401
0.1636238247
0.02698567696
0.01748067886
-0.1017093658
-0.07316682488
-0.04907144234
-0.1379235834
0.03643675894
0.03229416534
0.02860551141
0.1462281942
0.02430310845
-0.09595837444
0.05040997267
0.07385209948
-0.01378282905
0.06105316803
-0.000920115388
-0.04595618695
-0.1587360203
-0.09334885329
-0.01457256824
0.1222178638
-0.004213926382
-0.0332323201
0.05989575386
-0.09444695711
0.08463804424
0.1747105718
-0.00535260234
-0.05481354892
-0.02403086796
0.1156084165
0.1922493279
0.0845573917
-0.1059652343
-0.05649266765
0.1262570918
0.1148771122
-0.0004016172898
0.1667968482
0.0382848233
-0.07154510915
0.0698960647
-0.06850304455
-0.01118138526
-0.1446382701
-0.07039126754
0.04205101356
0.03890841454
0.01376720425
0.04386230558
0.01097393315
-0.00524079334
0.008436465636
-0.0222472772
-0.2262570113
0.1216286793
-0.05505973101
-0.00684085628
-0.1446408778
0.2050228417
0.1489597857
0.1095267534
-0.01902132109
0.01955246367
-0.002643478103
-0.06794860959
0.1021696776
-0.004740737844
0.04580229521
-0.0128236888
-0.01632348076
-0.1646029502
-0.02641742676
-0.05883099884
-0.1377370507
-0.04860598221
-0.01678738557
0.02946217358
0.00220336346
-0.1125975177
0.02278227918
-0.1403731853
-0.007468914147
0.03713690862
-0.03796644881
0.02239738777
-0.07741683722
-0.05912288278
0.03852375597
-0.01694133878
-0.01969983056
0.05283606425
0.003551786533
-0.03698777407
-0.1295222789
0.04262358323
0.01092814934
-0.01215870678
-0.1430158913
0.03670018911
0.0803444609
-0.04659235477
0.04526826739
-0.07758594304
-0.04577919096
0.007206141949
-0.1081639826
0.1471982598
0.09182377905
-0.1386685967
0.004251343664
-0.04441055283
-0.03429534659
0.01882623136
-0.06520962715
-0.03029093333
0.08821260929
-0.05389881134
0.01551597938
-0.0611455366
-0.06741409004
0.06671701372
-0.01050169673
0.1216873974
-0.08862125874
0.1053320393
-0.09426800907
0.07759693265
-0.06172810122
-0.06002142653
-0.0936743319
-0.008260963485
0.1434639841
-0.07872947305
-0.0685601458
0.04328459874
-0.1059035435
0.002952469047
0.002526866738
0.08025061339
-0.06642374396
-0.01597839966
0.2052561939
-0.01159002818
0.04002855718
-0.1466184109
-0.01363778394
-0.03132457286
0.03166368604
-0.02237283625
-0.0622183457
-0.02029884048
-0.03350382671
0.07418023795
0.00435768906
0.05324012414
0.0321568884
0.02826931514
-0.00423394097
0.02505559102
0.03132936358
-0.03023440391
0.01047986932
0.02710274048
0.03277156502
0.0442979075
0.04856893793
0.06150523573
-0.04692169651
0.02755883336
-0.1105154157
0.00172416307
0.006672934163
0.08437906951
0.08543226868
0.05358019471
-0.0061126207
-0.1120070741
0.02072209865
-0.06580232084
0.03937894478
0.01770719141
-0.09267505258
0.01276333351
0.01901961863
0.03653180599
-0.01783096232
0.09810961038
0.009994742461
0.03687572107
-0.01042061858
0.002767768921
0.05903572962
-0.003650616622
-0.07245408744
0.01624714211
-0.0728738457
-0.1173956692
-0.06244154647
-0.1280691028
-0.01320711337
-0.03826971725
-0.1155456305
-0.0136593841
0.02460638247
-0.0072189942
-0.0512540713
0.0708142072
0.03975749016
0.205413729
0.05980860814
-0.005278017372
0.09048089385
0.1381519884
-0.03054203279
0.1238902882
-0.1856466532
0.1118140593
0.1093172953
0.1437477767
0.04944681749
0.3478803933
0.1287167519
0.09619146585
-0.1236202344
0.06807135046
-0.06818702072
0.1193626449
-0.1719856113
0.06811718643
0.08091403544
-0.1815760881
0.1253735721
-0.001955044921
0.2747233808
-0.0722097829
0.1134734377
-0.1003428102
-0.1514516026
-0.1944391727
-0.04609469697
0.01931240037
-0.03465659916
0.023945041
0.146243751
0.05176205561
0.02792075276
-0.08233632892
0.1956320256
-0.08913487941
-0.04466040432
0.03590429202
-0.007180199493
0.007579896599
0.04307818785
-0.2809434831
-0.02668655664
0.198028937
-0.036280334
0.1641651988
0.019388685
-0.04076943547
-0.1890386939
0.09330326319
0.08437046409
-0.0342213735
0.02335471101
0.0896922797
0.2747201324
0.1180843636
-0.1194453239
-0.02677588724
0.1358717531
0.1539131552
0.1891618669
0.09816043079
0.01752392761
-0.001883115387
0.1529582143
0.1245934889
0.04679085687
-0.0327774398
0.07862473279
0.03745950013
-0.05372682959
0.02013319358
0.06005147099
-0.1819840521
-0.1477981508
0.1235996783
0.03587939218
-0.08045386523
-0.1127677485
-0.1240151599
-0.0136859268
-0.0529935509
-0.06584300101
-0.09643895179
-0.01536227111
0.08693205565
0.07533829659
-0.02055600658
-0.02711240388
-0.01547609549
-0.02979987301
-0.17628631
0.00265838136
0.005832143128
-0.01214987691
-0.0001744236215
0.1542173773
-0.01041882299
0.1576836556
-0.04883928597
0.1311385632
-0.1096918061
0.01431217883
-0.1794952303
-0.03353144974
-0.004980059341
0.05585485697
0.02218805254
-0.01643657312
-0.02217259258
-0.2045318782
0.1383853108
-0.0005718587199
0.1769176722
0.05407701433
0.1206701621
0.07635705173
0.1096786335
0.04218557104
-0.02119057253
-0.1536109447
-0.05879784748
-0.03764911368
0.07529762387
-0.05793718994
0.07831595093
0.0162171796
-0.03477781639
-0.1900055557
-0.02379991487
-0.0965154916
-0.03240527958
-0.2776556015
-0.2605974674
-0.06239470094
-0.05727758631
0.07001899928
0.205106914
-0.07985084504
-0.05788680539
-0.1043996885
-0.03406016156
0.02529536746
-0.02560050227
-0.01147769392
0.1147620827
-0.064866364
-0.114846006
0.1833734512
-0.09183530509
-0.05781688541
-0.1159094647
0.1242520362
-0.1351762563
-0.04983114451
-0.1682527512
-0.04346745461
0.06146064401
-0.09758210927
0.01873113215
-0.01116932463
-0.07248990983
-0.0170637276
-0.04274544865
-0.02802786231
0.1283732355
0.1133289337
0.1323986799
0.3491738737
0.0006930739037
0.09242837876
0.1479652375
-0.1678970754
-0.0327154994
-0.1496670097
-0.009365024045
-0.04755574465
-0.1510771662
0.01029475313
-0.1362597495
-0.1015223563
0.08716909587
-0.1167764217
-0.1563800126
-0.07012535632
-0.02747250721
-0.01310779154
-0.07124657929
-0.01208023168
0.07749540359
0.04198735952
0.08888814598
-0.02990107611
-0.01916673593
-0.03851653636
0.01205531973
-0.1420369446
0.05986377597
0.03629921004
0.005958074238
-0.1064387709
0.01682494767
-0.02030880563
-0.07557690144
-0.05154560879
0.03370090574
0.002830021316
0.001321330899
0.07322053611
0.03662407398
0.07632058114
0.01184308063
-0.06119773909
0.005378603004
-0.002279919339
0.0104503287
0.007136210799
0.1112870723
-0.007140928414
-0.08283742517
-0.02924058028
-0.05320550501
-0.005121566821
0.02268177271
0.03707236424
-0.005065475125
-0.04925566539
0.009204699658
0.0303860493
0.03857193887
0.08975253999
0.004344820976
0.02615479752
0.02408073284
-0.06878319383
-0.03751095384
-0.00268418435
0.08508457989
-0.06532081217
-0.1055286154
-0.07524174452
-0.1136147603
-0.008862250485
-0.04549982026
-0.08196320385
0.0017278624
0.01699690148
0.04580721632
0.01388448384
0.1648638248
-0.05095621198
0.1280067861
0.1934703737
0.1222243309
0.1113766432
-0.2075011879
0.06912782043
-0.05914056674
0.07437646389
-0.1117071211
-0.1110585704
-0.08468077332
-0.06660770625
0.2622033656
-0.128986299
-0.004028512631
0.09877678007
-0.2841174006
0.09143175185
0.1479230076
0.07565552741
0.06952251494
0.09166958183
0.03137946129
-0.0552457124
-0.1131036803
0.1857053787
0.3042598963
0.1334994137
-0.07929430157
-0.1114818454
0.1800435632
-0.09864354134
0.09346611053
-0.05136246234
0.1832885295
-0.03564870358
-0.02285875939
0.06130577251
-0.03102081269
-0.3558014929
0.1313381791
-0.3097818196
-0.002710592002
-0.02432719432
0.1335801631
-0.1992213428
0.04397423193
0.07267132401
-0.07228258252
0.04900059476
-0.04336152971
0.1832692921
0.1443969607
0.07217913866
0.2023745328
-0.2087939978
-0.1412442625
-0.09731185436
0.03736146167
0.01266834419
0.1532349288
-0.04961135611
-0.03457156196
-0.0145956669
-0.08913239092
-0.05496473983
0.05674441531
-0.01019233186
-0.0715476647
0.002394055715
0.006319459062
0.0309017878
-0.05955758318
0.1049465165
0.102826491
-0.02818816714
0.05539366975
0.03625669703
-0.1410659552
0.07112271339
-0.0480386205
0.2622249722
0.05900152773
0.02686707117
0.001648081001
-0.03062729724
-0.008965888992
-0.07306171209
-0.08156544715
0.0270222947
0.1472255588
-0.06690497696
-0.03065676428
0.01525655761
0.1367729455
-0.04870022088
0.1024482772
-0.08006496727
0.07312174886
-0.06895967573
-0.0083099287
0.01154624671
-0.08113224059
-0.1222612187
-0.01345306728
-0.008642948233
0.07030570507
0.1355177611
0.01584338211
0.01629728451
-0.1118643135
-0.06785294414
-0.08111427724
-0.009817145765
-0.05913453177
-0.1030034572
0.06735099107
0.07968669385
-0.09700175375
-0.123736605
0.1770203859
0.05182880908
0.1390584707
-0.07249563187
-0.1051873341
0.1870971471
-0.04659216851
0.2349246889
-0.06565438956
0.3416791856
-0.06736478209
-0.1637180746
-0.03499639779
0.1469413489
0.06956318021
0.1496006697
0.09786635637
-0.002088498557
-0.05354578793
0.09706099331
-0.0314148441
0.08621194959
0.1895448864
-0.1900039166
0.05270113423
0.1111048236
-0.121650584
0.04519764706
-0.06278059632
-0.0612991266
-0.03360143676
-0.1045129821
0.007841249928
0.1507253647
0.1181436852
-0.2064148188
0.07081722468
-0.0334473215
0.0928965956
0.02535197698
-0.148265928
0.2194142044
-0.0990197733
0.03896197677
0.1052080169
0.03809368983
0.05768722668
0.09338405728
0.1533067524
-0.126959309
-0.1709451526
0.1435349733
-0.1317383796
0.1239377484
-0.06536691636
0.09714995325
-0.1460255682
-0.1152775139
0.04632463679
0.08657363802
-0.06666823477
0.1035649851
0.03740379214
0.1090013161
0.193896383
-0.2047332674
-0.09018579125
-0.1025800034
0.08795796335
-0.1395124048
0.0378747806
0.08889412135
-0.1501919627
-0.006495833863
0.04728952795
0.05350856483
-0.01408848912
0.1009647846
-0.1117318198
0.05633111671
0.04400127381
0.05729271844
-0.00223393552
0.06608312577
0.05818891153
0.0413676016
0.002722269623
6.124666834e-05
-0.0007362680044
0.05548588559
0.005471671
-0.0102891298
0.0268853642
-0.005485667381
0.1026800573
-0.01127073355
0.01643078215
-0.02513139322
-0.08470781893
0.06341040879
-0.008825493045
-0.04162548482
-0.01077013556
-0.01710513048
-0.0349817276
0.1685528159
0.02518070489
-0.09256073087
0.01425115298
-0.08918149769
0.1031557694
-0.0006643956876
-0.03361229971
-0.05222509056
0.1209327281
0.1292063892
-0.01305886917
0.09145323187
-0.07743494958
1.090150909e-05
-0.01600767672
-0.03318794444
0.03451288864
-0.0381302312
-0.09074870497
0.03886985406
0.05167883635
0.033258304
0.04025807977
0.06443084031
-0.01925436035
-0.02426368557
-0.06178668886
-0.107488662
