-0.2252608687
0.06878874451
-0.2351403534
0.0001600560499
0.1064392626
0.2069891691
-0.008147613145
-0.0804188028
0.002447512466
0.02252142876
-0.180670023
0.0002980854188
-0.1198357195
0.0006772702909
0.004036919679
0.09761153907
0.020662928
-0.003085927805
0.02584399842
-0.0003195189929
-0.01155519579
-0.01749348082
0.003116376
0.03641419113
-0.0004739416472
-0.01001648232
0.02293409407
-0.0001999762753
0.01472537965
-2.828289871e-05
-0.0004095355398
-0.03347869217
0.0005658212467
-0.000205484961
-0.0002704316285
3.967872999e-07
3.155349077e-06
-8.802705997e-05
-4.503113814e-06
-0.0001163599518
6.87353895e-06
6.596887397e-05
-6.410328933e-05
6.489873613e-06
-0.0002222112525
3.836871201e-06
3.442103662e-06
-5.112424333e-05
-0.02423340268
0.001541488222
-0.009978989139
-0.0001150601747
0.004842233378
0.007474649698
-0.002472689142
-0.0225285273
6.109234528e-05
0.002347934293
-0.01057926659
0.0001131990721
-0.0059162369
-3.34590186e-06
7.902922516e-05
0.01014950499
0.2921980619
0.3642174304
0.4300850332
-0.0001775515557
-0.04775231704
0.1290631145
0.0002007797302
0.0640412122
0.0009401438874
-0.1025108397
0.01893476211
-0.0002889090683
0.1505496502
0.000830141129
-0.01430004183
-0.08962923288
0.2522368133
-0.08130580187
-0.004449329805
-0.0003310442844
-0.1169454753
-0.2791316807
0.002741492121
0.1864569634
2.839201261e-05
-0.1186086461
0.08044160157
2.729260086e-05
0.06993317604
-0.0004542052047
0.02098955773
-0.2914015055
-0.2353612334
0.08225190639
0.05140925199
0.0004027203249
0.02163749561
0.06175974384
-0.005705105606
-0.03171405941
0.001517864759
0.01023939811
-0.08007420599
0.0003328549501
-0.05378624052
7.979892689e-05
0.0008057085215
0.05059116334
-0.04062331095
0.007838701829
-0.06594731659
0.0001575028
0.01500434894
0.0255121924
-0.004179445561
-0.04896024242
0.000518726476
0.01449563913
-0.02813442796
0.0002112910734
-0.02117822692
1.49593252e-05
0.0003350024053
0.03483290598
