-0.007829789072
-0.0916069746
-0.1666650027
0.1473194212
-0.0369903557
0.1478931755
-0.1217245087
-0.01679383218
-0.02250994742
-0.493023783
-0.1553414613
0.003851123853
0.03072208539
0.01285122707
0.2719460428
0.4158190787
-0.3662172854
0.5655409098
-0.07013130933
0.2101580352
0.6314269304
-0.2128516138
0.1717593372
0.3482444286
0.1785548776
-0.2277148962
-0.2414573729
0.02771722153
0.8430662751
-0.06847290695
-0.2419923544
0.4584471285
-0.1269747913
0.1403313577
-0.1035383418
0.08489238471
0.1862500459
0.1305841506
-0.1444957107
0.1353671104
0.02075375803
0.01157386694
-0.006663426757
0.01176049188
0.06323036551
-0.03769347817
0.2916855216
0.001763109234
-0.01237632614
0.1717130095
-0.1519967914
0.04965365678
0.05897032097
0.02717797644
-0.06842917949
-0.07700184733
0.02857945301
-0.004412382841
-0.2220193744
0.02122519724
-0.1776329428
-0.01684127189
-0.0712992698
-0.1332683414
-0.3258077502
0.2546248138
0.1520545185
-0.5635375977
0.1361547709
0.4410616159
-0.1306672841
0.2733660936
0.1567465216
0.4623891115
0.4656820595
0.2022776753
-0.01567017846
-0.563338697
-0.09660085291
-0.2378995419
-0.06611786038
-0.3075985014
-0.6389908195
0.4500456452
0.4521942437
0.085487023
-0.01482736878
-0.04763264954
-0.09384690225
-0.1843723804
-0.132771194
-0.01259035245
-0.04920759797
-0.1352216452
-0.2050501555
0.6334430575
0.1019356176
-0.6891209483
0.4707033336
0.3951277435
0.08151757717
0.1679133773
0.2223873436
-0.5350385308
-0.1042982191
-0.1014793217
0.4573833942
0.1310354918
-0.3841277361
-0.1180069745
0.3897219002
0.03909663111
0.4411056638
0.07330948114
-0.3268727362
-0.02770251967
-0.566793263
-0.2672951221
0.217413798
0.262047559
-0.3132439852
-0.3911782503
-0.6010977626
0.07646908611
0.6917864084
0.084395051
-0.192574963
-0.4794057012
