-0.03978659958
-0.01676253602
-0.09963051975
-0.09830213338
-0.02934925258
-0.008238324896
0.2123910785
-0.2072936296
0.1799179763
-0.1186052859
0.0224650111
-0.1009906679
0.1119477823
-0.0002668170782
0.02074076049
0.0173822213
-0.05737574399
-0.05413061008
0.2629502714
0.3674547076
0.09019618481
-0.0004357661819
-0.268425107
-0.04250963032
0.09102450311
0.1400747448
0.03735406324
-0.1653360277
-0.03966225311
-0.1556165814
2.237155059e-05
0.09137602895
0.02000878751
0.009839686565
0.1020261422
0.2263805866
0.005030821543
-0.008101510815
0.08347807825
-0.09813545644
-0.2718646824
0.02153660543
-0.05161025375
0.210319683
-0.02805972472
0.00503052678
0.02688139677
-0.01514537353
-0.06622768193
-0.002087568166
-0.02822170965
0.01737234928
-0.01171292085
-0.006147258449
0.168933779
0.02910781279
-0.04036397114
-0.05063999444
-0.05032065883
0.1275491416
-0.03535709158
-0.0564340353
-0.0003142990463
0.07691826671
-0.1717902273
0.009320192039
-0.1134598479
-0.06472391635
0.04029399529
0.01591656357
0.3251012862
-0.2769028842
-0.2068595439
-0.2350499481
0.08791739494
-0.06094591692
-0.1185651869
-0.003293547081
-0.02803920396
-0.4812231958
-0.1223593429
0.03987360001
0.3613828719
0.0007959370269
-0.0514042601
0.001662951079
0.2559099495
0.02115297504
-0.3502938449
0.1646157354
0.04336253926
0.004261513241
0.01149697043
-0.01720582135
0.00162725558
-0.1214125231
0.002223850461
0.004290087149
0.007183847483
0.0126795359
0.0009509169613
-0.003169740085
0.003028595354
-0.01727601513
-0.006883645896
0.002415707568
-3.040506999e-05
0.007908235304
-0.002511351136
0.001846374362
0.004333135672
-0.008363363333
0.007839137688
-0.005115208216
0.003952353727
-0.004591006786
0.003901575226
-0.002578657819
0.001670241589
0.003013151232
-0.003693263745
0.004136252217
-0.004299470223
0.005277372431
-0.005929752253
0.001087035635
-0.0005224192864
-4.990787056e-05
0.005920208991
0.002905401634
0.008704788983
-0.001161931432
0.0002902691485
-0.003165986389
-0.01477055997
-0.02630527318
-0.00970188994
-0.008037467487
0.002336704405
0.003674475942
-0.003742009168
0.001827987726
0.01223469898
-0.02463801205
0.01140617952
-0.01363472641
-0.01128439698
0.01976000145
0.01550569572
-0.002087997505
0.0240235161
0.001226425404
-0.001133792917
0.01681016944
-0.01293375157
0.01126482897
-0.01634353772
0.0007451756392
-0.0008090033079
-0.006121659651
0.01320256479
0.01471527945
0.04882928729
-0.08270058036
0.05286370218
-0.01467835996
-0.1928465664
-0.11933323
0.09465442598
0.005109841004
0.04521231726
0.01761855371
-0.05143704638
0.007537587546
0.07835898548
-0.1532471478
0.0647104159
-0.07140792161
0.04735953361
-0.06168087944
0.0749617219
-0.006619681139
0.2103673667
0.00856100861
-0.0864546746
0.2072449476
-0.1031478792
0.1163140535
-0.08311843872
0.1340469867
-0.004233262967
-0.204510808
0.0009964875644
0.001828043372
0.001730105141
-0.0005757234176
5.793351011e-05
-0.0008866791613
-0.008751603775
-0.005905524362
0.004919957835
-0.001082240837
-0.0003760852269
0.0009124253411
-0.0008467995212
0.0007540733786
0.004018784035
-0.006449189037
0.002917648992
-0.004081529565
-0.0209656693
0.009945340455
0.003955612425
-0.0008838177309
0.006264856551
0.001366781187
-0.0006773455534
0.008014653809
-0.004529502243
0.001876348164
-0.005351029336
0.001435817801
-0.0002902388514
-0.002241668757
-0.0002850993769
-0.0007367699291
-0.0006883174065
0.001780903316
0.000129878099
0.0003337043745
0.002780015115
2.45360352e-05
9.592193237e-06
-0.0005128438352
0.0004805194621
0.0001479492494
0.001612055465
-0.0003653439926
-0.00108869886
0.0001152273617
-0.001560274744
0.001121711917
0.004434164148
-0.00256970292
-0.001103773247
0.0002452097833
-0.002209615894
-0.000418571406
-0.00277958042
-0.002440670505
0.001411808422
-0.0004932602169
0.001552694361
-0.0001460194326
0.0001449079718
0.001060188981
0.004388046451
-0.00174104434
0.009109012783
0.01932238787
-0.0120773837
0.0006172338035
0.1043449044
-0.006743812002
-0.05193297938
-0.004161948804
-0.00504045235
0.005317038856
0.01825689152
-0.000815398409
-0.02100581862
0.003418660024
-0.001741990563
0.02168424055
0.1002352163
-0.0578100197
-0.01227000635
0.000176648362
-0.04596100003
-0.0006079205195
0.006676786114
0.003514531069
0.02241534181
-0.02707867511
0.02235659584
-0.06018767133
0.001205283683
0.02792508155
-0.002582842484
-0.001193936798
-0.003144093091
-0.004047542345
0.0001864287478
0.0008980812272
0.009607181884
0.007316768169
-0.004517617635
-0.00200437801
0.0005108358455
-0.003038961906
-0.0002711998823
-0.0007301013102
-0.002727701794
0.00643765647
-0.004174764734
0.003246126929
0.0008796576294
0.003782297252
-0.00249825418
0.0007857974269
-0.003116338979
-0.001128058298
0.0004681956489
-0.004698849749
0.00356150046
-0.001580833807
0.004228067584
0.0003312784538
0.0002874225902
-0.0004240353592
0.01347873546
-0.002774905181
0.009402339347
0.03004326485
-0.0144374799
0.01617179997
-0.00572545873
0.08674610406
0.1317953616
0.117209509
-0.06551538408
0.09646797925
0.08254758269
-0.002356616547
-0.06398774683
0.112246573
-0.04320060462
0.08848194033
0.2211928964
-0.1493544281
-0.12707901
0.005781062413
-0.0489888154
0.01331571583
-0.04659483954
-0.205820933
0.0295560509
-0.03081434593
0.07656016946
0.1276497543
7.817830192e-05
0.03025965951
0.00323523744
0.0008052964113
0.004427206237
0.009868115187
-0.001004820922
-0.0006530840765
0.003641802818
0.002572705038
-0.007944451645
-0.003553804243
-0.00129181589
0.003770895535
0.0004702514561
0.0005084431614
0.0008290152182
0.00299479207
0.005501748063
-0.00160576799
0.01921928674
-0.001181999105
0.001216437202
-0.0005562173319
5.566432083e-05
0.000798941066
-0.005465780385
0.001261301455
-0.002163183875
0.001466548885
-0.002467876067
-0.006175161805
-0.0001065091637
0.002753684297
0.1777552515
0.01299721841
0.09314668924
0.3220398724
-0.01995605417
0.008919394575
0.09659769386
0.05239308998
-0.05488296971
0.2292525023
-0.01915706694
0.09017017484
0.06294708699
-0.002403786173
-0.03452687338
0.2197535336
-0.1257809997
0.04287867993
-0.07588405162
-0.1849771142
-0.04077765346
0.004138840362
-0.02091988362
0.01917200163
0.03780126199
0.005234749056
-0.02339958027
-0.02744972147
0.05453452468
0.02715155482
0.002103075152
0.06614914536
0.01317082904
-0.005166014656
0.008246555924
0.01627347432
-0.006921338383
0.003449829295
0.2017334104
-0.059126243
-0.03003788367
0.04693180695
0.001628801925
0.01860397309
0.02802121453
-0.001890077372
-0.04239971563
-0.00163621665
0.06922803819
0.06718096137
0.07047594339
-0.06217286363
-0.007011919282
0.002631949028
-0.06757954508
-0.002589099808
0.009254119359
0.07510056347
0.05086152628
-0.04825794324
0.05552485585
-0.09274865687
0.002285109833
0.0505589284
0.001076862798
0.0003358428366
0.0004002745554
-0.0004917588667
-0.0003260039375
-7.436120359e-05
-0.004113909323
0.0002014125785
0.001733981422
0.0003033429384
-0.0006331978948
0.000364428357
0.0005463553243
0.0002098969562
0.0008231847896
-0.001898899674
0.0006740596145
-0.0009453392704
-0.007215249352
0.004365744535
0.0008012635517
-0.000119615841
0.001607629354
0.0001014899535
0.0004962809035
0.002412878675
-0.001193201519
-0.0001769303053
-0.001151864417
-0.0004577467625
-9.062309255e-05
0.0003484273038
0.004414089024
0.003341528354
0.008741857484
0.01150324941
-0.0002149467327
-0.002950970782
-0.005595454946
-0.01220676489
-0.008197242394
0.001532326569
-0.0007617165102
0.008089059964
-0.0005678943708
0.001944942866
0.006269721314
-0.01892009936
0.007913029753
-0.006691765971
0.006422097329
-4.109245856e-05
0.006332226098
-0.002493700711
0.00759184733
0.00266864174
-0.004259707872
0.004761560354
-0.006338289008
0.007181201596
-0.008209421299
0.001451494638
-0.000582120032
-0.0003308214946
