0.3021559417
-0.02588724904
-0.0700725615
-0.1894690841
0.1459182948
-0.00958235655
-0.06801982969
-0.08392892033
-0.0833363831
-0.03811359033
0.248489216
0.1919763982
-0.05062221363
-0.1325097382
0.4796277285
0.3586939871
-0.01604291797
-0.01025404688
0.1149315163
0.04482085258
0.003049593652
0.02300723642
-0.0664710328
0.2580243647
-0.1382964402
0.01957021281
-0.1153579652
-0.02392568253
-0.04189231992
0.1091874465
-0.1183468997
0.1314096898
-0.1762054861
-0.1376950592
-0.0006495058769
-0.1309899241
-0.1086800322
-0.009951947257
0.03770212457
-0.2410431504
0.1289457679
0.0528701432
0.08751420677
-0.03579481691
-4.810902465e-05
-0.01848364994
0.3231171072
-0.1527974904
0.2831694484
-0.006439460907
0.01607033983
0.3245150745
0.002103704261
0.166374281
-0.003981193993
0.2976174355
-0.08560679108
-0.3238565922
0.157274574
0.04741387442
-0.02969303168
-0.1755671352
-0.2198323011
0.07497563213
0.03854741156
0.07852261513
-0.005390689243
0.01247305237
0.001962220762
0.001808936126
-0.001671762322
-0.02281863056
0.03088777699
-0.007540549617
-0.01609362848
0.007431245875
0.002452791436
-0.006397422403
-0.03673038632
-0.0005169163342
-0.05739608034
-0.002607070841
-0.002224937547
0.003362654708
-0.003833289957
-0.03842954338
-0.01004863437
-0.02050421387
0.03127628937
-0.05254301801
-0.005461676512
0.03146824986
-0.00206976966
0.08292324096
-0.009349971078
0.01024037786
-0.1766068786
0.06625828147
0.01286715362
0.07979816198
-0.2519499063
0.001036071451
0.1072717533
-0.1775169224
-0.05632932857
0.009105453268
-0.04901226237
-0.05074347928
0.01952452771
0.01947454736
0.05839531124
-0.07830289751
-0.06376615912
0.001076635672
-0.03023551777
-0.1365793794
-0.02017950267
0.0145614855
-0.0001529353322
0.01750853844
-0.2258991003
-0.008079018444
-0.1035876647
0.03973577917
-0.01490611676
-0.2272011936
0.1460772455
0.08043963462
0.124845162
0.1474228203
-0.02885994874
0.04259604961
0.06899935007
0.0002213768166
-0.03845187649
0.04695891589
0.05396019667
-0.02394231968
0.009455941617
-0.01696129516
-0.02137830295
-0.04901528358
-0.1060232148
-0.01145302504
-0.01779602282
-0.009519278072
0.05598890036
0.06544746459
-0.00149875856
-0.05275508761
-0.01787506603
-0.0428430438
0.1467024088
-0.05406595767
0.001784915803
0.06932531297
-0.008824371733
0.04612102732
0.02815249376
0.02996484935
0.06235487387
0.1782832295
-0.007464975584
-0.02186157741
0.042593427
0.004871431738
-0.009711278602
0.1062120497
-0.01086286642
-0.005402737763
-0.01303977985
0.009938362986
-0.009343361482
-0.01147245709
-0.08648782223
0.0127837602
-0.03821607679
-0.006399347913
0.01430884842
0.07725478709
-0.006829901133
-0.02372113243
-0.00250806706
-0.03879005834
0.03378346562
0.032920748
-0.02821362205
-0.004521247
-0.006744680461
0.1371460855
-0.03173699602
0.02785664052
-0.2709662914
0.201556921
0.05484227464
-0.01341386978
0.05452891439
0.01012186799
0.0255127009
-0.230588451
-0.2361048162
0.07076260448
-0.01891559735
0.07269646972
0.09871691465
0.1220668256
0.1414479017
0.1825730205
0.1543798298
0.01258159336
-0.01124973968
-0.1687741727
0.000726797909
0.05316365138
0.08229354769
0.05121001601
-0.1861542165
-0.188136816
-0.06362388283
-0.1308819056
0.04999810457
-0.1899248958
-0.1133437082
-0.02207748219
0.04916123301
0.03747000545
0.01483928226
0.007552053314
-0.004907942843
-0.003567428328
0.004292417318
-0.03398462385
-0.08475410193
0.01529173367
0.09936884046
-0.0153636504
-0.00161833677
0.01564715058
0.03474479914
0.09264133871
0.07639928162
0.004318460356
-0.0009790407494
0.02371708117
0.004431212787
0.02722914331
0.01792760566
0.01023349818
-0.003256001277
0.06668833643
-0.1139309108
-0.04396162927
0.0007299270947
-0.1010873616
-0.0451596193
0.05323861912
0.1114946082
-0.1383808106
-0.03067950904
-0.1178473085
0.06168820336
0.005261510611
-0.07878749818
-0.009241321124
0.0675579235
-0.02722514421
-0.0704831481
-0.04314648733
-0.03196074814
-0.03765909001
-0.1655526906
-0.1410016268
-0.03774290159
-0.01162008755
0.09139808267
0.03768461943
-0.007777254097
-0.1576323211
0.02315959707
-0.06089504436
-0.001244000741
0.1227399111
-0.04040203616
0.01915851235
-0.01862060651
0.06225877255
-0.06962013245
0.004961886909
-0.04664723575
-0.08129874617
0.00380114303
-0.1782720536
0.2351011038
0.0004261875292
0.07695895433
0.2674362659
-0.05109518766
0.01458954718
0.04063717648
0.2432969809
0.1408298314
0.01868726686
-0.2037396878
0.008219277486
-0.3195334971
-0.004834100138
0.005041934084
0.08520611376
-0.007049150765
-0.1237209216
-0.02262797765
-0.3182830513
0.000821713591
0.1502368003
0.1277013719
0.2719196379
-0.01902827993
-0.006360840052
-0.04181267321
0.2530394793
0.1005611047
0.007521409541
-0.01138904318
0.03856839612
0.02707442082
0.005138359964
-0.009638390504
0.1240241975
0.06356035918
-0.01442991663
-0.03951606154
0.005094334483
0.0006263441173
-0.01352513209
-0.05859068781
-0.01134355273
-0.08800318837
-0.007083431352
0.01192287356
0.03061187826
-0.01004567835
-0.06771323085
-0.0191915296
-0.04129445553
0.09646698833
-0.02726232447
-0.005571845453
0.05431743339
-0.004445170518
0.1140938029
0.01872516796
0.008480039425
-0.05886477232
0.01137358602
0.02572403103
0.06070998311
-0.01364398375
0.005802391563
0.05767543241
-0.002012456534
-0.0769430548
0.02601441368
-0.1528292745
-0.210398823
0.01633708552
0.03707793728
-0.01073401514
-0.1374254376
0.02857795171
0.004418573342
-0.03384669498
-0.02212687023
-0.005640728865
-0.06625651568
-0.0311565809
0.103788197
-0.00666472828
-0.04164540023
0.06680063903
0.08612285554
-0.01982295699
0.003959123045
-0.02109897882
0.06968405843
-0.1394596696
-0.05302749202
0.03280935064
0.008629024029
-0.03142270446
-0.002582359593
0.03688850626
-0.1451773793
-0.08181574941
0.02422310784
-2.430554014e-05
-0.03870339319
0.03988230228
0.0369935222
0.1335325092
0.08639391512
0.1007030457
0.01203016099
-0.04097746685
-0.05378517136
0.003508804133
0.06251613796
0.03938832879
0.03277178481
-0.1049037129
0.06594385952
-0.0159910731
-0.02182090096
0.01391294785
-0.04549382254
0.01242941339
-0.02017701417
-0.02746019699
-0.07478079945
0.0003241328814
0.00189229846
-0.02114090137
-0.00319794286
0.00205908902
-0.02283807099
0.02652067691
0.002216228982
-0.0008166861371
-0.02117817104
0.0005072861095
-0.000288125535
0.01910134964
-0.02625329979
0.03250692412
0.002718599513
-0.007466668729
0.01762313955
0.004518649075
0.01483962219
-0.0001932965097
0.02122621611
0.00134270743
-0.04917069152
0.01133584697
-0.005110067781
0.001526282518
-0.01653866284
-0.005821176805
-0.01101851463
0.02612045966
0.0161064472
-0.00380762713
-0.0696522072
0.03273985535
0.00332799647
-0.05044627562
0.04368774965
0.03939640522
-0.03246356547
-0.0662002936
-0.03993246332
0.003057682654
-0.05490953848
0.1259254962
0.2649690211
0.06466478109
0.005568485241
-0.03419271111
0.1644939184
0.006367812864
-0.09705993533
0.0267858766
-0.0310767442
0.02597631887
0.1338726431
-0.1739187688
0.1565722823
0.001715904102
0.1545227766
-0.1271550804
0.01850073412
0.0541837588
-0.04177073389
-0.02005603351
0.04374273121
0.005958386697
-0.00346113136
-0.02079386823
0.01054693293
0.07719233632
-0.01285764296
0.0007682322757
0.01139113307
-0.005654212553
-0.0299098026
-0.03733228147
-0.02631268464
-0.05294968188
-0.006168796215
0.0150723001
0.02057188936
-0.0001258627017
-0.03978024051
-0.02203795314
0.002678744495
0.07756972313
-0.05653686449
0.0669914633
0.02613389678
-0.008753595874
0.06368498504
0.006327816751
0.006454686634
