0.07982229441
-0.06411516666
0.05483322963
0.04105968773
-0.1427259296
-0.001938777394
0.241064325
0.03737067431
-0.02683748119
-0.01424122229
-0.005794888828
-0.02023213729
0.01367265731
0.02422842197
-0.002432543552
-0.1719279885
-0.1183490679
0.002316435101
-0.05021641031
-0.01128419489
0.02093998902
-0.01496888325
-0.1918346882
-0.0007656034431
-0.02257548273
0.0008032841724
-0.0878848061
-0.06194651127
-0.02329136617
0.02902628854
-0.06912306696
-0.02973180264
0.09824356437
-0.06375214458
0.02924669161
0.03078794293
-0.0496032536
0.002673181705
-0.03980514035
-0.002379465383
-0.01233826485
0.007218391635
-0.005624006502
-0.005496691912
0.00657145353
0.2477364987
0.009662200697
-0.04945315421
0.07967115194
0.007564705797
-0.03605837375
-0.01711253449
-0.004872665275
-0.01660308428
0.04867842793
-0.001888049883
-0.03570331633
0.0760621801
-0.09628690034
-0.07377800345
0.05327354744
-0.01412336994
0.04165395349
0.02781525627
-0.08989652246
0.04859437048
-0.03328533843
-0.03186591715
0.005321503617
7.985266711e-05
-0.09721490741
-0.002736467868
0.00566434022
-0.008013254963
0.002349372022
0.005908613093
-0.006887586787
-0.1013265848
-0.01030400675
-0.003924957011
-0.05918668211
-0.005228426307
0.03446849436
0.0005996550899
-0.01650051959
0.01772275195
0.04176452756
-0.0009351389017
-0.01278863568
-0.03142057359
0.04472867027
0.07610285282
-0.003486780683
-0.01473335363
0.01731011085
-0.01053936034
0.06011746451
-0.06233398989
0.03896009177
0.03980796039
-0.1829565167
-0.006375020836
0.1473546922
-0.05639063567
-0.01208679006
0.004241212271
-9.192485595e-05
-0.01268945076
0.01381263603
0.2338807136
0.005713937338
-0.123277083
-0.0006440973375
0.01133728307
-0.0525010787
-0.006220287178
-0.00540686585
-0.03210226446
0.01432820223
-4.716956755e-05
-0.06616007537
0.05457148328
-0.04979384691
-0.03791094199
0.01650552452
-0.02259846032
-0.04522001371
0.009379642084
0.1169699132
-0.09665031731
0.1474921405
0.03376777098
0.05999552086
0.01925105043
0.05607007071
0.005707147531
-0.0320937708
-0.03912879154
-0.02046611719
-0.03025292419
-0.01494815666
-0.04127661511
-0.02545803599
0.08619325608
0.2699230909
-0.008917637169
0.00429014815
0.04042083398
-0.04089357704
0.04886535928
-0.2303080559
0.0003389945196
-0.1335286051
-0.06517206877
0.06846611202
-0.2591037452
-0.1446284354
-0.1665878445
-0.09211970866
-0.07741257548
-0.06612870097
0.05085100979
-0.01924602315
-0.01731667109
-0.02485352941
-0.003899124917
-0.05875808373
-0.06689631194
0.0092492681
-0.004720185418
0.005855059251
0.001366120763
-0.002003525617
-0.003790337825
-0.006300158799
-0.03114539571
0.02926747501
-0.004872374702
0.03252268955
0.008552054875
0.002626743633
0.009277655743
-0.08170966059
0.002776119858
-0.03487436473
-0.06162029505
0.05178052932
0.0718787238
-0.04921545088
-0.02664271183
-0.08221804351
-0.02659070864
0.04078855738
-0.03495934978
0.001587560633
0.009719335474
-0.005285481922
0.0035918043
0.07398287207
-0.08994557709
-0.008872637525
-0.002079221653
-0.003284150967
-0.006682668347
0.003265239764
0.09981266409
0.0006709898589
-0.004238320049
0.08126109838
-0.00112130749
-0.005203634035
0.006489155814
0.01428048685
0.001439072425
-0.06263641268
-0.000377138902
-0.09911366552
-0.005407987628
-0.007972540334
-0.04417487979
0.01101484615
-0.014188773
-0.07499534637
-0.01426793262
-0.001288630767
-6.925973867e-05
-0.0003789830371
-0.0004030751588
-7.06151186e-05
-3.729810123e-05
-0.001427713432
-0.0003505068307
0.0001594248752
0.0002463275159
5.272675844e-05
-2.77762756e-05
0.0001267763582
0.004715216346
0.0002324737725
7.163432747e-05
-0.005496564321
6.86153071e-05
-0.0001635426015
0.0002022212429
0.0003320357064
-0.0003099717433
0.0007107828278
3.44579239e-05
0.0003120533656
-0.0002032355405
-0.0005220358144
5.056091322e-05
0.000730026688
0.0003481323365
8.406290362e-06
0.0003976285516
0.09384099394
-0.07078152895
0.0184874963
0.01492093038
0.1904774755
-0.0003558391472
-0.001258192118
0.1737341881
0.002794209635
0.0169050172
-9.736693028e-05
0.002812608611
0.01039769035
-0.1772813797
0.01516451687
0.1052092686
0.02543676272
0.01538422052
-0.07598130405
-0.007224117871
0.02088776045
-0.03645787388
0.1006195098
0.0007611730252
0.09636677802
0.1216655672
-0.06892249733
-0.06946323067
0.04824973643
0.09980307519
0.1531604379
0.09079093486
0.09854017198
-0.06530030072
0.03511985019
0.03661064431
0.005430836231
0.003772859927
0.05956085399
0.02774586901
-0.01168393902
0.01487624273
-0.007405688521
-0.005773187149
0.008905606344
0.01788238622
0.01685128734
-0.01340295188
0.04989712313
0.009356607683
-0.04478688166
-0.01615009084
-0.003594122827
-0.02026392147
0.04987089708
-0.001969844336
-0.008226936683
0.148090452
-0.04547152296
-0.07180316746
0.05123116449
0.001021237578
0.06812161952
0.02210907638
0.1042800099
-0.0864443779
0.07954867184
0.04463956878
0.2864193916
0.002771048807
-0.005761628039
0.1884751171
0.009293220006
0.01780681498
0.003912076354
0.0006261186209
0.00257645268
-0.1441542655
0.02238159068
0.1489598602
-0.04131525755
0.001691766665
-0.08164539933
-0.006621676497
0.03834845498
-0.0295371674
0.05033998564
0.0008905050927
0.1191809699
0.0798972249
-0.1037884951
-0.1069073379
0.0543850027
0.1059162468
0.1445992887
0.06572048366
0.2501633465
-0.08645644784
0.1473923326
0.1577760726
0.4211055338
-0.01769400202
0.03884331509
0.2331456393
0.0361369513
0.01425518934
0.01408101898
0.0007405474316
-0.008212246001
-0.2017138153
0.01283951476
0.342985034
-0.09344220161
-0.0264053233
-0.06587127596
0.09346225858
0.1279848814
-0.09648838639
0.04912553728
0.007016539574
0.1435568184
0.1931426078
-0.1183831096
-0.319453001
-0.0255553294
0.1930889487
0.2440112531
0.06697303057
0.08270286769
-0.05143561214
0.02526770532
0.02518780902
-0.03390865773
0.0001163415291
0.0514126569
0.00926860515
-0.005772277713
0.005442202091
-0.001675707637
-0.001914344379
0.003432373283
0.09025399387
0.007284308318
-0.01048849337
0.09656095505
0.003744377987
-0.0359300971
-0.01012759842
0.0005310116103
-0.01450849231
0.03067725897
0.0006498207222
0.0003594135051
0.0603341572
-0.04487156123
-0.0601496622
0.0328334868
0.001178551815
0.03745786101
0.01490547135
0.05712194741
-0.09536200762
0.070519723
0.05977824703
0.03620335087
-0.0006807231694
0.06548505276
0.1145943105
-0.0007172016776
0.03553130105
-0.002149212174
-0.006675598212
0.02351753786
-0.0782872811
0.02635929547
0.1105615199
0.09288907051
0.03241965547
-0.07755565643
-0.03057620488
0.01548171137
-0.06211080402
0.1207260117
0.000801504124
0.09427833557
0.3285326064
-0.09483780712
-0.05382401869
0.1455970705
0.05766268447
0.224748835
0.08760803193
0.2862217426
-0.06819672883
0.04778777063
0.1052982807
-0.09347067773
-0.01276781224
0.5261921287
-0.2095117122
0.04871609062
0.0429777354
0.02034951188
0.02881077863
0.005520920269
0.06803125888
0.02927920036
-0.2360568345
0.1043636203
0.00518758269
-0.1022604331
-0.004117609002
0.05921372399
-0.08757758886
-0.5324853659
0.0007646166487
-0.2818838358
-0.0298321154
-0.1010188833
-0.2682007849
-0.0746402666
-0.04480116069
-0.3851782978
-0.2072351575
0.1627989858
-0.1074044108
0.0538357608
0.05151177943
-0.03524426743
0.005554217845
0.1183567122
0.007501840126
-0.02144960128
0.008567216806
-0.01119609363
-0.01118371263
0.01034642477
0.1073020995
0.01258660387
-0.0316824019
0.07713506371
0.01148606278
-0.0710490495
-0.01982882433
0.002569624456
-0.02434232645
-0.002627667505
-0.00393854687
0.004392764065
0.1127210632
-0.06857227534
-0.1003510505
0.0258444231
0.01740556955
0.06044449285
0.002546054544
