0.00141733163
6.171945279e-05
-0.002451364882
0.0003449767828
0.001764341141
0.00237793196
-0.0002674443531
-0.0002574250102
0.001817555632
0.0009815262165
0.0006591111887
-7.732985978e-05
0.001886752201
0.0007486651302
-2.255263098e-05
-0.0001043741795
-0.0004588045995
-0.0009835906094
-0.001193275675
-7.557127537e-05
-0.0002286113886
0.0002177267306
-0.001139995176
-0.003813213436
-7.85808661e-05
0.0007254392258
0.0004704135063
0.000967466156
-0.002000180772
0.0005755911698
1.64577832e-05
-0.0004341116583
-0.0001809585956
-0.001637408277
-0.003195341444
-0.0001006233797
-0.001208854374
-0.001626266399
0.0003494974226
-0.003885251237
-0.0009762053378
0.004748784006
0.001230955473
-0.0003673219471
-0.001370325685
0.0005530416383
3.54036747e-05
0.001507726032
0.002919987077
0.001078022528
0.002008979674
-0.0002562981972
-0.001884374651
0.0001414885337
-0.002498059068
-0.0004759436415
-0.0006241552765
0.003632134525
-0.001607600134
-0.0003412223305
-0.001050820807
-0.001013416448
0.001474190853
-0.0002955603995
-0.0001436725433
-0.0003456052218
-0.001400209148
0.001189063769
0.001658149762
6.297402433e-05
-0.0001503218664
-0.0008910300676
-0.0005418761866
0.0003550532274
0.0003632552107
-5.986351243e-05
9.850531205e-05
0.0004994051997
0.001084761228
0.001690922072
-0.0004588179581
-0.0008146545151
0.0004896940081
-0.000362556777
-0.0003113862185
0.0001493919262
0.0004283192393
-0.003200632287
-0.0003081254254
0.001332124928
0.001242535654
0.001146878581
0.0002601665619
0.0002089823975
-0.0004197376838
0.0002401223173
0.000792429375
-0.0004562939866
-0.0002215507266
0.001599195763
4.740946315e-05
-0.0003090632672
0.0007295135874
0.00121229142
-0.0002920860716
0.0002602586464
0.000288132258
-0.0001361796312
-0.001407687902
0.0005085099838
-0.0004233359359
-0.0003031751839
-0.0003412152873
0.0001469808049
-9.851705545e-05
0.0004508637066
0.0006726717111
-2.77431227e-05
-0.001430600183
0.0007367219659
0.000358000776
-0.0004246527096
-8.316431195e-05
0.002090424299
-0.0002725645318
-0.0003390209749
-0.0001408687094
0.000866122311
0.0009231768781
-0.0002975532843
-0.00419838028
0.000560574641
0.002529928461
0.004500150681
-0.0008747540414
-0.00029704388
0.00256043789
0.002971705515
0.001317007584
-0.0009145668591
0.002285477007
0.0002400060184
0.0002033674537
-0.0006610300043
-0.0003229829599
-0.000636440469
-0.002476254478
-0.0002465360158
-0.0001426729723
0.0009652291774
-0.002090600785
-0.004281037021
7.699583512e-05
0.0006943470798
-0.0002180681913
0.0009079407318
-0.003624722594
0.0007785686757
0.0001706212643
-0.0004636793456
0.0004233164073
-0.002026529051
-0.004234598484
2.517961548e-06
-0.0004479578347
-0.002538927132
-3.55195225e-05
-0.005442698952
-0.001923519769
0.007383957505
0.001523419982
-0.0006386899622
-0.001665273914
0.0006503826589
-0.0006471011438
0.0008918186068
0.00415605586
0.001928974758
0.003442163346
-0.0005116150132
-0.003802394494
-0.001376783475
-0.002709442982
-0.0003083318297
-0.0003249731672
0.0049747671
-0.001768218586
-0.0003582809004
-0.0008798129275
-0.001688912977
0.00280955038
-0.001150426222
-4.307281779e-05
-0.0002158675634
-0.003224337474
0.001387314638
0.001537994831
0.0001487816335
0.0001636854722
-0.002159681171
-0.001647152705
0.001026614336
-4.6515539e-05
-0.0002676767472
-0.0003731365432
0.0006601908244
0.001537903328
0.001942586154
-0.0001474871096
-0.0004404759966
0.0001141302346
-0.0003770350013
-0.0001211288109
0.0002131188521
0.0005872441106
-0.004657412879
7.8439145e-05
0.001517868368
0.001268327935
0.0007162595284
7.583213301e-05
0.0001901530195
-0.0002135241084
7.658006507e-05
0.001018042909
-0.0002913530625
-0.0006890532095
0.001472861157
0.0005669743987
-0.0001464389061
0.000998127507
0.001012474881
-0.001084181597
0.0003826795728
3.249174188e-05
-0.0001658637339
-0.002863669069
-0.0002201687021
-0.0006367887836
1.406735828e-05
-0.0002929352922
-8.711461851e-05
-0.0003013249079
0.0004816247383
0.0006938962615
-0.0003296216892
-0.002440882381
0.0002542054572
4.811215331e-05
-0.0004083586973
-0.0001244444284
0.003230627859
-4.908745905e-05
-0.0002712311398
-2.535458043e-05
0.001233593444
-2.088190922e-05
0.0006781470147
0.002184943063
-0.0002419974335
-0.001408470096
-0.001672482817
0.0005636305432
0.0004732464149
-0.0006707391003
-0.001010887092
-0.0001016868264
0.0006232008454
-0.0021349038
0.0003636887996
-0.0001647928148
-0.000196769266
2.017938459e-05
0.0004850437981
0.0004090357397
5.839621736e-05
0.0003556424344
-0.0005087810569
0.0006015829858
0.002092008945
8.785774116e-05
-0.0006889398792
-0.001801498001
-0.0006460513687
0.002549044788
-9.19654849e-05
-0.0001090416481
0.0002659144811
-0.0002949578047
0.001215293421
0.002339113737
0.0001610854088
0.0001673137449
0.001829486806
-0.00199559913
0.003113807412
0.0006704411353
-0.003464754438
-0.001012615161
0.0002624153567
0.001459492836
-0.0004462531069
0.001130359014
-0.001031072927
-0.001566302031
-0.001215099939
-0.0009547373047
0.0003080696915
0.002598064719
0.0005016111536
0.001290641958
8.965085726e-05
-0.0002656244324
-0.002131068613
0.0003757347004
8.944459842e-05
0.000309107767
0.001032149186
-0.001763289794
0.0008316753665
-4.451550922e-05
0.0001419082691
0.0009816003731
-0.0005509495968
-0.0006889333017
-0.000126583589
-0.0001273428934
0.001148150652
0.0007969090948
0.0001591774053
-0.000110399531
0.0004596791987
-0.0002237720619
-0.0003076864523
-0.0003513057891
-0.001554445247
-4.330031879e-05
0.0001713129604
-0.0001025354068
0.0002603720059
-2.453662091e-05
0.0001053165397
-0.0005267473753
0.002216280205
2.332527765e-05
-0.00128480047
-0.0007880288758
-0.001235361327
-8.940855332e-05
-0.0003589123371
7.794475096e-05
3.542639388e-05
-9.069146472e-05
4.244370211e-05
0.0002900118707
-0.001060155686
-7.144646952e-05
-3.694320185e-06
-0.000776021101
-0.0002024735004
0.0004261209106
-5.790205614e-05
-0.0001218120597
3.543116327e-05
0.001487911912
0.0001480103383
0.0002819959773
-2.374012911e-05
0.0001015372691
-3.14595236e-05
0.0003980043984
-0.0004599970125
-0.0003350641055
0.0003211410658
0.001215566881
-0.0002866799477
0.0001731473021
0.000201336632
-0.0004435673764
-0.001389124896
3.047649989e-05
0.0001097151398
-0.0001775186829
-0.0006852676161
0.00141513953
0.001085663214
0.003423159011
-0.0001773486438
-0.002542417962
-0.004105433356
-0.001477628713
5.566100299e-05
-0.0009885382606
-0.002750799526
-0.001070149709
0.001612156164
-0.00116623193
0.0003397751134
0.0008227304788
-0.0004947651178
5.243572377e-05
-0.000105488667
0.001305164653
-0.0004518784699
-0.00116900634
-0.0005905950675
0.001175229205
0.001384188887
9.836931713e-05
6.423370905e-06
-0.0009069698281
0.0001770668023
0.00251747272
0.0001006854291
0.001089561847
9.313275223e-05
-2.412099275e-05
0.001538222888
0.001819103607
0.0005123830633
-0.001194610726
0.002660785802
-0.002775466768
0.004343343433
0.0001267225744
-0.006234663073
-0.001987341326
0.0003229397116
0.0008145924658
-0.0005273179268
0.0008080862463
-0.0004712685477
-0.003251566552
-0.001654669526
-0.0007563296822
0.0004343073233
0.002829563105
0.001171041862
0.0005552851944
2.45573101e-05
-0.001187380287
-0.003036246169
0.0001364100171
0.0003182518703
-0.0004287920019
0.002570220968
-0.003029459156
0.001467414084
-0.0001772327669
-4.269121564e-05
0.001089703524
-0.0002252641425
-5.371371662e-05
-0.0001297332492
-0.0003005966137
0.001713458565
0.001160506392
-0.0006683255779
5.6861958e-05
-0.001346144592
-4.750336757e-06
-0.0002041113039
-4.374343916e-06
-0.004121661186
-0.00045423134
-0.0004168132145
0.0009198658518
0.0009709377191
-0.0007826644578
-1.372004954e-05
-0.0007706514443
0.00179475348
0.0002773119486
-0.0009002973675
-0.0003942475014
-0.002628041664
0.000382514816
-0.0006013102829
-0.0001440003398
2.978535304e-05
-0.000898184313
-0.000267955882
0.0009202529327
-0.001747890958
-0.0003627853876
-0.0002959974518
-0.0007776192506
0.000468067883
0.0002124680323
0.0006651441217
0.000299885025
-0.0001530560839
0.002126827603
0.0009449772188
-0.0002757774782
-0.0002003746922
-0.000346094399
-9.28106092e-05
0.0005911121843
-0.0002694684081
2.294425212e-05
5.248637899e-05
0.001491547097
0.0005511193885
0.0010887807
-3.179797204e-05
-0.002278216416
-0.002161146142
-0.0001164936184
3.40115148e-05
-0.0004731974914
0.0002772645094
3.300804747e-05
0.000790326274
0.003396187676
-0.0003912851098
-0.002381718718
-0.00361629785
0.0003402144939
0.0004021426139
-0.001265177503
-0.00234926655
-0.0007390039391
0.001190292183
-0.002040376654
0.001208385103
0.0001053734231
0.000144906764
-1.132984289e-05
0.0004370248353
0.0006924467743
-0.000267114694
-0.0006277619977
-0.0008047558367
0.001313273911
0.003470123746
0.0001415303414
-0.0003187824041
-0.001070501632
-0.0003380852286
0.003506833455
-0.0003280508099
-2.814472464e-05
0.0001711597433
-0.0005337283947
0.00140600442
0.003028184408
8.0540005e-05
-8.658466686e-05
0.002412108704
-0.001820384059
0.005136716645
0.0009218431078
-0.006725537125
-0.001278621028
0.0004463659425
0.0008694613352
-0.0004818771558
0.0009344078135
-0.001706197159
-0.002931525232
-0.001616276219
-0.001710806275
0.0001946142002
0.003794010961
0.001152466633
0.00145573169
5.160972796e-05
-0.00064313435
-0.003468094859
0.001022850745
0.0004074843309
0.0004255289386
0.001414947445
-0.002571960445
0.001523327199
-2.57021311e-05
5.028528903e-05
0.001612800756
-0.001034534886
-0.00105075608
-0.0002408821892
-0.0003411133366
0.001715718419
0.001504843589
-0.000491448387
-0.000184851946
0.0001253924711
-0.0001238730765
-0.0006602778449
-0.000974511262
-0.00233155163
-9.594799485e-05
3.456429113e-05
-0.0003820993006
0.0004045489477
-0.000318859471
1.929494465e-05
-0.000809807214
0.00317334407
0.0001603178971
-0.0009946875507
-0.00105039042
-0.001896178932
-0.0001202048588
-0.0003351132327
5.278299795e-05
-0.0001577534567
-0.00047510484
-1.859723488e-05
0.0004786636273
-0.002003059955
-0.0002447826264
-6.779704563e-05
-0.0009972411208
-0.0002548845659
0.0006305621937
0.0001516755437
8.974850061e-06
4.937431368e-05
0.002051984891
0.0003586924577
0.0001834827272
-0.0001286554616
5.91850694e-05
-9.450817015e-05
0.0006063174806
-0.0003021185403
-0.0006194632151
0.0002652074909
0.001649954356
0.0001571142056
7.599021046e-06
0.0001135410348
-0.0006287879078
-0.002304114634
-0.0001003218495
2.872408368e-05
-0.0001883909135
-0.001208069618
0.001358260633
0.0003473533143
-0.001773332478
0.0003222166561
0.001462229877
0.001482943422
0.0001453861187
-0.0001612102933
0.001606719336
0.0004391253751
0.0007316191331
0.0001657065586
0.001683169045
0.0006442994345
-0.0002615614212
0.0001048548584
-0.0005343708326
-0.0009944014018
-0.0006765034632
3.322090197e-05
9.162667084e-06
-0.0001554141782
-0.0006839402486
-0.003386889352
-9.260322258e-06
0.0005809231661
0.0005318430485
0.0008933983627
-0.001442793407
0.0004419662291
-0.0001509020949
-0.0005079709226
-8.343576337e-05
-0.00143303175
-0.002691084519
2.738637704e-06
-0.001388889854
-0.001081106719
8.836903362e-06
-0.002965511521
-0.0005525607266
0.00335649238
0.0009641136276
-0.0003512367257
-0.001585153048
0.0005855976488
0.0004039451305
0.001444006921
0.002488661092
0.0007817284204
0.00155165582
-0.0003380291164
-0.0007621811819
0.0005473715137
-0.002245991491
-0.0005806953413
-0.0004579091328
0.003081550589
-0.00129296782
-0.0003950679675
-0.0010258283
-0.0008812901215
0.001048778067
0.0001349275844
-0.0001650547929
-0.0004408050736
-0.0005403880496
0.001050664228
0.001622353215
-6.933313853e-05
-0.0003640945943
-0.0002691786794
3.119983739e-05
0.0002870552999
0.0004957156489
0.000262814603
-9.024054452e-05
0.0002966668981
0.0008264912176
0.001695953077
-0.0006280731177
-0.0009959595045
0.0004551429302
-0.0003595025046
-0.0003574716393
0.0001957421046
0.0003162970243
-0.002289348282
-0.0004888254334
0.001189164119
0.001113947597
0.001220841426
0.0003393857623
0.0001969387376
-0.0005221238243
0.0003189258568
0.000772157975
-0.0005605674232
-0.0001984361297
0.00139972649
-6.935074634e-05
-0.0003934534907
0.0005699069588
0.001066744444
-4.296818224e-05
0.0002133696253
0.0002516391396
-0.0001612069609
-0.0009926346829
0.0006287163706
-0.0002439780656
-0.0004468373081
-0.0003263486433
0.0001899456111
4.742782039e-06
0.0004123776453
0.000527336495
0.0001204383589
-0.001040673815
0.0008680424071
0.0004199713003
-0.0004703532031
0.0001373690611
0.001492904616
-0.0003963680647
-0.0004779615556
-0.0002456934017
0.0006599128828
-0.008990875445
-0.0281885881
-0.01040812396
-0.01363477483
0.02436965704
0.03592176735
0.02760417759
-0.02058013156
-0.01718877628
-0.03225609288
0.001380223315
-0.03367496654
-0.05895196646
-0.03673935309
0.0009753500926
-0.01444420684
0.04082643613
0.001953301951
0.03473494947
-0.06630890816
-0.06124842167
0.008467503823
0.08908926696
0.04333213344
0.03368303552
0.004600171465
0.09487851709
0.01070824172
0.08323732764
-0.07126748562
-0.04079485312
-0.02282734588
-0.00178533711
-0.0389810279
-0.02880286239
-0.02234943025
0.006524380762
-0.07678757608
0.1287508607
-0.004515151493
-0.003938649315
0.08163929731
0.02286709473
-0.03515579924
-0.01213662885
-0.009083641693
-0.03707310557
0.03807041422
-0.0679282397
-0.005096870009
-0.01215257961
-0.04614741355
-0.03636273742
0.02291684784
0.005118308123
0.00250225584
0.01138351113
-0.04635331407
0.01750393026
0.01572069712
0.02855391614
-0.0434124209
-0.006770934444
-0.02643265389
0.004493148066
-0.006093164906
0.01986974478
-0.01466509607
-0.01211948786
-0.0123824589
-0.03135415167
0.0405206196
0.04197828844
0.01456663664
-0.004645899404
-0.05687461793
-0.02897369862
-0.02656309307
-0.002575463383
0.01281114668
0.01878384128
0.009339059703
-0.001019763877
0.01386331208
-0.01103992108
-0.01408465207
-0.01775344834
0.0110682454
-0.007763154339
-0.01629764214
-0.02074301429
-0.07569336891
0.03255268186
0.004464820027
0.002161338693
-0.003827733453
-0.05096018687
-0.001214289223
0.000535581843
-0.03191025928
-0.03836771473
0.008504877798
-0.005260084756
0.0007383649936
-0.01128318254
0.00788305141
-0.03438259289
0.004919375759
-0.004661643878
-0.0119036464
-0.009527965449
0.006469071843
0.02443671413
0.00663258601
0.02506160177
-0.005465364549
-0.05656369776
0.002627589274
0.04369881004
0.004745553713
-0.01464527939
0.003920350689
-0.004327017348
0.05325810984
-0.008994924836
-0.01115514897
0.01392388251
-0.02360997908
-0.01108196005
0.01057716552
0.004082730971
-0.01105479058
-0.08053635061
0.006468243431
-0.01177172177
0.01719016209
0.02335105464
-0.003234760137
0.06790959835
0.0483774431
-0.07066808641
-0.1629507989
-0.04225905612
0.01993870549
-0.00815347489
-0.01122587081
0.06926111877
0.03539890796
0.03258384764
-0.1041939184
-0.2502842247
-0.01191573683
0.03396011144
-0.01658611558
-0.1943994015
0.009746840224
-0.01349578053
0.0541777648
0.0153429592
0.04479639977
-0.01322069298
0.007219444029
0.04092793167
-0.007578431163
0.05717047676
0.09411077201
-0.2358539701
-0.001109669684
0.04055618867
-0.001432394027
-0.2283921093
0.02019902691
-0.01017279085
-0.01382604148
0.01672308333
0.05898337066
0.09225418419
-0.01890694909
-0.02582679503
0.03975522891
-0.1037738994
0.01320545375
0.01500887051
-0.01488037501
0.01904777996
0.06946568191
-0.0006624805974
0.002705993131
0.02922764048
0.01363407541
0.05471170694
-0.1348213851
0.02563518658
-0.01025418006
-0.01995388605
0.0007307911292
0.02754141949
0.0203889925
0.04131057113
-0.02798569947
-0.001882938086
-0.02575044706
-0.0176313296
0.02597754821
0.01760862023
-0.02295441367
-0.07348813117
0.05059828237
-0.005752273835
-0.02801456489
-0.01772510819
0.03446525335
0.04260418192
0.01745032147
-0.04716450721
-0.00362115819
0.02494052052
-0.00583162019
-0.02291717008
0.0257126987
0.009254348464
-0.01114136353
-0.01815529354
0.0005212451215
0.0008264601929
-0.01198307332
0.04762607068
0.004644595087
0.03786036
0.006019807886
-0.05807674304
-0.041394189
-0.01378642768
0.01088907849
0.026229335
-0.004486429039
0.01988389902
0.02024248801
0.06675472111
0.002579629887
0.02946403436
0.01467806753
-0.03966779634
0.01783082448
0.04805861786
0.05517505482
-0.006157625467
0.008369727992
0.004128916655
0.02732471563
0.04626273364
0.02437134646
0.00254181074
0.01370712277
-0.02881987579
0.03380183503
1.297809831e-06
0.0008696472505
0.003304465208
-0.0004153180926
-0.002283459995
-0.003490819829
0.000501313014
0.0004681646242
-0.001197163598
-0.002112323185
-0.0005334187299
0.001140552806
-0.002118804725
0.0009920097655
-6.009296703e-05
0.0002674208663
-1.528638313e-05
0.0004746772465
0.0008268476231
-0.0002067337482
-0.000295416161
-0.0008668208029
0.001521117752
0.003494723001
0.000212390034
-0.0003877073177
-0.001000756398
-0.0002606306225
0.003421856789
-0.0002265527728
-0.0001312903187
0.0001997600484
-0.0004484214296
0.001447754796
0.00291393837
7.734679093e-05
-5.550558126e-05
0.002495765453
-0.002064914443
0.004971455783
0.001034639194
-0.006289874204
-0.001290395623
0.000484413933
0.001212667907
-0.0003305581631
0.001033466775
-0.001921598101
-0.002698173048
-0.00143486564
-0.001762653585
0.0001817668381
0.004054053221
0.001155507634
0.001466545742
-4.655651719e-05
-0.0005103409057
-0.003282302758
0.00104069442
0.0003253632458
0.0004099991056
0.001364671276
-0.002436127281
0.001254230738
-5.31875412e-05
3.022491182e-05
0.001609123079
-0.0009589371039
-0.001003811485
-0.0002557532862
-0.0003799211991
0.001702000853
0.001494948054
-0.0004669117916
-0.0001164805581
9.10637682e-05
0.000204074051
-0.0006288457662
-0.001062597963
-0.002144177444
-0.0001181290136
9.410568964e-07
-0.0002578823187
0.0003921013267
-0.0002912829223
1.954678919e-05
-0.0008187688072
0.003185082693
7.872605784e-05
-0.00104534626
-0.001047894824
-0.001767306356
-7.650569751e-05
-0.0003296957293
2.922487693e-05
-6.610068522e-05
-0.0004953746102
-2.900825166e-05
0.0004495254834
-0.001705286675
-0.0001768743678
-7.959838695e-05
-0.00102819188
-0.0001445961534
0.0007013329887
0.0001146103095
4.647588412e-06
0.0001070660292
0.002066414803
0.0003217707854
0.0002310066047
-0.0001683491428
6.835949898e-05
-4.204230936e-05
0.0005823981483
-0.0002998172422
-0.000642292609
0.0002734587761
0.001604556921
0.0002288692485
-0.0001189069371
7.839417231e-05
-0.0005582533777
-0.00221642782
-0.0001212880379
7.322138117e-05
-0.0001819783356
-0.001231833478
-0.0005099120899
0.0006279724184
0.002765610814
-0.0003614661109
-0.002014818601
-0.00259755482
0.0004638864193
0.0004633185163
-0.001173025463
-0.001453467994
-0.0004559977097
0.0007078407216
-0.002191296779
0.0006626684335
-3.15708894e-05
0.0001917869522
6.83640028e-05
0.0006863282761
0.0004666915629
-7.135768101e-05
-0.0001307667844
-0.000553514983
0.00102373655
0.003473253222
0.0001930065482
-0.0005542675499
-0.001019858872
-0.0004827765806
0.003026035614
-0.0003397596302
-0.0001897083566
0.0002800125221
-0.0001261892612
0.001427356969
0.002941131359
0.000137761439
0.0004658504913
0.002113419585
-0.001297662384
0.004456674214
0.000956470205
-0.005273104645
-0.001184396213
0.0004191160842
0.001235070056
-0.0002907985181
0.0008041948313
-0.001857141731
-0.002395511139
-0.001126974938
-0.001632983331
0.0001563926198
0.003152700141
0.0005874987692
0.00180512853
0.0001362421608
-0.0001188818133
-0.002925192472
0.001237957506
0.0003345084842
0.0006459142314
0.001095652813
-0.002085634973
0.000850809447
3.125465082e-05
0.0001590998727
0.001325896126
-0.001071320032
-0.001298881834
-0.0001770997187
-0.0001778803271
0.001297982293
0.001070710598
-0.0002490289044
-0.0002218230948
0.0002458176459
-4.159350647e-05
-0.0005965952296
-0.0008951266645
-0.001807118766
0.0001229496702
0.0003382780415
-0.000408690219
0.0003625131503
-2.450296415e-05
3.392939107e-05
-0.000694381597
0.002830218989
0.0001397320884
-0.001209502108
-0.001168682473
-0.001545021776
-0.0001125016497
-0.0002953821968
0.0001822131744
-0.0001417206659
-0.0004912023433
0.0001498376078
0.0003043723118
-0.001524602296
-9.143675561e-05
7.845631626e-05
-0.0009540547035
-0.0005435413332
0.0005381728988
-2.730901178e-05
-0.0001584735292
0.000125316059
0.001562226214
1.61579419e-06
0.0003507721412
1.767292815e-05
0.0002212201362
-8.041741967e-05
0.0004314095131
-0.0003997922759
-0.0007042827783
0.0003077266447
0.001442547655
-0.0001956181222
-0.000212882398
0.0002231812105
-0.0003494045523
-0.001918694004
4.433262802e-05
0.0001669010671
-5.544619489e-05
-0.001128064352
6.935396414e-06
-4.512328815e-05
-0.005665389355
0.0006765437429
0.003821971826
0.006721074227
-0.0003445145849
0.0001953888714
0.003459314117
0.005209478084
0.002965398831
-0.001685392228
0.002186423866
-0.0003950233804
-0.0001428893011
-0.0007097151247
-0.0003976819862
-0.0003648540878
-0.003844136605
-3.468850991e-05
0.0006042291643
0.001319390023
-0.002840404166
-0.004124058876
0.0005329473643
0.0001965927513
-0.0009163395735
0.0009358365205
-0.004703092854
0.0009035947151
-0.0001501023216
-0.0006347452872
0.001442759065
-0.002089259913
-0.004883406218
0.0004529146245
0.0003945693315
-0.002876498969
0.0002583940804
-0.006300517358
-0.001850864151
0.009753511287
0.002004225971
-0.001047009253
-0.002326306887
0.001313752029
-0.0006015568506
0.0001117166103
0.005781230051
0.002943202853
0.004668676294
-0.0009372049244
-0.00467692595
-0.00254331273
-0.002480263822
-0.0003768475435
0.0006899608998
0.006780680269
-0.001367079793
-0.0006120373146
-0.0003522514889
-0.002604964189
0.004573735874
-0.001921579475
2.798901187e-05
-0.0002256386942
-0.004426395986
0.001447029179
0.001362474984
-9.975659486e-05
9.497516294e-05
-0.002910753712
-0.002451098058
0.002369935159
-0.0004102811217
0.0001029505293
-0.0009054822731
0.0005124582094
0.001834001509
0.002772710985
-3.844554885e-05
-0.0002407662541
-0.0007688067853
-0.002059531864
0.0003416612453
0.0003524096392
0.000759225979
-0.005394169595
9.900468285e-06
0.001561469981
0.001056794776
0.0007323853788
-0.001094314735
0.0003598734329
-0.0001245067688
3.036935595e-05
0.00208083773
-0.0003140085028
-0.002741382224
0.001551585156
0.0009585334337
-8.079109102e-05
0.001092960243
0.0006149194669
-0.0008902561385
0.0001782620384
-0.0006081678439
-0.0001836366864
-0.004220298957
-0.001162882312
-0.00035293377
2.904565372e-05
1.445487123e-05
-0.0002431721223
-0.0004024662485
0.0005532296491
0.0003161854402
-0.0002505935554
-0.002835081192
-0.0004500390205
-0.0003861622827
-0.0003317915834
0.0004004900984
0.003835552372
0.0002596806153
-0.0004637545499
1.821342266e-05
-0.0008695555152
0.001267480897
0.001159821404
0.004028875846
-0.0003242587263
-0.002944459906
-0.004727977328
-0.001296346774
-0.0005421620444
-0.001298858784
-0.00339409546
-0.001418083324
0.001675249194
-0.001392667647
0.0004816900473
0.0007194450009
-0.0003419641289
9.319163655e-05
-1.784685446e-05
0.001678473898
-0.0004003162321
-0.0008592878003
-0.0006842268049
0.001572301029
0.002141531091
0.0001215564553
2.152847628e-06
-0.0008002838003
-0.0003249496804
0.003085024888
3.278816439e-05
0.0008896803483
0.000197237765
-0.0002346205438
0.00169585261
0.00298644579
0.0003253010509
-0.0011418754
0.00286587351
-0.002652108669
0.00478002429
0.0001240453566
-0.006664355751
-0.002161435084
0.0004578162043
0.001591937384
-0.0006473017274
0.0008963865112
-0.0008043486741
-0.003515466116
-0.00188361865
-0.001151776756
0.0004289281496
0.003139421111
0.001556079136
0.001721145236
-4.192796041e-05
-0.001175863668
-0.003635165049
0.0002408951841
0.0001526142005
-0.0008377753547
0.002665379317
-0.00349915633
0.001567609259
-0.000150754975
-0.0002122982696
0.001161818393
-0.0005787027767
-0.0005089190672
-9.705781849e-05
-0.0004197536036
0.001502868836
0.001430397504
-0.0009498029249
0.0001717086416
-0.001130471937
0.0004525078402
-0.0002045617439
-0.0001549451117
-0.004132460803
-0.0004289165372
-0.0003933275584
0.0009337795782
0.001127278549
-0.0008280239999
-1.848512693e-05
-0.0009582939092
0.002326296177
0.0002240458562
-0.0009874646785
-0.0005949283368
-0.003045947757
0.001295839786
-0.0006530199316
-0.0001853337017
9.500370652e-05
-0.0004244398733
-0.0002243141935
0.001679760404
-0.001796565251
-0.0002330562565
-0.0002778744092
-0.0009914131369
0.0006578809698
-0.0008256121655
0.0005163029418
0.0001483302476
-9.87736712e-05
0.002478355542
0.0009423005977
-0.0001832060807
-0.0002004387061
-0.000297943363
-5.209424125e-05
0.0007025841041
-0.0003466501948
-0.0001689795608
0.0001963440445
0.001423247508
0.0007366348873
0.0008940295083
-5.207199501e-05
-0.002280381974
-0.002160648583
-0.0003264264378
4.481591895e-05
-0.0004248363548
0.001719588065
0.001115816063
-0.0002817749337
-0.003771563759
0.000525771
0.002209378174
0.003992772661
-0.001018265961
-0.0003457103448
0.002267702017
0.002401664387
0.001042823773
-0.0006321350229
0.002120145364
0.000168061204
0.000143145764
-0.0001352300023
-0.000373724266
-0.0007553773466
-0.002022346249
-0.0002972872462
-0.0004437268071
0.0007637999952
-0.001965340925
-0.004350762814
-3.954944987e-05
0.0007869210676
0.0002633671975
0.0009605797241
-0.003296785522
0.0007634542999
0.0001353485277
-0.0004720007419
0.0003079784219
-0.001960031688
-0.004050847143
2.331774886e-05
-0.0006962561747
-0.002356438665
0.0001207899986
-0.005293174181
-0.001655549626
0.006500808522
0.001161921769
-0.0005128061748
-0.001849923865
0.0007426209049
-0.0005185484188
0.001227331697
0.003832162358
0.001878300798
0.002817593981
-0.0004248492478
-0.003052764805
-0.0009986530058
-0.002835538704
-0.0004066073452
-0.0003275514173
0.00477588363
-0.001838919939
-0.0004483796365
-0.00098091166
-0.001484725042
0.002373325638
-0.001144847483
-8.996577526e-05
-0.0002855637285
-0.002632842632
0.001488844166
0.001705294824
0.0001923069212
8.444365085e-05
-0.001875977498
-0.00147682114
0.0006829963531
0.0001179303217
-0.0004122649552
-0.0005574770039
0.0007396746078
0.001445755363
0.002329505514
-0.0002749116393
-0.0006291128811
0.0002042029955
-0.0002717632742
-0.0002564510796
0.0002506604942
0.0005263183266
-0.004464938305
-4.975596312e-05
0.001495504286
0.001367792953
0.001160189277
9.126948862e-05
0.0001873987931
-0.0003048719373
0.0002075129159
0.001017799368
-0.0003356671077
-0.0004533810425
0.001729252981
0.0003537480661
-0.0002116250835
0.0009496051352
0.001042068587
-0.0008851374732
0.0003583470825
5.774632154e-05
-0.0001224535226
-0.002686578548
0.0001160237007
-0.000607790309
-8.559030539e-05
-0.0003804385487
5.255978613e-05
-0.0003058464208
0.0004560565576
0.0007655382506
-0.0002920762054
-0.00232389872
0.0004490056017
-8.292980056e-06
-0.0005286256783
-9.188406693e-05
0.002869093092
-0.0001092329039
-0.0002004388371
-5.472635166e-05
0.00119275169
-0.001181115047
-0.0001448546682
0.001655722852
-0.0002767113328
-0.001380657777
-0.001411130303
0.0006403988227
0.0003640596115
-0.001270152046
-1.862314093e-05
-0.0004223775468
-2.237726403e-05
-0.001831738977
0.0003561468329
-2.652956937e-05
-0.0002610179072
0.0003436092811
0.00094745768
-5.641052849e-05
-0.0002618047292
-0.0001925432734
-0.0001574045455
0.0006123635103
0.00336913066
7.740376168e-05
-0.000469893479
-0.001517219702
-0.0007785504567
0.002015437465
-0.000177065609
-5.183837493e-05
0.0004518489295
-7.560707309e-05
0.001074442989
0.002294017933
-4.872039426e-06
0.001112225465
0.001180255553
-0.002178659197
0.003459868953
0.0002494863002
-0.00349890138
-0.0005040094838
0.0003953303385
0.001218689024
-0.0005099487025
7.119042493e-07
-0.002475839574
-0.001755520352
-0.0008436165517
-0.001061334973
0.0002263178903
0.002381144324
-0.0004821016046
0.001808049041
0.0003625156241
-1.611246262e-06
-0.002965790452
0.001207876368
0.0004426320083
0.000833102793
0.0005253591225
-0.0009716931381
0.0008020836976
9.601176862e-05
0.0003926269419
0.0003176745086
-0.000845437462
-0.001380386064
6.457623385e-05
0.0003044924233
0.000383059989
0.0006883274764
-2.601269807e-05
-0.0004770028754
0.0003320735123
0.0002166440536
-0.0003116017324
-0.00110505824
-0.001306711347
0.0005371300504
0.0008335930761
-0.0005829978618
0.0003566111554
0.0002817563363
-9.346981096e-05
-0.0003563266946
0.002411864931
0.0004254654923
-0.001070317347
-0.001033397624
-0.001637784997
-0.0003241057857
-0.0002514511289
0.0004489823768
-0.0002841553069
-0.000569075055
0.0004433268914
0.0001542761747
-0.001732501318
0.000159907926
0.0003134504659
-0.0006119242753
-0.0007629331667
-2.390523878e-05
-9.895192488e-05
-0.0001382815826
0.0001814281859
0.001030187239
-0.0005291518173
0.0001334651024
0.0003404260206
0.0002706187952
-0.0001769527735
0.0001241278951
-0.0003564830986
-0.0005159180146
-0.0001827600208
0.0008705542423
-0.0006814076332
-0.0004798443115
0.0003513335832
3.284685954e-05
-0.00112038129
0.0003360600676
0.0004468847474
0.0001730868971
-0.0006965706707
0.001012074645
-0.0002488734899
-0.004007700365
0.000564977061
0.002321718493
0.004120982718
-0.0009072985849
-0.0002402212704
0.002371109324
0.002645018278
0.001123555005
-0.0007160455571
0.002176385839
0.000373451534
0.0001321953023
-0.0004715329269
-0.0003651292645
-0.0006848793128
-0.002211787738
-0.000242290902
-0.0002703551727
0.0008267184021
-0.002073478652
-0.004231425934
2.426765059e-05
0.0007259690901
1.749314833e-06
0.001074240543
-0.003454716643
0.0008031962789
0.0001493881718
-0.0004500229552
0.0007081765798
-0.0019556107
-0.004115384538
-2.284214133e-07
-0.0005841444945
-0.002350718016
0.0001441488857
-0.005282995757
-0.001750679687
0.006853673141
0.001365880598
-0.0005328945117
-0.001577498973
0.0007446354721
-0.0005338288611
0.001098879147
0.004007047974
0.001916043228
0.003057718743
-0.0004477970651
-0.003443713533
-0.001113525825
-0.002773324959
-0.0003810391936
-0.0003720551613
0.004890822805
-0.001714094309
-0.0004227286554
-0.000953318493
-0.00156516314
0.00250875717
-0.001140309847
-8.567235636e-05
-0.0002383315732
-0.002893820172
0.001462144428
0.001643906347
0.0001507173147
0.0001194011638
-0.001999837114
-0.001487926347
0.0008475381765
8.125852037e-05
-0.0003194936144
3.832308721e-05
0.0007197045488
0.001408209326
0.002052745549
-0.0002226555662
-0.0005487848539
0.0001975633641
-0.0002673522104
-0.000183367476
0.0001415591105
0.0005516934907
-0.004428844899
-1.77231741e-05
0.001472174306
0.001320355223
0.001039066701
6.836564717e-05
0.0001745672198
-0.0002627525537
0.0001768893126
0.000900257146
-0.0003132216807
-0.0005149570061
0.001648584963
0.0004445086815
-0.0001808249508
0.0009464920149
0.001041691517
-0.0009174978477
0.000363531406
9.717577632e-05
-0.0001188188471
-0.002461440163
-0.0001021728895
-0.0006216409965
-6.829609629e-05
-0.0003431188234
1.434465321e-05
-0.0003014492104
0.0005897820229
0.0007501755608
-0.0004661889398
-0.002349807415
0.0003469494986
4.578429798e-05
-0.0004301903537
-6.029933138e-05
0.003026021877
-8.358349442e-05
-0.0002073599317
-4.248224286e-05
0.001207075897
-2.127147491e-05
-4.862244896e-05
-6.0515511e-05
-2.372089511e-06
-0.0001603010896
-1.769319533e-05
-0.0004723599413
-4.7031539e-05
-6.624349771e-05
0.0001105954798
4.217263631e-05
-3.80729216e-05
-0.0001351661922
-0.0002983477607
0.0002030725154
-7.096237096e-05
6.904561451e-05
5.178902211e-05
0.0001183705535
3.298389856e-06
0.0001220542836
0.0001940543152
-0.0001819018216
0.0001025863385
-1.793419142e-05
2.555128776e-05
0.0004235751112
-1.171146323e-05
-0.00049277168
-8.673386765e-05
0.000105269537
1.7435872e-05
0.0001821322367
6.50246584e-05
3.193874363e-05
4.751602319e-05
0.0001884710946
-7.200135587e-05
0.001616358291
-0.0001854645088
-4.389000242e-05
0.0003329713654
-0.000115858551
-1.826480911e-05
1.879601405e-05
-0.0001194235956
-0.0002320452913
-0.0005002032267
-8.62793022e-05
7.480107888e-05
8.044087008e-05
1.584381971e-05
-0.0008943048306
-0.0002174071124
0.0001602530829
0.0001216822857
0.0001088387362
-1.4799989e-05
0.0001102495953
0.0001256487303
0.0001156742364
7.629680476e-05
0.0001106476848
-0.0002415002818
5.648281149e-05
3.708175791e-05
-0.0002700064215
-0.0001507219422
-0.0003199041821
-1.006532148e-05
3.723734699e-05
-0.0001726388873
-0.0001705854665
8.554829401e-05
-6.56112752e-05
-0.0007453758153
-5.868691369e-05
-8.063713904e-05
0.0003201699001
-0.0005510725314
9.716548084e-05
0.000119786193
-6.331653276e-05
2.427754453e-06
5.260130638e-05
-2.788261736e-05
2.353074706e-05
-0.0002829894365
6.112967094e-05
1.993714432e-05
-9.363808203e-05
-0.000462347467
-1.173393139e-05
3.316232323e-05
6.37550329e-05
-0.0001126901552
-5.05244825e-05
6.05611931e-05
5.306558705e-06
9.518523439e-05
4.49915533e-05
5.488117313e-05
1.855226765e-05
-0.0001734437537
-2.73048463e-05
-2.309465344e-05
-8.528512262e-05
-1.499396149e-06
-0.0003610446875
-0.0001325742051
1.928094571e-05
8.104932203e-05
6.359479448e-05
-4.514787724e-05
-2.102839608e-05
1.964538387e-05
-8.941950364e-05
9.163441973e-06
-5.01820432e-05
-8.449982852e-05
4.142942635e-05
6.060427404e-05
-0.0002215650311
0.0001607669255
4.626668306e-05
3.984777504e-05
5.567770131e-05
-7.72567455e-06
-0.001373683219
-0.0004552036116
0.0004590567551
-0.0002906622249
0.0007646126323
6.527479854e-05
0.001064041629
-1.0986696e-07
-0.0004681334831
-0.0005278021563
-6.261901581e-05
-0.000396901858
0.0009538175073
0.001522272127
-0.000378893892
0.0001826651715
-0.0001919389179
9.235939797e-05
0.0008382829255
-0.002946931403
-0.0006434445386
-0.0003479898151
-0.0002320460917
-0.0002935579105
-0.000218979505
8.413963224e-05
-0.003124886425
-0.001044451725
0.0005796256009
0.0005208095536
-4.980187805e-05
0.0001687165204
-0.0008359027561
-0.0001537272474
0.0001271650835
-0.000249957724
-0.0003544962674
-0.0002575760591
-0.01158533059
0.00172683585
-1.60144009e-06
-0.001560777659
0.001643843134
0.000244483439
0.0001198065365
6.541406037e-05
0.0002958018158
-0.002858823165
-8.01641545e-06
-0.0002991198562
-0.0005770229036
0.0002814926265
0.007082256954
0.0004517553025
-0.0007920622011
-0.0002707541862
-0.0006209758576
-0.0002908628958
-0.0006830813945
-0.0002401123929
1.236208664e-05
-2.347373447e-05
0.0004826819059
0.009784745984
-0.0001587128791
-6.077541912e-05
0.001930438331
0.0002613933175
0.001523062121
0.0002766940452
0.0001741745946
-0.0006256903871
-0.0001068909405
-0.00148771028
-2.169595064e-07
0.002995796502
0.0002678027377
0.0002582595625
-0.001866835286
0.0008146963664
-0.0001609769533
-0.0001548519649
-0.0006375446683
0.001692989026
-0.0004443783837
-4.093928874e-05
-0.0002546293545
0.000794506981
0.0003360779956
7.44656063e-07
0.0002461550175
0.002777086571
-0.001607427257
-0.0002414485352
-0.0001225185406
0.0002444317506
0.001635349356
4.751512461e-05
0.0006474149413
-0.0001167998707
-0.0001795354474
-0.0001143355184
-6.939269952e-05
0.0005509553594
-0.00011525835
0.0001664991141
0.0006206961116
3.705533163e-05
0.001081020455
0.0005168015487
-0.0004084290704
4.317341882e-05
-0.0005616269191
0.0001161945038
0.0001055934845
-0.0002127572952
0.0004102344392
-7.253504009e-05
0.004270244855
0.0003374396474
-0.001220039092
-0.000411753048
0.0004506703408
-5.1997009e-05
-2.13604726e-05
0.0001922889496
-0.0001112946047
0.0003371985513
-0.0004051915603
0.000430694432
0.002624644432
-0.0004126493877
-0.001852401881
-0.002270467114
0.0004963654792
0.0003792001226
-0.001171485288
-0.001125620445
-0.0003428465861
0.0005512208445
-0.002095911186
0.0004665732267
5.318971307e-05
-0.0002353243035
0.0001794972195
0.0007044681697
0.0004312298552
-0.0001889481355
-0.0002300886117
-0.0004910586285
0.0006094070268
0.003096914617
0.000165115096
-0.0005075087538
-0.001692993799
-0.0009494008264
0.002868455136
-0.0003223409294
-0.0001994249033
0.0003098683665
-0.0009084857302
0.0011983898
0.003037132323
0.0001401185582
0.0005135080428
0.001777247991
-0.002703644335
0.003877274226
0.00058044662
-0.004785946105
-0.0010816867
0.0003172278812
0.000967022148
-0.0006333867786
0.0005696866428
-0.002011882607
-0.002287374344
-0.001370596932
-0.001122931368
0.0001252444199
0.002909039613
0.0001206432426
0.001891491935
0.000252113794
-0.000206606026
-0.00343829277
0.0009596141172
0.0003197181504
0.0004349203082
0.0009577677702
-0.001692745253
0.0009786234004
4.263162191e-05
0.0001984109549
0.001019510673
-0.00107610994
-0.001234856085
-0.0001636571833
-8.926307055e-05
0.001134716556
0.001118836226
-6.428475172e-05
-1.880952004e-05
0.0004909306299
3.423362614e-06
-0.0005030961474
-0.0007348225336
-0.001752281329
0.0002098089608
0.0004367991642
-0.000425370934
0.0006285846466
-1.801261351e-05
2.427696018e-07
-0.000640484388
0.002651599236
0.0002735815651
-0.001106763026
-0.001190494397
-0.001760256011
0.000691289606
-0.0002446863218
0.0002565772447
-0.0002536587708
-0.001262217644
0.000169943436
0.001056884183
-0.00163669535
2.940049308e-05
8.575637185e-05
-0.0008881117683
-0.0005475374055
0.0001857833413
-9.37225268e-05
-0.0001021553689
0.0001107568023
0.001254810486
-6.659870996e-05
0.0001963204559
0.0001133875194
0.0002167548082
-0.0002093957883
0.0004605002177
-0.0003456395061
-0.0006747948355
0.0002868172014
0.001255226787
-0.0003158872132
-0.0001061473595
0.0002465744037
-0.0003062358301
-0.001601802069
-4.152267866e-05
0.0002172458917
-6.395690434e-05
0.0009389059269
-0.005296841264
0.02422498912
0.01469167415
-0.008087839
0.05627501756
0.03281281143
0.03257361427
-0.02365887538
-0.03283560649
-0.05099108815
0.02990347333
-0.00759250531
0.03753723577
-0.05692557991
0.01351424959
-0.02536961064
0.04258104786
-0.004098065663
0.02741826512
-0.1291387975
0.02397217229
-0.006918852217
0.02735648118
0.02040045708
0.04234010726
0.01632194407
0.1054868996
0.04637227207
0.07244754583
-0.05989932269
-0.03636383265
-0.02972551249
-0.003415272804
-0.05209295824
-0.0926092416
-0.002715490526
0.001440672204
-0.1001763195
0.1520702988
-0.04342695326
0.005896566901
0.1089095473
0.09337618947
-0.03755358234
0.01019470021
-0.008533624932
-0.03079814278
0.08244179934
-0.05966248363
-0.02110344917
0.005593235604
-0.04016700387
0.009969468229
0.03762351349
0.03333326802
0.002012080746
-0.007217619102
-0.06898705661
0.04823699594
0.00617985148
0.01206042059
-0.02619857341
-0.01673746482
0.05817386881
-0.005113495048
-0.005403826945
0.037262097
-0.004918749444
-0.007550718263
-0.008244941011
-0.0457270816
0.03414942324
0.03222556785
0.03898087889
-0.002725423547
-0.01669736393
-0.03689363226
-0.03912610188
0.03611886874
-0.08335752785
0.01642564125
0.003924451768
0.01403345168
0.0183107201
-0.02267770842
-0.02280900627
-0.02960192598
0.03232216835
-0.01041092351
-0.01032360829
-0.03126268834
0.1296031922
0.02200459689
0.009755818173
0.00179856841
-0.00387000083
-0.02872766741
-0.005894563161
-0.006644928828
-0.007739795372
0.002590304008
0.001763912151
-0.01301588677
0.02493431978
0.01233814564
0.001346674748
-0.04782529175
0.001320453244
-0.04180103168
-0.000975956209
-0.0239682328
0.002437587362
0.02244002558
0.009065741673
0.0323192589
-0.006097437348
-0.06891576946
-0.01524284109
-0.02303750254
0.009157940745
-0.005731649697
-0.00425141491
0.008266935125
0.001805320615
-0.01106713153
-0.01695385389
0.01073632855
-0.04448880255
-0.004677105695
0.0007419154281
-0.0001969806472
0.000509807549
-0.001109887613
-0.0002653024276
0.0006489948137
-0.0005032098852
-0.001138229505
0.0008308621473
-0.001441701432
-0.0009922236204
-0.003966634162
-0.004637776408
0.0009584031068
0.0008565747412
0.00103229878
6.928091898e-05
0.004445218947
-0.0006141123595
-0.009058416821
-0.0004143249826
0.007450813428
0.004685296211
0.00209290348
0.0005054114736
0.006830454804
0.003780598985
0.006808347069
-0.0008013102924
-0.0004124280531
-0.0002232873376
-0.0004307410563
0.0001212770439
-0.0007337532006
0.0007109747967
0.0006896115956
-0.002249988727
0.006606928073
-0.003697630484
0.00129899499
0.006919533946
0.001575608621
-0.0002435586648
-0.0004305048496
-4.16877956e-05
-0.002780050738
0.008410178125
-0.002839533612
0.00106155721
0.0007769884542
-0.001088930876
0.01395982038
-0.001444482594
0.00201965333
5.908940147e-05
0.001394728315
0.0006954116398
0.003448982956
0.001832653885
-0.0006082718028
-0.001009257743
-0.001659600995
-0.002857306506
-0.0001466432441
0.0001788492955
0.00295308698
-0.0009155119769
-0.008333366364
-0.0006584400544
-0.000935200369
0.0008279565955
0.001134666149
0.001989885001
0.0001093895116
-0.0048606419
-0.0001111058591
-0.0004886629176
0.00167160749
-0.007553485222
0.0002985211904
0.0004022477951
0.002644750755
-0.0002340353385
0.0003150099656
0.0001674913656
-0.0001853090944
0.0006328023155
-0.000506858225
0.0004581873363
-0.001212704112
-0.00814106036
0.0009355951915
0.001022520475
0.0009043058963
-3.940289025e-05
-0.0009479880682
0.0001055709872
-0.0004453492875
-0.002254413906
-0.000422806188
0.0002479738032
-0.0003715434286
-1.019386036e-05
0.0002831969177
-0.000219385227
-0.002436205978
0.0005395367625
-0.004094498698
-0.002287697513
0.0001941904047
-0.0004256951215
0.0009007420158
8.980292478e-05
0.0004797134316
-0.0001541733072
-0.002132282127
7.749520591e-05
-0.001195367659
0.0002605410118
-0.0005626907223
9.621320351e-05
-0.004893918987
0.0009600326302
-0.000494412554
-0.0003499526938
0.0008412165917
-0.00140698906
0.001066866447
9.155376756e-05
-0.0023465876
0.0004544379772
0.001409168122
0.0019722539
-0.0009078350849
-0.0002295935265
0.00161927531
0.00112571998
0.0007093212334
-2.707018211e-05
0.001561995829
-0.0002114999515
-3.457967614e-05
0.0002307085524
-0.000479907234
-0.0007815313875
-0.001031501801
3.356807792e-05
-0.0005182183813
0.0002888817107
-0.001339392271
-0.003216657089
-8.65142938e-05
0.0006690989248
0.0003726878494
0.000943154213
-0.002385317581
0.000552657526
-8.188185166e-05
-0.0004476123431
0.0002508032485
-0.001408576733
-0.002882314846
9.415615932e-05
-0.001032536267
-0.001410928555
0.001243043924
-0.003900900017
-0.000706682913
0.00416658679
0.0007237613318
-0.0002774271416
-0.001968352823
0.0007217543316
-0.0001616700756
0.001363256364
0.002745533362
0.001455073943
0.001548194443
-0.0003178724728
-0.002097993158
5.506746311e-05
-0.002287968062
-0.0005136266118
-0.0001573993213
0.003616756061
-0.00121773337
-0.000484471122
-0.0009388339822
-0.0009656295297
0.001407036558
-0.0009709183942
-0.0001293315145
-0.0003901411255
-0.001175661338
0.001087423647
0.001330834464
5.948661419e-05
-0.0002534574887
-0.0009733021725
-0.0007216528174
0.0001191917909
0.0001311025553
-0.0002183418401
0.0003343024
0.0004907532129
0.0008456518408
0.001662610215
-0.0004674942174
-0.0008406645502
0.0003161243221
-0.0003302357509
-0.0004240568378
4.639107647e-05
0.0003388677142
-0.002871325938
-0.000307942013
0.001242072438
0.001108694007
0.001239233883
-0.0001133259502
0.0001652435458
-0.0004316668783
0.0003268621513
0.0009654280148
-0.0004193693749
-0.0004643900029
0.001543132123
7.056417417e-06
-0.000299134641
0.0006263421383
0.0009577099117
-0.0005535907112
0.000229674275
0.0001361363684
-9.920722368e-05
-0.001315506408
0.0003575302835
-0.0003785273875
-0.0003276935313
-0.0003846733307
0.0001961623639
-0.000151972883
0.0003854210663
0.0005469291937
-3.585473314e-05
-0.001589408494
0.0007699616253
8.500291733e-05
-0.0004614277859
-3.071035462e-05
0.001663534786
-0.0002895359066
-0.0004054606543
-0.0001221101556
0.0004364643537
0.001329855877
0.0001141246539
-0.002013121732
0.0002801392111
0.001492612762
0.001980699832
-0.0005335058668
-0.0002274810831
0.001562737627
0.0006706584827
0.0006176247844
5.505092122e-05
0.001633724431
0.0004847914679
-5.495640653e-05
-9.083343321e-05
-0.0004075777251
-0.0008983295993
-0.0009584021172
6.568052413e-06
-3.989439574e-05
9.327891166e-05
-0.001110421028
-0.003477412509
-9.674666217e-05
0.0006408895715
0.0001205466251
0.000775849272
-0.001798957819
0.0004745546321
-5.967242396e-05
-0.0004245360615
-0.0001494783646
-0.001453617122
-0.002842779271
-0.0001019884803
-0.001192463795
-0.001382212038
0.0001915399189
-0.003398665925
-0.0007948302082
0.003916132264
0.001001621597
-0.000350436836
-0.001341015799
0.0004478843766
9.885668987e-05
0.001399238361
0.002505554585
0.000885201036
0.001623456134
-0.0002512466453
-0.001981382957
0.000274751801
-0.002226195764
-0.000444016885
-0.0005614021211
0.003030118998
-0.001381952432
-0.0002963660518
-0.0009458198329
-0.0008578032139
0.001277064672
-0.0003182807995
-0.0001345962955
-0.0003512218827
-0.001020539436
0.001040373929
0.001465235371
8.112983778e-06
-0.0001998325606
-0.000590646232
-0.0003257718345
0.0002969242923
0.0003100251488
8.78335195e-05
0.0002913618227
0.0003821409482
0.0008923574933
0.001402433147
-0.0004719324643
-0.0008121215506
0.0004487383412
-0.0002771939617
-0.0003844254534
2.849821976e-05
0.0003365013981
-0.002605838003
-0.0003180869098
0.001224164385
0.001091759419
0.001064131968
0.0002088374167
0.0001626379817
-0.0004109706497
0.0002176637063
0.0006667132257
-0.0004548873694
-0.0001785756031
0.001362740761
2.544789822e-05
-0.0003224296961
0.0006231872248
0.001022248995
-0.0002734138106
0.0002653632255
0.0002279875771
-0.0001544241386
-0.0009905454936
0.0005351681029
-0.0003693484177
-0.0003072643885
-0.0003438800923
0.0001397008891
-5.888429587e-05
0.000420685712
0.0005698818713
8.190033259e-05
-0.00111864123
0.0007312314119
0.0003951752151
-0.0003745142603
-2.631841562e-05
0.001750860363
-0.0002900116378
-0.0003468717332
-0.0001714014215
0.0007121380186
0.00105692097
-0.0003002582525
0.001738497522
-0.0006027795607
6.166131061e-05
-0.001696128515
6.243923417e-05
-0.0005517966929
-0.001069247141
-0.002704140032
-0.001151675591
0.0003762963752
-0.001529328758
-0.0004200544499
0.001191060059
-0.001701831818
0.0008164963219
-0.0004635647638
0.0002824293042
-0.0002228959347
-0.005478409585
0.0003223575186
-0.003861814504
-0.002255784813
-0.0002957707329
0.0004358242149
0.000888867653
0.0003124149807
0.009609288536
-0.0005398054491
0.0007601065445
0.0001197324236
-0.0008100819541
4.758766227e-05
-0.0004009679833
-0.0002804658434
-0.001045139972
-0.0007275704993
0.003540729173
-4.985051055e-05
-0.00102143304
-0.003420926165
-0.0002140983561
6.433900853e-05
0.0005477411323
-0.001307712519
-0.0003851373622
0.003966036253
-0.00259191473
-0.001571239787
-0.000302869943
0.0002444362326
-0.00663848035
0.0004011830024
4.775863636e-05
0.0006971440162
-0.0009856884135
-0.003140658839
-0.000262387417
0.0004535130865
-0.0005056455848
0.001169894473
-0.001087376266
-0.0008273870335
0.0001591370965
-6.991931878e-05
0.0001896971517
-0.0002661097969
0.0003643264063
-0.000210907805
0.0002835282648
0.0012136593
0.001095559332
0.0003683081886
-0.0001111095917
-0.001833543996
-0.0001211599447
-0.0003476232523
0.001035386464
-0.00234784116
0.0001765224151
0.0002177773276
3.289354572e-05
0.0002205808123
-0.0002074790827
-0.0004568546137
6.4458407e-05
-0.0003438484273
0.0002329803101
-0.0004221540876
3.476337952e-06
-0.003766316455
0.001799545251
-0.0003788557369
-0.0001423378708
-0.0004628080642
0.001252555056
-6.010485595e-05
0.0001322057506
-0.0008349171258
-0.0001675233361
-7.162088878e-07
4.64599616e-05
0.000684534316
-0.0004540968512
0.0002592112287
0.0001587487641
-0.0003711061727
0.000137508614
0.0007355931448
-0.0004824175558
0.0003295942734
6.248897989e-06
-0.0004761472228
0.0003279920493
-0.0001597671944
9.075698472e-05
-5.254121788e-06
0.000558014086
-8.375063771e-06
0.0008456038195
0.0004682342114
-0.001188463182
-0.0006674721371
-0.0002581092413
0.0004619835527
-0.0001955693588
0.0001864349179
0.0001329380611
9.813567158e-05
-0.0001048294071
4.528050704e-05
0.0002293795114
3.804987864e-05
0.0002762291406
4.478911069e-05
0.0001553869079
0.0001138313528
7.632795314e-05
5.271476402e-05
0.0001454972662
9.617352771e-05
-0.0001511499722
-4.141203317e-05
-8.751764835e-05
-0.0001155170758
-0.0002173956746
1.026182758e-06
9.341279656e-05
-0.0001217566169
6.197727635e-05
-0.0003703950497
4.000764602e-05
-2.421400495e-05
-8.443118713e-05
7.213038771e-05
1.600860196e-05
0.0001017973555
-3.961287803e-05
-3.437668784e-05
-8.634691767e-05
-0.0001018234398
-0.0002106026805
-1.728124516e-05
-0.0002198928705
3.331303378e-05
-0.0007277046097
-7.208006718e-05
-5.276687443e-05
0.0001508689456
0.000152908804
-2.885423237e-05
-0.0001358819136
7.128833386e-05
0.0001585450373
0.0003672732855
0.0003352686181
2.605302507e-05
0.0001573585323
-1.786073653e-06
0.0002879504755
0.0001130965757
-0.0002224498021
-0.0001024617377
-4.285084287e-05
0.000275522325
-0.0001453455479
-0.0001126803691
-0.0001488474372
-8.982056897e-05
7.565953274e-05
0.0001531979506
-5.588935164e-05
-3.935296263e-05
3.970396574e-05
0.0002271427365
0.0003350895422
-9.450903235e-06
-2.718729957e-05
5.599419455e-05
0.0001639076218
6.240798393e-05
5.556465112e-05
0.0004048926348
1.724679532e-05
8.109486225e-05
-0.0001697395928
0.0004227297904
-0.0001128503063
-0.0001376749569
-1.158629493e-05
-1.3595165e-05
-3.610000203e-05
3.279764496e-05
1.158102987e-05
-7.804659617e-06
-6.296076026e-05
2.327997936e-05
0.0001436610182
0.0003019108844
8.699824321e-06
-3.043252582e-05
-7.119875227e-05
9.443627641e-05
0.000113255257
-8.557359251e-05
-4.354462362e-05
-8.853290637e-05
-7.358532912e-06
-6.744321581e-05
2.41775615e-05
0.0001631772611
-2.533979568e-05
4.438208634e-05
5.660985335e-05
-3.172136348e-05
0.0001028859915
0.0001085038093
-2.806693556e-05
-8.085877926e-05
-5.953595246e-05
4.041392822e-05
2.897931336e-05
2.61023506e-05
0.0001178993625
-1.345962482e-05
-7.091140287e-05
6.357747043e-05
4.036733299e-05
-5.038476957e-05
0.0001922948286
0.0001052084845
-4.334631376e-05
-5.087876707e-05
-6.614966696e-05
9.534160927e-05
0.001478022896
-0.008226485923
0.01777878404
-0.007493862417
-0.04687990248
0.002645561937
-0.01507969946
0.009979424998
0.02736154012
0.002886102069
0.04024241492
0.008169502951
-0.02937038802
-0.06167264655
-0.01541455369
0.01359289605
-0.006568135694
-0.0005233873962
0.03280645609
0.01189955045
-0.02406924963
-0.03787754476
-0.1366944015
0.01040780079
0.006498361938
-0.01105778012
-0.1035071462
0.006171134766
0.00888743531
0.03907611221
0.01067619305
0.02465268411
0.01560363267
0.007999439724
0.02859546058
-0.004497989081
0.02743380517
0.05776689574
-0.1364186108
0.01017221063
0.02610127442
-0.01811628789
-0.08051619679
0.009602919221
0.008080624975
0.002323519671
0.009155950509
0.02726706304
0.04977365583
-0.009534399025
-0.02567721903
0.02221704833
-0.05036554113
-0.001701932983
0.0111351721
-0.001350591891
0.02098368853
0.01467696019
-0.02315574512
0.00658091763
0.01464217715
0.01774135977
0.02721732855
-0.08166223764
0.01392182615
-0.0025525128
-0.02654296905
-0.01087450609
0.0225966461
0.01028941944
0.02821505442
-0.03497729078
0.002495717956
-0.0207747668
-0.007565919776
0.01887653582
0.00611208519
-0.006204671692
-0.04984636977
0.01910558902
-0.0001896423346
-0.01342516392
-0.02836193144
0.0226704143
0.02064560913
0.006154403556
-0.0172158964
0.004927570932
0.01229830272
-0.007544438355
-0.008031398058
-0.01257699076
-0.002765744459
-0.0123974476
-0.01215901505
-0.003160445718
-0.004981589038
-0.004663710948
0.0337077044
-0.02294693887
0.01892407797
0.00220452901
-0.02510128543
-0.0297310818
0.007571625058
0.006429691333
0.02099847421
-0.008556459099
0.01419165265
0.01570581086
0.03079379909
0.005429028533
0.01350032445
0.006168978289
-0.01588873193
0.001131194527
0.02432220057
0.02533193119
-0.01155902259
0.003710137215
-0.004537613131
0.01728489436
-0.01306294277
-0.02990239859
-0.004020291381
0.01174568012
-0.01665980183
0.02927730978
-0.001045661396
-6.776979717e-05
-0.006258422974
0.0008251908002
0.00448047556
0.008491282351
6.003447925e-05
0.0005690927501
0.003997477703
0.006648355629
0.004475267604
-0.002042365028
0.001984703355
-0.0007441428606
-0.0005647168146
-0.000363906438
-0.0005526418681
-0.0001027317339
-0.004664568231
0.0001680628338
6.925946218e-05
0.001331525506
-0.003543777624
-0.00385484891
0.0005971612409
1.786761823e-05
-0.00111370231
0.0007215150399
-0.005030345172
0.0009453527746
-0.0006204181118
-0.000738246832
0.001433929894
-0.002223618794
-0.005000001285
0.0009496755665
0.001131879981
-0.003165564267
0.0004342428583
-0.006231261417
-0.001430188306
0.01026014704
0.002671260154
-0.001199436956
-0.004912139848
0.002344535897
-0.0008898490923
-0.0001084116593
0.006714727264
0.003613274312
0.004909148905
-0.00117976265
-0.004961042665
-0.003351002699
-0.00209802296
-0.0005006205174
0.001369935344
0.007503495086
-0.0007421395858
-0.0007373085828
0.0001962751703
-0.003446243471
0.006502238568
-0.002205485478
4.740410805e-05
-0.0002258972818
-0.004314903636
0.001508442685
0.001319085597
-0.00046849926
-2.800868606e-05
-0.003209203016
-0.002792079002
0.00274227676
-0.0004490427964
0.0008034714847
-0.000668361201
0.0003860867291
0.001186494948
0.003985513933
-2.489890903e-06
-0.0001932962623
-0.001961100847
-0.002216700232
0.0006509742816
0.0003437621053
0.0008592336671
-0.005005548708
-0.0001072026207
0.001811856055
0.0009311123868
0.001562718186
-0.001084032934
0.0005712264683
-5.813222378e-05
1.065902143e-05
0.001969833858
-0.0003561216872
-0.002959917765
0.001253516413
0.001002916251
-7.004356303e-05
0.001121400157
9.499819134e-05
-0.0008271437837
-0.0001500484505
-0.0006969478563
-0.0001178986276
-0.004671919625
-0.00174307148
-0.0001501779916
-9.758015949e-05
0.0002608210489
-0.0002147024206
-0.0004526700941
0.0009989349637
9.773114289e-05
-0.000492637977
-0.002815526212
-0.001093576429
-0.0009013629169
-0.0002983797167
0.001285988023
0.003649655497
0.0002443683916
-0.000649489346
7.630137407e-05
-0.0008626874187
-0.001250432571
0.0003290625755
-0.005979978945
0.000652922783
0.005327323917
0.008967869915
0.00115601602
0.0007238490507
0.003915130161
0.006591119803
0.005367602687
-0.002124690451
0.001491641742
-0.0007526084664
-0.001087908167
-0.000263034919
-0.0005442084512
-3.44189757e-05
-0.004843902308
0.0003821614373
0.001137313666
0.001142840367
-0.003456521546
-0.003226070199
0.0007979018847
-0.0003807795001
-0.001799058053
0.0005802727537
-0.004514254164
0.0008822369855
-0.0008950876654
-0.0006684511318
0.001418123837
-0.001835177885
-0.004402616061
0.0005918784882
0.001332674758
-0.002893725643
0.0009179582121
-0.006076451857
-0.0009952830151
0.01078059152
0.00278017181
-0.001193405944
-0.003256074851
0.002381731756
-0.0003201249929
-0.0004393147829
0.007038703654
0.003424220253
0.00485657854
-0.001190420357
-0.004646155052
-0.003157637315
-0.00176826457
-0.0005863932311
0.001600861433
0.007796982769
-0.000473355467
-0.0008231863612
0.0005016745999
-0.003456900828
0.006974346004
-0.002357028658
3.866145562e-05
-0.0002477981325
-0.004224988632
0.001259342651
0.00114569196
-0.0005527284229
-0.0002085533342
-0.003094914136
-0.002554886742
0.003210226307
-0.0002989495406
0.001150619588
-0.000986947096
0.0001566505089
0.0011862705
0.004239874426
-7.336238923e-05
-0.0001835984585
-0.002472892171
-0.002176203532
0.0008181324229
0.0004900246277
0.0007701393333
-0.004641748033
-0.0003513851552
0.001469345647
0.0006706413697
0.001514147851
-0.0005570263602
0.0005689882091
-0.0001439330663
0.0001382041228
0.001795346732
-0.0004051384167
-0.002607907401
0.001099904766
0.001063503907
-8.863549738e-05
0.000890989264
0.0001229237678
-0.0006568219396
-0.0002557346888
-0.0007137171924
-6.878574641e-05
-0.004690025467
-0.001843543141
0.0001867026294
-0.0002017507068
0.0003865207545
-0.0002053586504
-0.0003504740016
0.0007619680837
-0.0001064983953
-8.211394015e-05
-0.002705441322
-0.001284271711
-0.001169687021
-0.0002182541357
0.001541201142
0.003748392221
0.0001165644935
-0.0007524085231
1.936007357e-05
-2.707372732e-05
0.0002313845616
0.0006321280962
0.003200447885
-0.0006038866122
-0.001927614096
-0.002878173487
0.0002223299962
0.000303765788
-0.001329344814
-0.002418116434
-0.0006480973097
0.0009185246308
-0.002177874791
0.0007748898934
0.0003008280764
-0.0006846249453
0.0002711180132
0.0003963351191
0.0007892524591
-0.0008084592409
-0.0002708221145
-0.0005200390005
0.0008446964785
0.002101251157
-0.0001718917047
-0.0005319763441
-0.001811060938
-0.001066079945
0.002780007198
-0.0003827990731
-2.366945046e-05
0.0004122391983
-0.0007123176474
0.001550341258
0.002885378432
-0.0001089836078
-0.0002003560949
0.001791522605
-0.002396397758
0.003935662564
0.0003028537321
-0.004984752741
-0.001113971695
0.0003369346377
0.00170151738
-0.00114466541
0.0009710911545
-0.0008977431571
-0.002698777709
-0.002111624693
-0.00126665819
0.0006267558783
0.002738765674
0.0006876381231
0.001571521163
0.0003166136448
-0.0007115229382
-0.003819896374
-0.0003549093963
0.0004701824801
0.0001642701536
0.001804864267
-0.00242806226
0.001033850247
-1.670656275e-05
0.0001840360346
0.001322748489
-0.0009799536783
-0.0008499500691
-0.0001470196294
-0.0001550552697
0.001597123919
0.00103678368
-0.0001096977794
5.442977636e-05
0.0004713363014
-0.0001123193433
-0.0005372262094
-0.0001583918347
-0.0023758444
-1.824796163e-05
0.0002457222436
0.0001038452028
0.000803721312
-0.0002302607318
-4.074880781e-05
-0.000693292357
0.002617461374
0.0001578689844
-0.001424678718
-0.001028215629
-0.001890443848
0.0003047726059
-0.0004639755934
0.0001016426468
-0.0002095099771
-0.0009076881106
3.65529304e-05
0.000992661342
-0.001262911479
-6.520166062e-05
-3.219216524e-05
-0.0009524074267
0.0001369722304
0.0005749207339
6.442793529e-05
3.296818977e-05
-1.598156086e-05
0.001859572716
0.0004193171626
0.0001338114816
7.28263476e-05
4.684429223e-05
-0.0002025997237
0.000683645485
-0.0005370959989
-0.0004368367081
0.0003982080088
0.001672146842
-0.0001005376107
0.0005052071647
0.0002959220728
-0.0007707549958
-0.001631845254
2.709874752e-05
0.0002761420328
-0.0002162586607
9.15913115e-05
-4.256606553e-05
-0.0003154909646
0.00112103764
-0.0003376281238
-0.0005171847297
-0.0006299845409
-0.0001828534296
-6.430556095e-05
-0.0009645349928
-0.0009948462248
-0.0004806935031
3.448805728e-05
-0.0003176746541
0.0002913639473
0.0005109668709
-0.000486072473
0.0003834668896
0.0001959275396
0.0005177358398
-0.0004574343329
-0.0007797089638
0.0001421765191
0.0004716030089
0.0005279457546
-0.0001821675978
3.61730381e-05
0.000256628904
-0.0003953936393
0.000361570681
-0.0002825449337
0.0002404638653
0.00022877226
-0.0003955632565
0.0003618035116
0.0007620622055
0.0001155880746
0.0003723172122
-7.574451956e-06
-0.0009280185332
0.001135031926
-8.749994595e-05
-0.002147968858
-0.0001527000568
8.708298992e-05
0.0008114244556
-0.0006617192412
-0.0004642508866
-0.0002219097078
-0.001696070773
-0.0009814760415
-0.0004492713197
0.0002003602858
0.000318935985
-5.730533303e-05
0.0006898946012
0.0004530757142
-0.0003623540106
-0.002132843016
0.0002559562272
0.0004778637958
0.0002729752159
0.000596223108
-0.0005308707478
0.0003449000651
9.509031952e-05
0.0002033403289
0.0003170174605
-0.000684652885
-0.0004860770714
2.193252294e-05
0.0002276224113
0.0002772736771
-6.169399421e-05
-0.0002390610607
-0.0001046540638
-0.0002198027796
-0.0001796458819
-0.0002901881817
0.000305209629
-0.001013518777
0.0003228933492
0.000494943466
-0.0001048631966
0.0002451513719
1.844047438e-05
-0.000161819582
-0.0001568613516
0.0006626990507
0.0004195284564
-0.0003213516611
-0.0005212011747
-0.0006486044149
4.161379911e-05
-7.482657384e-05
0.0002713860304
-0.0004651390482
-0.0005679055466
0.0002234627755
0.0002936026722
-0.0005422298564
5.621378659e-05
0.0001437326428
-0.0002204585762
-0.0001709870994
0.0001016210517
5.256502482e-05
-1.40883094e-05
-2.862244583e-05
0.0003615881724
1.894179513e-05
-0.0001822679478
0.000287852803
4.981360689e-05
-0.0002984319581
0.0002145912295
-9.331797628e-05
-0.0002257158339
7.005912721e-06
0.0005679643946
-0.0003346605226
4.903581794e-05
0.0002057708625
-0.000285435206
-0.0004903912195
0.0001211503113
0.0003756519
8.816276386e-05
-1.113255985e-05
0.0001155705104
-8.828147838e-05
-7.47240847e-05
-4.47110906e-05
0.0003113945131
-8.620214066e-05
0.000171557971
-5.524561857e-05
-0.0001490189461
-3.844064486e-05
-9.747465083e-05
-4.475388414e-05
0.0003221632214
0.0001775636192
6.312155165e-05
-0.000239446148
8.865376731e-05
-9.023927851e-05
-7.25961072e-05
-0.0003083847696
0.0002816810447
-1.517331293e-05
0.0004393635027
-0.0004226967576
-3.620400821e-05
9.167655662e-05
-0.0004869089462
-8.942800196e-05
-6.05690293e-05
-4.353517397e-06
3.830119022e-05
-1.336058972e-06
-0.0001566527499
-0.000165419362
-0.0003729605814
-5.694025094e-05
-8.921055269e-05
-0.0002167827042
-0.0009986002697
5.566310574e-05
-0.0002226576471
-0.0002756966569
0.000624989334
-6.550403486e-05
-9.003793821e-05
-0.0001955658518
-0.0001067625853
-2.861635949e-05
-1.231653005e-05
-0.0002227635268
0.0001657875691
2.221272734e-05
-0.0007422292256
-7.884234219e-05
-0.0001710425277
5.901938493e-05
-0.0001851019042
-0.0002479327668
-0.0001396498992
0.000125010396
-4.587538569e-05
-5.805340697e-05
0.0001421639899
0.0004938986967
-2.463272722e-06
1.79405788e-07
-0.000110332192
6.332281919e-05
0.0004105716653
-1.209567654e-05
5.137890912e-05
-1.526675987e-05
0.0001069215286
8.650543896e-05
-3.832220318e-05
0.0003050116065
6.095080607e-06
-6.922114153e-07
6.46574772e-05
-2.637214129e-05
3.908450708e-06
1.446278293e-05
5.188706928e-05
-3.531254333e-05
-2.027217852e-05
-5.734233855e-05
4.56427515e-05
4.566882126e-07
8.431345486e-05
0.0001372622646
8.470706234e-05
-4.480801181e-06
-8.218607036e-06
6.679878879e-06
1.345693363e-05
-9.886329644e-05
-2.241690345e-05
-2.044048233e-05
-4.016436651e-05
-4.111558155e-05
5.528469046e-05
-1.836795855e-05
8.183522004e-05
0.0001271544315
-9.206794493e-05
7.965038822e-05
8.279277245e-05
-5.735499872e-05
3.164730151e-05
4.344154877e-05
-0.0001174892823
2.673091876e-05
-3.792011557e-05
-8.050456381e-05
5.643513941e-05
7.070401625e-05
6.776615191e-05
-2.884129026e-05
-7.958282367e-06
1.91667732e-05
0.0002298874169
5.358841918e-06
0.0001581142424
0.0002664687636
7.638032912e-06
4.113063187e-05
-1.43743473e-05
0.0001225897286
0.0002231015678
0.0008256147266
0.003483082401
-0.0004193092755
-0.002444065176
-0.003864261555
0.0002345250541
0.0004042119836
-0.001253373222
-0.002537774853
-0.0007325184415
0.001263623592
-0.00192913611
0.001205048291
0.0001396454463
9.902306192e-05
-1.627649908e-06
0.0003668956924
0.0009235872421
-0.0003407881886
-0.0004900944768
-0.0008526125457
0.001645082026
0.003304684302
0.000141664932
-0.0002488672908
-0.001083250507
-0.0001639482507
0.003407318378
-0.0002461040858
4.286677358e-05
0.0001623763965
-0.000544992392
0.001386109972
0.002821786096
0.0001214329823
-0.0002580223372
0.002473665634
-0.002113796305
0.00513770245
0.0008813645691
-0.00676749507
-0.001268843189
0.0004582050606
0.001069015008
-0.0004938887432
0.0009093824774
-0.001701879781
-0.00302524236
-0.001711160759
-0.001689795521
0.0002285146184
0.003850290319
0.00128860923
0.001297011971
6.586818472e-06
-0.0008193480899
-0.003601962933
0.0009879781865
0.000464492914
0.000342586136
0.001508484827
-0.002635343699
0.001499642152
-4.843322677e-05
1.914615132e-05
0.001675316948
-0.0009823786095
-0.0009380907286
-0.0002822106471
-0.0003834337404
0.001790857175
0.001570283202
-0.0005903372075
-0.0001553967595
-5.170704389e-05
5.472788325e-05
-0.0006463326281
-0.0009803714929
-0.002621381311
-0.0001508418209
-4.801025716e-05
-0.0002225846983
0.0004233777872
-0.0004087472043
-4.890373748e-05
-0.0008252116968
0.003168656491
0.0001620811236
-0.0009302507387
-0.0009791797493
-0.002040381776
-0.0001468247938
-0.0003435129765
1.642418101e-05
-0.0001416269952
-0.0005072040367
-6.033443788e-05
0.0005181884044
-0.002012750367
-0.0002612277458
-0.0001076723129
-0.0009803574067
-8.946409798e-05
0.0006557326997
0.0002206834906
9.233732999e-05
4.646715388e-05
0.002212947933
0.0004439584445
0.000110111745
-0.000170833795
7.217640814e-06
-9.94163056e-05
0.0006372953649
-0.0002754924935
-0.0005798786297
0.0002573861566
0.001662348513
0.0002924347064
5.935641821e-05
7.543031825e-05
-0.0007797098951
-0.00237375591
-0.0001241976133
3.340904186e-06
-0.0002147515042
-0.001203233027
0.0008260496543
-0.0001485289249
-0.004255803302
0.000590079173
0.002502037212
0.004538236652
-0.0009334845818
-0.0002063414722
0.002534867031
0.003160036867
0.001338198199
-0.0008600559086
0.002022814471
-4.660934792e-05
5.186664202e-05
-0.0005119649577
-0.0003324501449
-0.0005586572224
-0.002628134796
-3.884864054e-05
0.0001548912114
0.0009293077746
-0.002142513171
-0.003919902258
0.0001227732282
0.0005077287788
-0.0002925436129
0.0008976522367
-0.003524884814
0.0007608481101
5.834270269e-06
-0.0004324624315
0.0006117075682
-0.001812750241
-0.004001460038
-9.054532711e-06
-0.0003381086863
-0.002312686294
0.0001125997806
-0.005357019603
-0.001675289124
0.007671334315
0.001418186352
-0.0006070522941
-0.001917632297
0.000754129549
-0.0003888718202
0.0008652792312
0.00434355624
0.002096713521
0.003256931435
-0.0004840189358
-0.003853025381
-0.001348207821
-0.002575642895
-0.0003755992511
-4.602329136e-05
0.005300061777
-0.00176681485
-0.0005722674541
-0.0008556420216
-0.001704651047
0.002707488136
-0.001277810661
-3.248732537e-05
-0.0002506045275
-0.003211610951
0.001438968698
0.001444840454
0.0001231646311
0.000116795025
-0.002148087602
-0.001695637009
0.001135129132
-0.0001615076326
-0.0002100899292
-0.0001408200333
0.0007234125515
0.001447460265
0.002052270109
-0.0001735327096
-0.0004375324352
2.500516166e-05
-0.0008383942768
-3.975836444e-05
0.0002248039236
0.0006024395116
-0.004565889016
-9.001407307e-05
0.001310593914
0.001229631365
0.0008270996041
-0.0001766830683
0.0001631261985
-0.0002371516166
0.0002087689791
0.00142035156
-0.000275240076
-0.001239444828
0.001589724678
0.0005142747541
-0.0001179873507
0.000952513481
0.0009539398015
-0.001129325246
0.0002925577573
-6.371038762e-05
-0.0001126249699
-0.0027472293
-0.0003191620635
-0.000451984175
-1.202342173e-05
-0.0002414332121
1.64955909e-05
-0.000372872164
0.0004122821556
0.0006650116993
-0.0003245440894
-0.002514001913
0.0002782744705
-2.315159145e-05
-0.0003560939804
-0.0001184061985
0.003208357608
-9.658558702e-05
-0.0002170368971
-2.775296161e-05
0.000619800936
