-0.1043927819
-0.05517937616
0.05752459913
0.07173252851
-0.07109981775
-0.01096401922
-0.08330317587
-0.0007455240702
-0.15735659
0.1140912101
-0.04791193455
0.08758448809
-0.03430986777
0.07538764924
0.01565142907
-0.1012891605
-0.04465038702
0.007921475917
-0.06286836416
-0.03021850064
-0.1041022465
0.04441747069
-0.03997369483
-0.0411042273
-0.003944538534
-0.03687207028
0.00641373964
-0.0667084232
0.1087400615
0.0314241685
0.05354433879
0.03500007093
0.0844258517
0.1123632565
0.08757419884
-0.09357635677
-0.0041118511
0.08880622685
-0.001225468586
-0.03393706679
-0.04620634764
0.003962581977
-0.1209347174
0.01593909785
0.1160535663
-0.05517520756
0.06203761324
-0.07796559483
0.1622202396
-0.07306355983
-0.1170522869
0.2851091921
0.02987684682
0.01220687479
0.007813367993
0.05171399564
-0.1268167794
-0.1024157777
0.03284110129
0.0248408746
-9.048473657e-06
0.1854612976
-0.01237289235
-0.04631809145
0.01263467968
-0.02067223378
0.07377996296
-0.008017416112
-0.02676989511
0.01600267552
-0.05249726027
0.004577800632
0.08209890872
0.05333245918
0.03922102973
0.05027270317
-0.02829464152
0.00851226598
0.02115368843
-0.05791524425
-0.02491826564
-0.02185865119
0.04534831271
0.006636879407
0.008734367788
0.03895520419
-0.03396617621
-0.02350960113
-0.01043011248
0.01401549578
0.04415472224
-0.01321447175
0.03467066213
0.009563237429
-0.0006709323497
0.01400337275
-0.01636405848
-0.01014737505
-0.03898185119
0.009607982822
-0.0003752026823
0.007109628059
-0.03620552272
0.04320202768
-0.05968253687
0.01608238555
0.01686294749
-0.02340914682
0.009590795264
0.01583281346
0.009662296623
-0.04318588972
-0.02242935821
0.01578159817
-0.00228158338
0.01858830452
-0.03263638541
-0.01621763967
0.01087288558
0.03489490598
0.02110450156
-0.05719539896
0.02043734118
0.01691009663
0.01792923547
0.03049201705
0.009983069263
-0.007523084525
-0.01037494466
0.07876060158
-0.01196695585
-0.02209859341
-0.007741142996
0.03658967093
0.05411520228
-0.0004735100956
-0.02998464555
-0.08001423627
0.1412184834
-0.1168904006
-0.1288581938
-0.1281559467
-0.006951642223
-0.005652535707
0.1058843061
0.007224697154
0.2234368622
-0.03927916288
-0.01735130884
-0.1088112667
-0.01681558974
-0.07043910027
0.03805556521
0.04904284701
-0.1303123236
-0.002463748213
-0.1013660505
0.01130031329
-0.07643351704
0.02324593626
-0.02183591761
-0.02998462878
-0.02710750885
-0.02413007803
-0.04986243322
-0.1130145565
0.009932350367
0.08327183127
0.02859829925
-0.01760585979
-0.05506972224
-0.009114752524
-0.1710280627
-0.02069311403
-0.08791138232
0.1111217141
0.1369256675
0.004802668467
0.07484667748
-0.1397185028
-0.08069556206
-0.05536740273
-0.08513602614
-0.01567376405
0.02304340899
0.0973014757
0.00866438169
-0.05986050516
0.02779817209
0.006066536065
0.03582232073
-0.198499918
0.02052790672
0.02531166375
-0.02066608332
0.03219882026
0.02772190236
-0.01921738125
0.06693014503
-0.03132796288
-0.05945051461
-0.04414657876
-0.02863452025
-0.03389633074
-0.001894480432
0.03547777981
0.003221395891
0.004861726891
-0.005160171073
0.01469955873
-0.004922495689
-0.04596098885
-0.04733063281
0.012668184
0.01919548213
-0.07086779177
-0.002361332998
-0.01903122105
0.007281152532
-0.01537756715
-0.01464508008
-0.00439622812
0.01438621897
0.01193527598
0.02460459992
-0.006219623145
-0.01109735854
0.004836809821
-0.06342958659
0.01700689085
0.01989012398
-0.02453693934
0.02471851371
-0.06251432002
0.01497972105
0.01053680852
-0.02066324465
-0.02518260852
0.0312535651
0.04015997425
-0.00084055349
-0.00858844351
0.00145459862
-0.03612780944
0.1185091659
0.03081087209
-0.0559448339
-0.04746095091
-0.04378296062
0.02776797302
-0.02417517081
-0.01718224585
-0.01208563987
-0.008923511021
0.0009299615631
0.06663896888
-0.08934883028
-0.0885848999
0.005099026486
0.1114818826
0.1120970845
0.08752005547
-0.1371081918
-0.1307649612
-0.00420997804
-0.232501328
0.09589575976
-0.08601774275
0.04932291806
-0.04564519972
0.008202071302
0.07657600939
0.1159042194
-0.1093413606
-0.2121246904
0.1030119732
0.09683308005
0.01430932619
-0.1167788282
-0.1266233474
0.0166562628
0.01288802363
0.122622408
0.1646624655
-0.1570465714
-0.100079
0.2071209401
0.08464957774
-0.01415861584
-0.05811249837
0.0596780628
-0.02467637137
-0.0313378498
0.2260663956
0.05334847793
0.07447351515
0.01825305447
-0.03083241545
-0.09136619419
0.08352418244
-0.0002239022724
-0.04160092771
-0.1055948138
0.2094597071
-0.1046883985
-0.09030538797
-0.04383090883
0.0745171234
-0.00565208355
0.194681108
0.02726697735
0.02231656946
0.04787732661
0.1211652532
0.03057266772
0.007094576024
0.03285799921
0.1646871567
0.05357861519
0.1086418256
-0.02839534543
-0.003037157934
-0.001648673671
0.01891901717
-0.00118533778
0.01378474105
-0.06482378393
0.06618407369
0.002901047235
0.04394356161
0.02280340344
0.02703373879
-0.002866674447
-0.009389669634
-0.01846644655
0.0851592049
0.02328717522
-0.01334735658
0.06873615086
0.01520826202
-0.02538598888
-0.05264092982
-0.03715720028
-0.004037826322
-0.007359918207
0.02012617141
-0.02051453292
0.01752844639
0.04954373464
0.01955003664
0.01971793175
0.01792861894
0.03528776392
0.003410275094
0.02532214299
-0.02435555868
0.02324923128
0.0003302403784
-0.01884556375
-0.00261576497
-0.02249856852
-0.03916488215
-0.01337906346
-0.002098381286
0.01688491367
0.03620753065
-0.0100404555
-0.01202888228
0.03071220964
0.06870342046
0.002385217696
0.006020532455
-0.07263018191
-0.03258000687
0.05806910619
0.02499162592
0.001439821906
0.02315920405
0.06694190949
0.1022455245
-0.04220951349
0.04034875333
0.001506526256
-0.02405348234
0.110462375
0.03301789984
0.06908186525
-0.03789727017
0.008261314593
0.0313664861
-0.06314153969
0.004813974258
0.1165490374
0.01205503196
-0.08528057486
-0.0249909237
0.007522939239
-0.07213463634
0.08544172347
0.05810108781
0.004152614623
-0.02440549806
-0.06944915652
0.07156073302
0.01264716964
0.01853731275
-0.002399108373
-0.003692621598
0.08851081133
0.07065828145
0.005515235942
0.1211060509
0.001748968498
0.006413147319
0.1713315099
0.04014362022
0.01341590285
-0.06250721216
0.02114288323
0.1399573833
-0.0147226844
-0.1163457409
0.08921505511
-0.05299348012
0.04218868166
-0.002156357747
0.05601467937
0.03416501731
-0.02087784186
0.0766030997
-0.1403928399
0.1639559865
-0.003872771282
-0.02110234089
0.05842599645
-0.01625084318
-0.2640587389
-0.1474052221
0.0317020528
0.04587335885
0.01971298829
0.07051251829
0.03392145783
0.08741112798
-0.01391861867
0.03969308361
-0.08646706492
-0.05840545893
-0.02217209153
0.001479245955
0.07207836956
0.02388006262
0.02322379686
0.01456142403
-0.02792185172
0.06233261153
0.06326624006
0.0596408397
0.03388798237
0.122520864
0.006056956016
-0.01162408292
-0.0168241486
0.03295844048
-0.01913534477
-0.03968222812
0.06738097966
0.0003975891159
-0.0199572593
-0.001909637474
-0.01625287719
0.001257925527
-0.02632400207
0.02086413652
0.03142048419
0.1143379882
0.02773181908
-0.01140518486
-0.004491677042
0.006723742001
0.0275316257
-0.01999212056
0.02521593869
0.03567072749
-0.005511498544
-0.01371307112
-0.03643527254
0.03317308053
-0.0357462056
-0.04078681022
0.002763515804
0.01208199374
0.03296073899
0.06495125592
-0.01755398139
-0.05115075037
-0.03397628292
0.04103133455
-0.01259249542
0.03592696041
-0.01960004121
-0.01686106063
0.03570222482
0.04376503825
-0.01686505973
-0.03137579933
0.1172326878
0.08626388758
-0.03971409425
0.01006596815
-0.01152638253
-0.01049844734
-0.2009427845
0.1952019334
-0.03305155039
0.135366261
-0.08912887424
0.1668594629
-0.01816044003
-0.01689091511
-0.04632904753
0.05545026809
0.03158739954
0.077076599
-0.1625957787
-0.1240547821
-0.1033666879
-0.03858222067
0.1100834087
-0.162893042
0.01304918528
0.002616490936
0.2206475288
-0.09457497299
0.05316291377
-0.1243636608
0.12451493
-0.1559845209
-0.2171323299
0.1322918534
0.006184758618
0.05755514279
-0.03008669987
0.08510155231
0.164609924
0.1295351386
-0.04582218826
-0.04138736427
0.132275328
0.163531065
-0.2515514195
-0.1738381386
0.1625322849
0.09607689083
-0.202177912
-0.004213034641
0.07101002336
-0.0989144966
-0.02546040155
-0.0912765339
0.1074187309
0.01838416979
0.1781404018
0.06986580789
-0.007211849093
-0.04658409581
-0.05136781186
-0.008323694579
0.02014563046
0.09533495456
0.1027361378
0.08352997154
-0.07844232768
0.03173303977
0.05356987566
0.01783140376
0.02105433494
0.03366782889
0.07880495489
-0.05512198433
0.02956398018
0.001376553788
-0.01143771224
0.1265918911
0.1184531376
0.05525079742
0.01076528057
-0.00570608722
-0.01288311463
-0.006654761266
0.02215913497
-0.1226889044
0.03030075505
-0.03469801694
-0.0003339861869
0.07150510699
0.1280879378
0.02999019623
0.00920760259
0.01413557492
0.04717353731
-0.01242702361
0.04647269472
0.02635489963
0.05991148949
0.007416844834
-0.0674277097
0.006800495088
0.06565288454
-0.006288905628
0.02599737979
-0.0874388963
-0.0004806595971
0.02906249836
-0.05460894853
0.06774467975
-0.003653279506
0.08988149464
-0.04012750089
-0.006974312942
0.1458262354
0.02742056362
0.04446681589
-0.02748017013
-0.004088218324
-0.04152476788
-0.04381057248
0.08292581141
-0.04422484711
0.00725425547
0.01481811423
0.006924599409
0.2198132426
-0.05503151938
0.1835227311
0.06807139516
0.0174763184
0.08767139912
-0.01190364361
-0.01901315339
-0.2122790068
0.107867755
-0.2141082287
-0.02826800011
0.1254571527
0.05434263498
0.1167264134
-0.2018963546
-0.1042114869
-0.2737978399
0.2254831046
-0.1054645032
-0.02057429962
-0.1193899363
-0.0728937909
0.04266298935
0.01301259175
0.06010022759
-0.05888105556
0.01047299523
0.1748543084
0.07920773327
0.04069006816
-0.1752155572
-0.021466095
0.02126750723
0.2234633565
-0.02924575098
0.06752038002
-0.1156031415
0.1537888646
0.07953800261
-0.06547062844
-0.03138494119
-0.08912678808
-0.06704004109
-0.1212858036
-0.0470870696
-0.0331803672
0.1462977231
0.1131238118
0.1289280951
0.1201503724
0.001347122947
0.006769680418
-0.1373757571
0.09165544808
0.2690291405
-0.0305958502
-0.05229219794
0.09690594673
-0.04201004654
-0.009097389877
-0.05861289054
-0.05564396083
-0.04650638252
0.01490497123
0.4266422391
-0.08323877305
-0.01611381769
0.05575461686
0.1651354432
0.1392408013
-0.02508827858
-0.01468566339
-0.00520891929
-0.1260864884
0.0005786794936
0.06028807163
-0.01454374101
0.07768444717
-0.04668774083
-0.06439870596
-0.1109583899
-0.01739634015
-0.06014147401
0.01166581456
-0.009845230728
-0.05288622156
0.02246776223
0.07872273773
0.03706769645
-0.05630589649
-0.02126370743
-0.03012796305
-0.06334801763
0.01433185767
0.01712374948
0.03676105291
-0.009250957519
-0.0393081978
-0.05615616217
-0.03905221075
-0.009419601411
0.02547966689
0.01416790672
-0.00996971596
0.004950742237
0.003291202243
-0.07290773839
-0.0237823315
0.007627466694
0.04457217455
-0.06828838587
0.07546689361
-0.03769176081
-0.005919606891
0.008480114862
0.0144137051
0.01527772006
0.01303489786
0.09977480024
0.05726890266
-0.006321600173
-0.0004703408049
-0.05370141566
0.02916653082
0.02481841296
-0.0695182234
-0.06651256979
-0.03806642443
0.1181462035
-0.06952214241
-0.07255025208
-0.02649338916
0.00511690136
0.02515505627
-0.01340282895
0.04700480402
-0.2559703887
-0.1137068644
-0.1750828177
0.07411773503
0.1589753777
-0.07121436298
-0.1181983054
-0.01586283557
-0.2308439761
0.2021687478
0.1014782712
0.1886651218
-0.1574712247
0.1086885631
0.1720810086
0.07716777176
0.02105785534
-0.1484684348
0.09753216058
0.1660773307
0.2436836809
-0.0007761599845
-0.1437556744
0.1381053478
0.2133751959
0.06585347652
0.06459201127
-0.2631556988
-0.1942059249
0.2086303532
0.0910834223
0.1119134873
-0.1072839499
-0.03787963465
-0.1101278216
-0.06189228222
0.1184941158
0.01099008229
0.1700125188
0.03621804342
-0.1379557997
-0.03343982249
0.1848551184
-0.01237693708
0.149992466
-0.1391893029
0.2492249459
-0.1896676123
-0.1846066862
-0.169487536
0.05130084977
0.1639328003
0.1807927936
-0.00603703456
-0.1312866807
0.3287207782
-0.08867992461
-0.1102015525
-0.2242136151
0.02753350884
-0.05601786077
-0.3024223745
0.1659533083
-0.1064153686
-0.01482771896
-0.2057742625
0.06487774104
0.0228938628
0.004196613561
0.06378922611
-0.01320267562
-0.01850138418
-0.05362372845
0.09355001152
0.2223789245
-0.007885652594
-0.01468044985
-0.07286056876
-0.1885864288
0.05349680781
0.02509068325
0.06079592183
0.002833276056
-0.1214249358
-0.1018132493
-0.008206448518
-0.03331998363
-0.05252616853
0.05408659577
-0.06820970029
0.1144546941
-0.06504507363
-0.003022695426
0.01409318112
0.007819623686
0.1197115406
0.009925726801
-0.05768061802
0.1509894729
0.02964838222
0.002698140219
0.06441199034
-0.08529046178
-0.00664237747
0.03873421997
-0.01472456194
0.06785740703
0.08766213804
-0.03430268541
-0.002433792222
0.05696994811
0.09511786699
0.1115384325
0.04879980162
-0.06525928527
-0.07833773643
-0.03535733745
0.01508061774
-0.03402950987
-0.1713587493
0.09604198486
-0.07017314434
0.02435500547
-0.1150272414
-0.0427518785
-0.0002507579047
0.001443331013
-0.08202219009
-0.01606474444
0.04910758883
0.1476105005
-0.1410048008
0.01271800976
-0.02363626659
0.008028298616
0.02638506889
0.1313193291
-0.1289713681
0.211981371
-0.06871068478
-0.01136206929
-0.1452364475
-0.008104777895
-0.1186969355
0.03576321155
0.0251661893
0.08450934291
0.132694453
0.05957951024
-0.203371197
0.0209287107
0.05881642178
-0.07033720613
-0.1858524978
-0.07062315196
0.09193884581
0.1373253912
-0.2489261329
0.04042630643
-0.002146218205
0.1599509865
0.1183933616
0.02369693108
-0.02565810643
-0.1708600819
-0.02231848799
-0.1567464322
-0.02408317663
0.1321268678
-0.2250190526
-0.1801541597
0.08955658972
-0.08829455078
0.3293782175
-0.2772052288
0.008389140479
-0.04853579774
0.03578558937
0.08026208729
-0.0670312345
-0.05667525902
0.1304830462
0.1371906251
0.1810543537
0.1738661528
-0.00805832725
-0.01891288348
0.128814742
0.09344787896
0.01312341448
-0.1986041516
0.006107981317
-0.03159935027
0.1249565929
-0.04761124402
-0.02239958011
0.0105299186
-0.05465091392
0.00890277233
0.07842428237
0.07478845119
0.01833149046
0.1535939127
-0.02359377407
-0.01611991785
-0.002284586662
-0.0455827266
0.009491097182
-0.02999003045
-0.01133169979
0.02406404726
0.125065282
0.05176169053
-0.03184607252
0.006292194128
0.03075438924
0.04919703305
0.05673978478
0.06436286867
0.05756508559
-0.05400060862
-0.06641796231
0.01164282206
-0.05800578743
-0.01202710904
-0.0536675714
0.01819005981
-0.01795827225
-0.005448659882
-0.06358852983
0.07458535582
-0.01697591506
0.1786877513
-0.007705606986
-0.04658899084
0.06244506687
0.02623775601
0.01616654918
-0.05543415993
-0.05246501043
-0.04108339921
-0.03638663515
0.1020984873
-0.04941290244
-0.01893212087
0.0301657021
0.05488568172
0.01364315301
-0.08208034933
0.001634120243
0.1048469916
0.03821214288
-0.004345830996
-0.004242128693
-0.03069690987
-0.1232251748
0.0837707296
0.02565496974
-0.05965095013
0.0536179319
0.09135626256
-0.0264456626
0.1250194907
-0.05273227766
0.04249195382
-0.00538358558
0.03288820758
-0.0149711119
-0.06267476827
-0.03321688995
0.0139118107
0.03680731729
-0.03253212944
0.08241325617
0.1037665978
0.1022271812
0.02763016522
-0.03133230284
0.01803909056
0.1052266285
0.02672486007
-0.07318931073
0.044628378
-0.0805496946
0.1225347966
-0.02329517715
0.07783250511
-0.02529752441
0.0462660417
-0.07927120477
0.1038637757
0.03809113428
0.001882036333
-0.02936526574
0.06881099939
0.06513796747
0.07196839154
-0.0002199398587
-0.05785107613
-0.1419070214
0.01358190645
-0.2003991753
0.08040820062
-0.1310309917
-0.007075352129
-0.03635171056
-0.02868668735
-0.2974227667
-0.1034317166
0.04384235293
0.05620582774
-0.0309633445
-0.06170146912
0.02277122624
0.04763014987
0.02561941184
-0.004593669437
-0.05091976747
-0.214735657
-0.009806788526
-0.01321673021
0.08281483501
-0.04820550233
0.03220678121
0.005204976536
0.004883628804
0.00410341518
0.05249816924
0.03087920882
0.007491064724
0.08694013953
-0.01061653718
0.007128760684
0.02900100872
-0.02344257757
0.02382634766
-0.02631545439
0.05356232822
0.00525008468
0.02376222238
0.03756890446
0.007543863263
0.008384540677
0.01684542373
0.04668580368
0.04329834133
0.1025297865
-0.001309475512
-0.01466776803
-0.03912472725
-0.008259070106
0.01318270992
-0.01885021105
0.01770362817
0.08187372237
0.01066036522
-0.01698620431
-0.0159576647
0.04093715176
-0.0002499388647
0.05224373192
-0.004418520723
0.01707201451
0.06195506826
0.0436270684
-0.01174759306
-0.02493304014
-0.04770483822
-0.01920008287
-0.03786347806
0.02605001628
0.003173118923
0.01720231213
0.01141394302
0.01345151011
0.07076580822
-0.05627887323
0.05028872192
0.07940761745
-0.007059941068
-0.01212321222
-0.01368678268
-0.02476402372
0.0006935599376
0.01185198408
-0.008452462032
-0.06507509947
0.04566411301
-0.008690437302
0.08020899445
0.01126109064
-0.1053861529
-0.09698030353
0.0896506831
-0.06981185824
-0.06173818931
-0.0749740079
-0.009485407732
0.02833884209
-0.005645154975
0.01236596983
0.1251244247
-0.05516522005
-0.08305025101
-0.02993717045
0.05923771858
0.003778419225
0.01249298267
0.02410818264
-0.1331310421
-0.05380965769
-0.009754573926
-0.04207616672
-0.02932691388
-0.02586449869
-0.09478791058
-0.04788514972
-0.02404439822
0.02046431601
-0.04376961663
0.04697806761
0.09794058651
0.06688895822
-0.06992939115
-0.02640151419
0.09663960338
0.05463986844
-0.03125014529
0.004659132101
-0.03645580634
-0.00699135568
-0.05669499561
0.008685825393
-0.04386684299
-0.1795415729
-0.005003047176
0.004906191491
0.03167596832
-0.01418267936
-0.003524835221
0.05838555843
0.03310310468
-0.1182014868
0.03097890317
-0.04272805899
0.02838850208
-0.02037324943
0.02909484319
0.02459575422
-0.06252029538
0.04588062316
-0.0268857535
-0.01584168337
0.05914252624
-0.04861468077
-0.07301706821
-0.08656474948
-0.04602888972
-0.1247513294
0.0009913534159
0.02373900078
0.01338882837
-0.02796605416
0.0002990729408
0.0405437313
-0.05674437806
-0.03523534164
-0.05622033775
-0.03215702251
0.02538922057
-0.05446662381
-0.0009940490127
-0.00103080133
-0.03748441488
-0.1224803776
0.00357541861
0.03471274674
0.04859992489
-0.005433911923
-0.01990652271
0.01711081713
-0.02252919227
-0.07474222779
-0.08723199368
0.02998517454
0.04101864994
-0.04582390934
0.02649185807
-0.08532167226
0.007607257925
0.01372441743
-0.04647443444
-0.04652667418
0.03863995895
0.06737440825
0.04438910633
-0.001515269629
0.02114361338
-0.06208037585
0.0676728934
0.0176085718
-0.05155117065
-0.07046347111
-0.07663290203
0.07516235113
-0.09370370954
-0.08040632308
-0.003748952644
0.005124652293
0.01539310068
0.07080439478
-0.07938684523
-0.03142246604
-0.04976493493
0.03823223338
0.05332396552
0.002637225669
0.02158534341
0.1147758886
0.1462947577
0.1455236822
-0.02443723939
0.02292246558
-0.2142370343
0.003405313473
-0.1386472434
0.08799052238
-0.06559403986
0.001407524222
0.02488536015
0.07032398134
0.1677569896
-0.07752608508
0.01011135336
-0.01387638599
0.004304355476
0.0425458774
0.04437609762
0.0903615877
-0.1715346724
0.02608872764
-0.07592715323
-0.02706408314
-0.04953862727
0.01703619212
-0.01960178465
0.02614007518
0.09297991544
-0.008246578276
0.09330572933
-0.06385049969
-0.04635455459
0.07852475345
-0.005161824636
-0.08433403075
-0.004994960967
-0.1406487525
0.141435951
-0.1816946566
0.01615348086
0.0108635705
0.03330108151
0.2691014707
-0.1353868991
0.1218086481
-0.01995721087
-0.02813931182
0.09644712508
0.05612833798
0.025762273
0.0867914483
0.11051853
-0.07662826777
-0.08968502283
-0.0218604859
0.01409959979
-0.01714444533
0.04051730782
-0.01448631752
0.006294001359
0.008462714031
-0.02678994462
0.01026099734
0.09720582515
0.04920105264
0.008778449148
-0.05819628388
-0.0002127694024
-0.01124876086
-0.02439433523
-0.03891110048
0.0002143473539
-0.01673812047
-0.05504627898
0.03254247084
0.05962313712
0.02341966517
0.000487822399
0.05793726072
0.009698027745
0.005210289266
0.04858944565
0.005386153236
0.006984637119
-0.0403973721
-0.04861258343
-0.01609109528
-0.03733482584
-0.01520647481
-0.01177097112
-0.05299232155
0.01904276013
-0.02219679579
0.0009022553568
0.02398569323
-0.02570694499
0.05010642484
0.00209619361
-0.01783231273
0.06528097391
0.01178182475
-0.01059010066
-0.04177969694
-0.02156902291
-0.04475319758
-0.02886255272
0.07476013154
-0.02995167673
-0.0182452742
-0.005234125536
0.03508494422
-0.007868854329
-0.06152505055
-0.003974482883
0.003582860576
0.03020515852
-0.03548955545
0.0002268234821
-0.02490307577
0.09007417411
0.1254491657
-0.0150534343
0.1722342819
-0.1414366215
0.09582909197
0.09188701212
-0.08230164647
-0.09832066298
-0.2373408824
0.1429371089
-0.02299129032
0.1150544286
-0.2596544325
0.06581891328
0.07299108803
0.1018614396
-0.04897560924
0.1725027859
0.1918534636
0.1119161695
-0.1511242986
-0.2105554938
-0.08850746602
0.1481392682
0.0591394417
-0.2898500562
-0.05919108167
-0.001437874977
0.035510052
-0.04139933735
0.0741481632
-0.1515026093
0.01517729647
-0.04333959147
-0.09060386568
-0.01970554516
0.2547339201
-0.04639091343
0.1746261865
0.09541707486
-0.0286050085
-0.1423806995
-0.009073794819
0.02320127562
-0.1177325696
-0.1294355989
0.06598763168
-0.0821486488
-0.0926271081
-0.05446625873
-0.06867498904
0.04327740893
0.05904076621
-0.02264436893
-0.04066614807
-0.0463966094
-0.0368347615
-0.00770124374
-0.1847414076
0.1291817874
-0.17041789
0.1365294009
-0.18260701
0.02826009691
0.02231922373
-0.06412386149
0.02390244231
0.01824256405
-0.03707313538
0.1036685705
-0.09579516202
-0.097329624
-0.1044488773
-0.05706546828
-0.06868396699
0.010095709
0.0296740327
-0.01943641715
-0.04300194234
0.05967446044
0.04812328145
0.02647111751
-0.02441006154
-0.02056905814
-0.01983067393
0.02787552588
-0.06518167257
0.03552215919
-0.01611488126
-0.01937814243
-0.09699382633
-0.03273441643
0.009366223589
0.03401648626
-0.003680227557
-0.01294113882
0.0054700654
-0.01379680354
-0.01904627308
-0.02531473339
0.02641959116
0.04225099832
-0.02783590183
0.05240333453
-0.05473693833
0.008120531216
0.01416047476
-0.01832606271
-0.05715304613
0.04486963525
0.1138700321
0.05863009021
-0.04644053429
0.004112309776
-0.0834761858
0.1084516495
0.04356798157
-0.06475917995
-0.06599863619
-0.0157506559
0.09735679626
-0.09734879434
-0.06709772348
-0.01836762205
0.008873210289
0.01441961806
0.05479612201
-0.1199305877
-0.1743558049
0.005475440994
0.1580239087
-0.141050458
-0.1284194887
0.01450708881
0.1249930263
-0.04519417509
0.2122525275
-0.1286225021
0.09919343889
-0.2569161654
0.1629059166
-0.2098979354
0.006815705448
0.01468036976
0.08756619692
0.04051543027
0.01627983525
-0.1695567518
0.2218949944
-0.3568959832
0.08307760954
-0.031909924
0.06377312541
-0.05780329555
-0.01665100269
0.01672483049
0.09538453817
-0.08774325997
-0.04806385189
-0.09842417389
-0.08202501386
-0.007778640371
-0.1694992036
-0.01897201687
-0.1252954304
-0.1315942258
-0.07941962034
-0.01520917937
0.07358232886
-0.06203969941
-0.1888974458
-0.02053687535
0.07044244558
0.02016126178
-0.3010893166
-0.1507979482
-0.0089319814
-0.1288297623
-0.03029927611
0.1101729199
0.1244216785
-0.04444491491
0.01705005765
-0.04105699062
-0.2178032547
-0.04862226918
-0.103844434
-0.1691163927
-0.02161470056
0.2318274379
0.1604750156
0.07642307132
-0.006745642517
0.05193917826
-0.0147002209
-0.09445217997
-0.01559471525
0.01836249046
-0.1150429174
0.02210543118
-0.02395723201
-0.02330504172
-0.05385506898
0.001440689899
0.02875227667
0.04852337018
-0.07704623789
-0.04157973081
0.02051799558
-0.06076885015
-0.01640043035
0.01174115203
0.07781263441
-0.0002812967286
-0.03546471894
-0.001239805133
-0.004653101787
0.05795250461
-0.0907779932
0.008468263783
0.01339679025
-0.0002905489528
-0.007986316457
-0.06753206253
0.005944297183
-0.07157790661
-0.01952687278
-0.04087695479
0.01275702007
-0.01501439977
0.03180309013
-0.06720013916
0.02958709747
0.01106469613
-0.004440799821
0.02174019627
-0.07074196637
0.03595527634
-0.01516647823
-0.02651502937
-0.05255367979
0.01869575121
-0.01935748197
0.0569075048
0.02811484411
-0.05946516618
-0.01393789891
-0.02458214387
-0.04222172126
-0.08474178612
-0.09862505645
0.04145482555
-0.01153089758
0.0145833483
0.04011014849
-0.1203954443
-0.1480434239
-0.06965628266
-0.03329388797
0.1148569658
0.05564660206
-0.02701223269
0.1378031224
-0.006167284213
-0.211031571
-0.2873452902
0.003114247695
0.05550878122
0.2328325212
0.254976064
-0.07171234488
0.1473341733
0.1196637228
-0.2855612338
0.01674770564
-0.08367285877
0.2858635783
0.06878866255
-0.02161054499
-0.06169119105
0.005764605943
0.268507421
0.05607900769
-0.1295633316
-0.0664890632
0.2570398748
-0.01597749628
0.1526862979
-0.09469649941
-0.1583565176
-0.02120696194
-0.09443487227
0.08899112791
0.1504475474
-0.2376341969
-0.03715955094
-0.0527141653
0.11556454
0.1119329706
0.2256096452
0.08279199153
-0.1623919457
0.1175143793
-0.06284413487
-0.1439673305
0.0009169877158
-0.09256682545
0.1709268242
-0.1373619288
-0.2785977125
0.04919424653
-0.141108796
0.007639733609
-0.09903968871
0.16541861
-0.07837226242
-0.02583213896
-0.214402616
0.1413739622
-0.05005361885
-0.07726516575
-0.06729519367
0.007089845836
-0.09099208564
0.03384243697
-0.05620129779
-0.01098875422
-0.03795642033
0.02595053241
-0.06997580826
0.009479283355
-0.04413473234
-0.03604163602
-0.01832943782
-0.0123235425
-0.04241798818
-0.03062826581
0.06234694272
-0.01899611391
-0.1212373152
-0.06497380137
-0.01317475084
-0.0002121911966
-0.05724361911
0.0002772266162
-0.06468313187
-0.09642311186
-0.01629590429
0.004997867625
0.04550594836
-0.02003487572
-0.01569524594
-0.01247525681
0.05545365438
-0.07268986106
0.06572167575
-0.03709838539
-0.03378853574
-0.01314341184
-0.1263442934
0.04030775279
0.02207348123
0.02189703658
0.003816595068
0.02876175009
-0.07324668765
-0.03436465934
-0.02545809187
0.08190698177
0.04327758402
-0.08246773481
-0.04946859553
0.01876486465
0.1061175317
0.06096171215
0.03634873778
-0.04232297093
-0.09719242901
0.01617695391
-0.05011488497
0.05497897044
-0.04247406498
0.03727428988
0.1026954874
-0.06055356562
0.06167292967
0.002646695822
-0.03590003401
-0.1234416068
0.01953428052
0.09124623239
-0.1614984572
0.01383356005
-0.09839065373
0.04890738055
0.02171304822
0.1385211498
0.09151616693
-0.04430887848
-0.03333378583
-0.03532822058
-0.03598029912
0.07948418707
-0.2665604055
0.1183519438
0.03364660218
-0.02179392613
-0.08502411097
-0.2642244697
-0.06717865914
-0.2213169336
-0.001615428948
0.04831715673
0.06286619604
-0.1054968908
-0.05180816352
0.07898013294
0.2905103564
-0.002593281446
-0.1820704788
0.04290425777
0.09502612799
0.07949479669
0.01094856858
-0.123283118
-0.1402330399
0.02827342227
-0.01562491804
0.06661666185
0.008453149348
-0.09541649371
0.2095957249
-0.1523156315
-0.1239406094
0.07901833206
0.003004713682
0.1330871582
-0.01334876753
0.03929665685
-0.1890069842
-0.3062179983
0.103951633
-0.05086058378
0.04743561149
-0.04731528088
0.09478743374
0.06065728888
0.02843374759
-0.01140180323
-0.01449565683
0.05307216942
-0.05149796978
0.0008328750264
0.007022671402
-0.04678979516
-0.01983523183
-0.001763783279
-0.01529201679
-0.01355886552
-0.004254546016
-0.008212170564
0.01872679219
-0.01606506668
-0.03938676044
0.00615108246
-0.01615817472
-0.03250690922
-0.02748878114
0.03762264922
-0.01608627662
-0.02490644529
-0.03682637215
-0.003811904462
0.009025207721
-0.09817028046
0.01696333848
0.04532264546
0.02654256299
-0.007424942683
-0.05608849227
0.007540898398
-0.02827080153
-0.05592588335
-0.001823413069
0.01109499019
-0.01140164863
0.004656357691
-0.05583619699
-0.04931846634
0.009322201833
-0.002523583127
-0.03168452904
-0.06342338771
0.03419020027
-0.001981131267
0.001521737897
0.005611011293
0.02029236034
-0.02813328244
0.05376064777
0.02388050407
-0.01800081693
0.01832065918
-0.01167523116
0.01532401517
-0.06397815794
-0.04983600229
0.02378612384
0.006141877268
0.005387936719
0.04845412821
-0.2719385624
0.1193516329
0.08507093787
0.05008065701
0.05499608815
0.07666765898
-0.05085767061
0.0664563179
-0.1395614594
0.1860738993
-0.008049871773
0.01446002722
-0.07695180178
-0.1588673145
-0.05419559404
0.1040645465
-0.03585563973
-0.09754668176
0.1681344807
0.1034630015
0.1200556681
-0.2444395274
-0.01746348105
0.06815806776
0.01608724147
0.1922439337
-0.1125796065
0.1843379587
-0.2099927813
-0.1345992088
-0.05222404376
-0.03024414182
0.04102925584
0.04505924881
-0.09018053859
0.08457502723
0.1332487613
-0.04920712486
-0.2241506726
-0.106610842
0.02595948987
0.1031980291
-0.06944306195
0.001194119686
-0.1704889238
0.1305785477
-0.2516402006
-0.03364666551
-0.03701884672
0.05519369617
0.1554654837
0.07844279706
-0.3578113616
-0.351254195
0.02316507511
0.1057340726
-0.1357844472
0.0681502521
-0.000787437486
0.1910601258
0.1002391279
0.1515170336
-0.1060798764
-0.2578875124
-0.01349278353
-0.008223775774
0.1797369123
-0.05573379248
0.01986249909
0.01170698833
-0.01666449755
0.007663763128
-0.01562656462
0.1050080433
-0.01391964965
-0.05249235034
-0.01188456733
0.01385646593
0.005717131309
0.01057910733
0.02303672209
-0.0451030843
0.0892809853
0.06664780527
0.06191797927
0.06462017447
0.0008598079439
-0.01124425605
0.05670109019
0.07566715777
0.03561251238
0.1365280449
0.02317918465
0.02172358707
0.005893289112
0.0001024418307
0.05850169435
0.001843669801
0.06498752534
0.03697602451
-0.05869862065
0.0317847915
-0.05534143373
0.1046826988
0.00552087184
0.08144858479
-0.04128112644
0.04128043354
-0.05122325569
0.05217521265
-0.008138211444
-0.07015945017
-0.08826573938
-0.02950503118
-0.04274971038
0.09260243922
-0.004267587792
0.0443645604
-0.01143046282
0.01983312517
0.1096300632
-0.07923139632
0.1771680862
0.1343163401
0.03874572366
0.1113711596
-0.01197062805
0.00351794879
0.4034704268
-0.05365101993
0.002712846966
-0.1015902609
-0.07674529403
0.1388099045
-0.01438284479
-0.2874791622
-0.05267331749
-0.2787186205
0.2462288886
0.1240081117
-0.04798572883
0.05965700373
-0.05697436258
0.1102244332
0.0896159187
-0.06296350807
-0.03504319489
-0.07264536619
-0.04448690638
-0.01120406855
-0.03208648041
0.04982937872
0.09556739777
0.2676097453
-0.05371256173
-0.02131147496
0.0007070011343
0.07882425934
-0.03164955229
0.08911965042
-0.02559716068
0.180701822
0.05484847724
-0.01141312253
-0.1599899232
0.1223589182
0.2558815181
0.07369108498
0.1506258547
-0.2015945166
0.08262196183
0.02481891215
-0.006336976308
0.09141283482
-0.05868924037
0.1207358316
-0.1589295119
-0.1441597939
-0.01763388701
0.001847637002
0.005576807074
-0.04624852911
0.08343844116
0.05130637437
0.04058763385
0.05359745398
-0.1205270737
-0.1030646712
0.014074523
0.1516504586
0.01414870005
0.324639827
-0.06533526629
0.02488688938
-0.1974820644
0.04537110776
0.04487616941
0.009978055954
-0.0119745601
-0.03447309881
-0.03736133501
-0.01251788717
0.007660005242
0.05536686629
-0.039971333
-0.00129455456
-0.06090860441
0.06912967563
0.04167400673
0.01583950967
0.03111248277
-0.01522631105
-0.1145486981
-0.06688839197
0.01618782058
-0.008972773328
-0.03900740668
0.0005678595044
-0.03884888068
0.1041475981
-0.03773672134
0.008525434881
0.05744672194
0.03081659414
0.02147543989
0.01901005767
-0.03171057254
0.06828196347
0.08734934777
0.01270412747
0.02799001895
-0.1051780954
-0.08553933352
-0.01261415053
0.02281955816
0.03131177276
-0.1736074239
0.04245821014
-0.015744932
0.05330787972
0.07171162963
0.1031280681
0.009656052105
-0.09737886488
-0.01394177414
-0.005013873801
-0.0858335197
-0.02220783755
0.1463511884
0.1068548188
-0.07124189287
0.0166418422
-0.06641050428
0.03820097446
0.004553534091
-0.04568302259
0.02449443378
-0.1043122485
0.06080260873
-0.09399745613
-0.0344954133
-0.1731596291
-0.1675372422
-0.1243032962
-0.1516993791
0.1242563725
-0.1315530539
0.1324311346
0.1293805391
0.1106673405
0.1356834322
-0.04804640636
0.1820727587
-0.03003553487
-0.05613067374
-0.179747045
-0.1953033358
0.04765940085
-0.0008139821584
-0.1002418324
0.1650394797
0.00376171316
0.003407830372
-0.267685622
0.1259097755
0.0111133391
0.2125933021
-0.1262039095
0.06944340467
0.07845523208
-0.05493301153
-0.02086955309
-0.09970488399
0.1757608652
-0.1159994826
0.01652583107
0.0285070911
-0.1430662572
0.09535614401
-0.05685890466
-0.1196851954
-0.006189857144
0.1291689873
-0.1238576472
0.04408936575
-0.04982540756
-0.09914188832
-0.05013440549
-0.06811093539
0.2107949704
0.1393609494
0.02417042479
-0.1661242247
-0.2199230045
0.05843764916
-0.1427027732
0.02602729388
0.144514814
-0.08304770291
0.09756331891
-0.014450619
-0.007137361914
-0.02002219856
0.0360564515
-0.008120256476
0.009207956493
-0.05751222745
0.0001403015922
0.004050764721
0.03216461465
0.01461115945
-0.05575694516
0.002174393041
0.008933469653
0.02343932539
-0.09689459205
-0.04624116421
-0.008749155328
0.01634565555
-0.01503959391
-0.09559099376
0.01925522089
-0.02519019507
-0.01482390892
-0.05636323243
-0.01265336294
0.01360500883
-0.1254869252
-0.04183521494
0.03723748401
0.0274288971
0.001179821324
-0.04040173069
-0.009426523
-0.008372636512
-0.03309169039
0.02067367733
-0.03185784072
-0.01691805571
0.005518330727
-0.0477640368
-0.0393461138
0.039328143
-0.01324372645
-0.02068372257
-0.006164460909
-0.06574413925
-0.0268960204
-0.04098591581
0.02611881122
0.02497768402
-0.07403126359
-0.01029993035
-0.0410835892
-0.03121648543
0.06003915519
0.01483178418
-0.05031797662
-0.1005837694
-0.03320646659
-0.004308492877
0.001713558566
-0.01789493859
-0.005943937693
0.04684299231
0.06850492209
0.07404313982
-0.06076327339
-0.01692325249
0.05544753373
-0.07652361691
0.1720762104
0.1764453202
0.01401937567
0.01485197619
-0.02823006548
-0.06221008673
-0.03663408011
0.099083893
-0.01605807617
-0.08509628475
0.1421993971
-0.02772178501
0.05384777486
0.1423378885
-0.05246129259
-0.01456102543
-0.02570924722
0.08254680037
-0.04032843933
-0.07143652439
0.2823040783
-0.1596888751
-0.1225675941
-0.02560560219
-0.002637038706
0.06747467816
-0.02694927342
-0.05456944555
0.02313297987
0.1763546765
0.1178107038
-0.1196007878
-0.1052093431
-0.02406484261
0.05066807568
0.03500089422
-0.04496700689
-0.02547834627
-0.02547572739
-0.01374455262
0.04440958425
0.05540243536
0.00692318147
0.04336741567
-0.03382349387
0.1005041897
-0.01529524289
0.08711249381
0.03071716987
0.1254808009
-0.03075035661
-0.03685488552
0.1095321476
-0.06024809927
0.0278470777
-0.1203032881
-0.03023493476
-0.04326240346
-0.007509053219
0.08595944196
-0.05148954317
0.103307046
0.03120199405
-0.02956124581
0.07415558398
0.07505108416
0.06673782319
0.03500410169
0.06131748483
0.01253213547
0.01208439004
-0.0008907124284
0.1593258083
-0.024607094
-0.04845676571
0.05595086887
0.01133049186
0.04937274382
0.02355079353
0.006729673129
0.03156054765
-0.01687619463
0.02472353354
0.04420199618
0.1525495052
-0.03630849347
-0.04633807391
-0.05709544942
-0.01764230058
0.06872455776
-0.03775442019
0.02793732844
0.09466863424
0.07364460826
-0.05304234102
-0.02659587562
0.03772011027
0.001362615381
0.1295448393
0.0002431275934
-0.01307169162
0.07220674306
0.0977781266
-0.04208941385
-0.05750678107
-0.04201209173
-0.00579251349
-0.02604096197
0.04669656232
-0.03760163859
-0.02689874545
0.04005419835
0.05466087908
0.1017280668
-0.07120144367
0.1373841614
0.09266059101
-0.007037892938
-0.03655744717
-0.05389261618
-0.02956949547
-0.0245146323
0.02230911516
-0.01178976893
-0.01565694064
0.01360178087
0.08331809193
0.03413776681
-0.01253621746
0.246625483
-0.06032307819
0.1040682122
-0.07803902775
0.0003077282163
-0.08491414785
-0.1980471015
-0.007071409374
-0.01904736832
-0.06474808604
0.05997559056
0.07518560439
0.3393746316
0.05750929564
-0.00204979023
4.078254642e-05
0.1701393425
-0.07573329657
-0.1358263195
0.089560844
0.03335720301
0.01617502794
-0.04023142159
-0.005512629636
-0.09516786784
-0.01400812902
0.01416967623
-0.02944174968
0.05648674443
-0.1170102134
-0.2608589232
-0.06337715685
0.04230120778
0.03705948964
-0.1116213277
0.05003575981
0.0134568112
0.03641481325
0.0006312598707
0.05722702295
0.09505447745
-0.07946009934
0.171426177
-0.08681225777
-0.1269349009
-0.05036504194
-0.06219615787
0.04042427987
-0.0007312617381
0.1920121461
0.04837904125
-0.07093758881
0.09412072599
-0.06872043014
-0.1806492507
0.03869374096
-0.007221523207
-0.02197316848
0.07126501948
-0.0521697849
0.05034708232
0.008084203117
-0.01128430013
0.03285823762
0.08141420782
0.03806003928
0.01450351998
0.01971278526
0.004270818084
-0.001461932436
-0.006157878321
0.03769591078
0.02164446004
-0.02919653058
0.0345688276
0.03825622424
0.07496175915
0.01243405789
0.0110285664
0.06512313336
0.01605221629
-0.01981232502
0.0324595347
0.1030530781
-0.004374699667
-0.04685915262
-0.04965403304
-0.01334802434
0.09522338212
-0.02909252234
0.01080795284
0.03109360673
0.01341804117
-0.02754573151
-0.0173291415
0.03259688243
0.02113584243
0.09610653669
-0.03225781396
-0.007453549653
0.09235817939
0.06448137015
-0.01725819707
-0.02517574281
-0.007846479304
-0.03429244086
-0.03076745011
0.04706340656
-0.06569185108
-0.02585573494
0.04907390475
0.003690002952
0.175375104
-0.01718618721
0.08795727789
0.1559753269
0.00903964974
-0.009802685119
-0.02915417776
-0.04889921099
-0.1109756008
0.1364478022
0.09419630468
0.05825098231
0.03753546625
0.07046640664
-0.05762554333
0.01401188038
0.05114957318
0.02654943056
0.01581357419
-0.0132682398
-0.1039350852
-0.1402158737
0.1350736618
-0.02673635073
0.04255067185
-0.02167670242
0.06018320099
0.06375601143
0.09380631149
-0.04159577191
-0.1000968814
-0.07721853256
-0.06002808735
-0.05180132389
-0.1266596317
0.1843588799
-0.1956647933
0.131107375
-0.1073186547
0.09764014184
0.09362493455
0.003718483727
-0.1026493609
0.1005653068
0.04350777715
0.0913959071
-0.05245351791
-0.05565388873
0.001105888397
0.01273000799
-0.03354146704
0.02407436259
-0.1421991587
0.0318682231
-0.1214064211
-0.01113892999
0.1172248125
0.05483249202
0.1504639387
0.02616793104
-0.1334295273
-0.227628395
0.005129629746
0.0420085825
-0.04416894913
0.004496299196
-0.03790455312
0.1507458389
0.005784879904
0.04918218032
-0.04603773355
-0.3189363778
-0.00638361508
0.01506197639
0.06533207744
-0.02173754014
0.04009234533
0.009307296947
0.01712764613
0.02152615972
0.03171269968
0.05827992782
0.01626522839
0.03575901687
-0.007068144158
-0.003994122148
0.01990348473
0.02232999168
0.01019070391
-0.02677832171
0.06956917048
0.005626694299
0.02826248668
0.0420111008
0.0003811018832
-0.0455262661
0.01955054142
0.0438005887
0.04795781523
0.1208657026
0.00688812742
-0.003730993718
-0.02228851803
0.01720059663
0.03604067117
-0.007514113095
0.02377591468
0.06046368554
-0.001275440562
0.001846907428
-0.03125949949
0.02414276637
-0.02090698294
0.02223405428
0.0004489320854
0.01793160103
0.01800182834
0.03669076785
0.002500361064
-0.04624699056
-0.05002102628
-0.01132585388
-0.02434341051
0.04115509987
0.03487241268
0.02434090525
-0.0004629653995
0.008763316087
0.03857645765
-0.0438042134
0.05193910003
0.109266445
-0.004682511557
0.008312713355
0.001024486497
-0.01550517883
0.03258309886
0.0666462779
-0.01649803109
-0.1049635783
0.08265990019
-0.01047527418
-0.0823950842
-0.04305074736
-0.1124063358
0.1409447938
-0.01601520739
0.09871313721
0.02964043431
0.02831112221
-0.2681813538
0.1390922517
-0.1285851747
-0.1958364099
-0.03283729404
0.1112268642
0.1723171771
-0.05737889186
-0.03682271764
-0.06228936091
-0.1097786874
0.03708833456
-0.03504291177
0.2348393798
0.3835232854
-0.2648032308
-0.02632467635
-0.1386321038
0.08580475301
0.06953565776
-0.05140767246
-0.1030576006
0.07707349956
0.2512412965
0.01767675951
0.152235657
-0.1055024937
0.1548503637
-0.134692505
-0.2666380107
0.2277710736
0.1012209654
-0.03315423429
-0.1288101971
-0.005278381985
-0.04971933365
-0.1152458936
0.1020194963
-0.2092155069
0.06782978773
0.01128870994
-0.003031818895
-0.1613499671
-0.1625851244
0.03709826618
0.02337012812
-0.1157933623
-0.007434082683
-0.1656189412
-0.06404079497
0.02301360294
-0.05984758213
0.1527357548
-0.06798176467
-0.01158308424
-0.05723844096
-0.07151705027
-0.02108025178
0.08842395991
0.05583985895
-0.05863615498
0.06241784245
0.007413279731
-0.01454694662
0.004431409296
-0.00721013546
0.01209515613
-0.05338126794
0.01242090203
0.1338637918
0.1325081885
0.04119104892
-0.01190883853
0.118365027
0.03482063115
0.02359897271
0.04347474501
0.08968867362
0.07492163777
-0.03813350573
-0.07965323329
-0.04102347791
-0.01066682488
-0.0138132656
0.01753326133
0.1273343563
0.03610158339
-0.01391368546
-0.03370634094
0.1235689595
-0.0513452813
0.1294188648
-0.01537651755
-0.007067013532
0.02541463077
0.02561716735
0.009974125773
-0.1027353406
-0.01757018082
-0.1098401099
-0.04469439015
0.1192033067
-0.1154027358
-0.02772065625
-0.01042945776
0.05795991793
0.1003069952
-0.1227796823
-0.02523875423
0.09015978128
0.03750926629
-8.499973046e-05
-0.02867888473
-0.03459084406
-0.1572790891
-0.2072565109
0.1033700407
0.01356214657
-0.2403708249
-0.1794521511
0.04550822452
0.1284862906
-0.06644022465
0.2355751544
-0.04177262262
-0.4312193692
0.07658024132
0.08740512282
-0.1543795466
-0.1471610814
-0.08391879499
-0.001442637527
0.2612878978
-0.07935937494
-0.222226575
0.2695333362
-0.02328158356
-0.1294979602
-0.1022326052
-0.04221308231
-0.05958334729
-0.1132608131
0.1040437892
-0.01840588264
-0.02886831574
-0.1900143623
0.03137439489
0.2880928516
0.01222849078
0.03037101962
-0.03657138348
0.2366638631
-0.3060991764
0.05353563279
-0.2332533151
0.05216025189
-0.188935563
-0.04954190552
-0.01611984894
-0.07596787065
0.01994285546
-0.558450222
0.04358161986
0.121923402
-0.09214490652
0.1224872023
0.1082713231
-0.06086167321
-0.1426765025
0.03832033277
0.02665422857
-0.07260907441
0.2285184562
-0.1718110442
-0.04471845925
0.3360774219
-0.05009668693
0.00558486348
0.04403701052
-0.07165783644
0.2029509991
-0.05777832121
-0.2007993907
-0.05353274941
-0.02388097718
0.0533108674
0.03333716094
0.08443035185
-0.0567182973
0.04347876832
0.001553417649
0.02311124839
0.05946887285
-0.2133991271
-0.1154552624
-0.04939540476
-0.07956178486
0.07301042229
0.08540750295
0.1153987125
-0.01289414521
-0.05052114278
-0.0172859244
-0.002773232991
0.09660523385
-0.0005102282739
0.1040703803
-0.0143851405
-0.0433993414
-0.02867703885
-0.02712826245
-0.0141165806
-0.03258780017
-0.1715349406
-0.09108724445
0.01102651283
-0.06094827875
0.1021134034
-0.1638214737
-0.02129665762
-0.04730178043
-0.0195891764
0.06271314621
-0.05063213781
0.07369622588
-0.0771671012
-0.1005514115
-0.09615667909
0.01815110445
0.08979307115
0.05431589484
0.07632635534
-0.04535439983
0.01753913052
0.06780147552
-0.1436460316
-0.02459641732
-0.01477805525
0.05660979077
-0.07830171287
0.00132425339
0.1514001489
0.06678957492
-0.03199303523
0.07727283984
0.03127596527
0.01234315429
0.001616564696
-0.05189252272
0.03716948256
0.01646384038
0.04110822082
-0.05852802098
0.0853041485
-0.007738486864
0.01359169558
0.06841055304
-0.0553470552
0.04146075621
-0.007331836969
-0.1091522947
-0.0183290001
0.07351389527
-0.006436026655
-0.01138764434
0.04795884341
-0.006588019431
-0.044290144
0.004836346023
0.1248623356
0.015497135
-0.007947644219
0.004022020847
-0.01362336241
-0.04662389308
-0.007838369347
0.01326410379
-0.005171551835
0.06262625754
0.0002639762242
0.05599123612
-0.08715170622
-0.0004058849299
0.02284808084
0.0161041785
-0.01022698171
0.1000282541
0.01665852033
-0.02791916952
-0.02633749135
0.05733769014
-0.01605976
-0.00443773251
0.01275230665
-0.0229299888
-0.08033091575
0.08202703297
0.04571131617
-0.0296374131
0.05623560771
0.000237773871
0.06869459152
-0.02556809038
-0.03311485052
-0.08500359207
-0.09693505615
-0.01872766018
-0.03161834925
0.1019268185
0.01024447475
0.01045160461
0.01196580194
-0.03804048151
0.06653676927
0.1008511111
0.0526349172
0.01289848145
0.08882408589
0.02302973717
-0.0265014749
0.006041092332
0.02134105749
-0.03895813599
-0.04617807269
0.05191109329
0.01555850077
0.03322968632
0.006019786466
-0.01894151792
0.08089403063
-0.04988319427
0.02624415606
0.01244194619
0.1204354018
0.04018639773
-0.01096128486
-0.01445329376
-0.0218689926
-0.01914196648
-0.02702181228
0.03377795219
0.04651290923
0.05660459399
-0.02941129357
-0.03397338465
0.05157186091
-0.03947955742
0.02126758359
0.006598918699
0.003789736889
0.05106168613
0.04688021541
-0.005962421186
-0.05370418727
0.006557145622
0.03255021945
-0.004939901177
0.0522079505
-0.04027459398
-0.002909113187
0.07085447013
0.07464516163
0.06432639807
-0.02184131928
0.09120626748
0.09284004569
-0.01569224149
-0.008039565757
-0.0325146988
0.004289309029
-0.06516081095
0.07358343899
0.04251466691
0.0005003486876
0.02965001203
0.03929179907
0.03403949738
0.07532304525
0.001071312116
0.1161060557
-0.08312159032
0.1300389022
-0.09528195858
-0.06664282829
0.06816998869
-0.05497301742
-0.07239488512
0.07384634763
0.1690549999
0.1662399024
-0.06728418171
0.009386246093
-0.04079476371
-0.0575199984
0.1747868955
0.09482280165
-0.02168950811
0.09374971688
-0.2266788334
-0.02600098774
0.1246740893
-0.005794686731
0.2276366651
-0.05250431225
-0.08936796337
-0.04397795349
-0.06124395505
-0.08492031693
-0.09979080409
-0.02315659449
-0.07158546895
-0.0364927873
0.05660558119
0.01012241002
-0.04862258583
-0.1244144365
-0.1304713935
-0.1550228745
0.04162178934
0.009616501629
0.2279252112
-0.09652627259
-0.07711415738
-0.1196719259
-0.1178493202
-0.03968911618
0.03601667657
-0.1046588421
-0.01480360422
-0.009832384996
0.01784898341
0.1234884709
0.06697116047
-0.1885071248
0.003678169567
-0.001377725974
0.06166291237
-0.06212069839
-0.009907272644
0.003541650949
0.01375281345
-0.002188000595
0.02264369652
0.005351976026
-0.009167873301
0.0004242233699
0.0002873891499
-0.01352785248
0.05209190771
0.002515352098
0.007358750328
-0.009520846419
0.02354753017
-0.001297303243
0.01201642584
0.02907107584
-0.01080137398
0.009065845981
0.02311976068
0.01151002198
0.01845775917
0.03243910894
-0.003234389238
-0.008714986034
-0.01486298256
-0.01103901118
-0.02789867483
-0.01866512187
-0.009252846241
0.08750918508
-0.01768486015
-0.006885566749
-0.01554849558
0.03489455581
-0.008944090456
0.02188087814
-0.01609905995
0.004340353422
0.0246176552
-0.01205211133
-0.004081561696
-0.02028123662
-0.03266734257
-0.03684587404
-0.01506927144
0.01496840362
0.00621000398
0.01343141682
-0.03711720183
-0.0008021243848
-0.04970291629
-0.041676566
-0.02291634679
0.01165605709
0.003434594488
-0.007791345473
0.008150498383
-0.03322514147
0.147988081
0.1401542872
0.05260318145
0.001278184471
-0.09657450765
0.1547245234
0.06536519527
-0.04234578833
-0.07058373094
0.05658343807
0.1356158108
0.0403875038
0.1223553419
0.09157028049
0.1889926493
0.04116876051
0.06808982044
0.004353744909
0.1376461983
0.1182049438
-0.3290992081
0.0916859135
0.0882275328
-0.3326610923
0.1519125253
0.02377646603
-0.1456974447
-0.08614879102
-0.05268710107
0.219173342
-0.0659436807
0.1050639898
0.07973129302
-0.02108741552
-0.1744959652
0.03351423889
-0.1880095601
0.01758184098
-0.2040112764
0.07576740533
0.05283349007
-0.04071197286
0.1416235566
0.1790077388
-0.1085830256
0.05453846604
-0.1905901879
0.05748857185
-0.05565186962
-0.166253075
0.01139184274
-0.1629856676
-0.2399091572
0.1438689828
0.07895278186
-0.08612028509
0.05493578687
0.05418660492
-0.07104814798
-0.05800325796
0.1101254448
-0.03606028855
-0.006392585114
0.03768536448
0.02782841399
0.03022919782
-0.1553001851
0.07863021642
0.05568734556
0.032841824
0.08885537088
-0.06032983586
-0.1347009391
-0.1034356505
0.01952598244
-0.05169654265
-0.04259830341
0.01282713283
-0.07638405263
0.09862559289
0.007949460298
0.06274866313
-0.0595857203
-0.1335226148
-0.1057350785
-0.0396139808
0.016316792
-0.1311198771
-0.003363776952
-0.07557918131
-0.03677230328
-0.1319454908
-0.03412184492
0.02908519469
0.0542550534
0.02805640921
0.02400162071
0.02475443296
-0.01009882987
-0.0779594034
-0.03115131333
0.05298818275
0.03305510804
-0.1508206874
0.04471275955
-0.2183436304
0.03126441687
0.0196060352
-0.00200775452
-0.01644662395
0.07606650889
0.1145391986
0.04724168032
0.03112676926
0.01000630856
-0.1137665287
0.1756619811
0.09368424118
-0.1846590191
-0.1096136421
-0.1082156971
0.09839538485
-0.1109858751
-0.1497115344
-0.01180082001
-0.001937890192
0.04274930805
0.09569037706
-0.1234670952
0.02172213979
-0.09129597992
0.02170023881
0.07254078984
0.1099792719
0.1497289091
-0.071432136
-0.089974612
-0.1577894986
0.1018199623
-0.212986514
-0.02680933103
-0.1344005167
-0.02369837835
0.05564888194
0.06260311604
0.02606743947
0.07872254401
0.03541145846
0.1691003889
0.006108584814
0.04509335384
-0.07800139487
0.1679352075
-0.1568171233
0.001514074043
-0.001154273516
-0.04416202009
-0.007130165119
0.03688120842
0.03910409659
-0.01657356322
-0.08822634071
-0.006857253145
-0.1006876603
0.06718476862
0.06245569512
0.1950446814
-0.009437417611
-0.0420258902
0.02146387286
0.07319008559
-0.003805480665
0.1652276069
-0.01893280633
-0.08140733838
0.1477235705
0.04658233002
0.07291773707
-0.01340064593
-0.02472191304
-0.0002110845526
0.0510516651
-0.1613011509
-0.02137543261
0.1558622718
0.1185211018
-0.08476697654
-0.08964737505
0.00137325516
0.0832016319
-0.1143237799
-0.2089642137
0.03765355051
0.01118259598
-0.08650611341
-0.004913146608
0.05542728677
-0.0500513427
0.07584196329
-0.06574463099
-0.04635522515
-0.0585892722
-0.04078850895
-0.0543230027
0.01630522683
0.01583000645
-0.006189293694
-0.01420858223
0.001478407066
0.02424695902
-0.037163876
-0.02379572205
-0.005177962594
-0.0008670102688
0.04159720615
-0.02190428041
0.03633806482
-0.0191847235
-0.006214733236
0.01555213332
-0.01161508076
-0.01040942967
0.008558637463
0.007885425352
-0.01124581508
0.0001657559769
-0.01837102138
0.006163314916
-0.02282793634
0.01407610625
0.04412399605
-0.04697526619
0.01195220556
0.01398814004
0.008361871354
0.01723137312
0.03086922877
-0.008709132671
0.05114945024
0.04023198783
0.02735400759
-0.04590288177
-0.005660384893
-0.03655470535
0.09300648421
0.04351474717
-0.08412712812
-0.03565728292
0.01436255779
0.05010505766
-0.04449420795
-0.07233750075
-0.02121604607
-0.01624434255
0.003713770304
0.02683090419
-0.009710557759
-0.03314182907
0.003811980132
-0.06943521649
0.09203019738
-0.07291680574
0.1040295586
0.0388633199
-0.03028012253
0.009270327166
-0.02827829123
-0.1381599903
-0.08401370049
0.0432696864
0.0340944007
-0.009613250382
-0.06292317063
0.01334192138
0.07896690816
-0.02877370082
0.01036171988
-0.05635661259
0.1736661047
-0.02531238087
-0.0005157226115
-0.02335819416
-0.04981042445
-0.02766605839
-0.07792744786
0.03096045181
0.05013736337
-0.05248132721
-0.143153131
-0.03329058737
-0.02732154354
-0.003544251435
-0.02664105408
-0.1323132515
0.116489023
0.008954485878
-0.05173934996
-0.01788343117
0.1688814908
0.04346244782
-0.04404705763
-0.03452734277
0.05498468503
-0.06507841498
-0.01225608122
0.03798826784
-0.0447108373
-0.001166969771
-0.01470649429
0.101012595
-0.01121156104
-0.02525291778
-0.01991419867
-0.06945550442
-0.006004875991
-0.0317537412
0.002359909937
-0.1019544676
0.006750794128
-0.1081364751
0.00439667888
-0.006673422642
-0.02037963457
-0.01977285929
0.001681691036
-0.04802886769
0.06339236349
-0.02411330864
-0.01578211039
-0.03762213886
-0.04113702849
-0.06578389555
0.01609757915
-0.02007879876
0.01945997402
-0.04386577755
-0.008787111379
0.01108716987
-0.05447928235
0.008251301944
0.02304420061
-0.02012627944
0.05406212434
0.0527240932
0.00771464128
0.0226471331
-0.005234648008
-0.05768985301
-0.004940044601
-0.001609598519
0.003725978546
-0.02627808787
-0.05584131926
0.002988276072
0.02290878445
-0.01446813066
0.01244662888
-0.002137477975
0.06732764095
0.0252187904
0.03655933589
0.03176091239
0.03816563636
0.007439778186
-0.008271448314
-0.05756610259
0.0202150438
0.001269499422
0.01463331096
-0.05595506728
0.005589857232
-0.01125418767
0.02583368681
0.02556047402
0.008268134668
-0.007551820949
0.03701690212
0.02161884494
-0.07320225984
-0.04222310707
0.01503221225
-0.02052947506
0.01055474207
0.03628265113
-0.07315143943
-0.001238483121
-0.08800632507
-0.04051309451
-0.02648174204
0.0003160408523
0.07039092481
0.01362503227
-0.1048815772
-0.05172676221
0.1302333474
-0.06400419772
-0.1075903773
-0.0171957165
0.00803456828
0.06122199073
0.0005185736227
0.07400420308
0.2208665758
-0.03953137621
-0.09000869095
-0.06004947796
-0.006672627293
0.01672588661
0.08731356263
0.05295435339
-0.1118448079
-0.03866961971
0.01282582711
0.04058517143
0.03786081448
-0.0311646983
-0.1100713685
-0.05810486898
0.0159703251
-0.02750242688
-0.05565979332
0.02241790853
-0.04874561355
0.06182160601
-0.01807524636
-0.007605549879
-0.03806941956
-0.005525319371
-0.1793792993
0.03216063604
-0.007311635651
-0.01690889522
-0.0501026921
0.0395289436
0.04583746567
-0.08193837851
0.1746227145
0.06231352687
-0.08532562107
-0.0634913519
-0.03493305668
0.1533064246
-0.0003639588249
-0.07903712243
0.07998146862
-0.00682648411
0.08528243005
-0.08610258996
0.01000551786
0.03132499382
-0.07154543698
0.01108405832
0.01307408977
-0.02298158221
0.07865678519
-0.06445906311
-0.104093492
-0.06985616684
-0.05496194959
-0.08848874271
0.013953235
0.03946250305
0.0049879984
0.02638464235
-0.001330784871
0.02950892039
-0.02739860862
-0.02281859517
-0.03860939294
-0.003418330569
0.02591867931
-0.05947698653
0.0126745645
-0.01737049036
-0.03450747579
-0.08083029836
-0.03601879627
0.006522329524
0.03294539824
-0.003130807541
0.02084778994
0.004196053836
0.01088565215
0.004463209771
-0.02664111182
0.01668152027
0.03459566832
-0.03256624937
0.03027118929
-0.03137082979
0.006348379422
0.005988056771
-0.03435038775
-0.05768048763
0.01841330342
0.06196111068
0.01296319999
-0.02429337613
0.0176435113
-0.06694867462
0.09313938767
0.04161207005
-0.04079176113
-0.07769610733
-0.02089739032
0.04696956649
-0.03045158088
-0.02795990743
0.0006593571161
-0.001754062949
0.001845863415
0.06661316752
-0.0337748006
-0.1671700925
0.05373673514
0.02429555543
-0.02737251297
0.006305874791
0.03937255219
0.07225693762
0.1238970235
0.1653741449
-0.07208614051
0.006887677126
-0.04681649804
-0.0814377144
0.01426640805
-0.001061983057
-0.02366018109
0.05903718993
0.2040638179
0.02630117163
-0.0192786064
0.03081276454
0.005289341323
0.09590383619
0.1097567603
-0.05084965378
-0.08414164931
0.005879275966
-0.1271637082
0.1125727519
0.2104710191
0.02553661168
0.001233655377
-0.09215947986
-0.04557734355
0.1496337801
0.03294586763
-0.009368642233
-0.04454576224
-0.007007994689
-0.01721789874
0.02265395038
-0.03575643525
0.02896085195
0.03658843786
-0.01167257782
-0.05326967686
-0.104191713
0.161175698
0.08783748001
0.1269715726
0.01103434339
-0.2159313112
-0.1115252003
-0.1067610458
0.02247802354
-0.008173948154
-0.1899253428
0.05352243036
-0.007538715843
0.01545393746
0.03828589991
0.06366270036
-0.1076243371
-0.008196545765
-0.01727527939
0.07833261043
-0.04579511657
0.03107739799
0.0152459247
0.02086145245
0.01466806233
0.08004247397
0.02968301252
0.02312770858
0.07674896717
-0.01435072348
-0.03428900987
0.01895539276
0.004951998591
0.01403016225
-0.02731252834
0.06370136887
0.007603236474
0.04677416012
0.03188230842
-0.03258743882
0.04346217588
0.004188925494
0.02217342146
0.02437385172
0.05198897794
0.0178085193
-0.005305535626
-0.02532792091
-0.006051542703
-0.026376063
-0.01976937987
0.009785690345
0.008278553374
0.03079605661
-0.00443094736
-0.04579747096
0.03200961649
-0.02254878357
0.03874528408
-0.01298257895
-0.005869623274
0.06751190871
0.01184441894
0.006198529154
-0.05475492775
-0.02795650437
-0.02146173082
-0.01875413023
0.04445359483
0.0004943817039
0.008182692342
0.0008509164909
0.02618653886
0.03643786535
-0.03772065789
0.003837465076
0.04646584019
0.01337170135
-0.005139581859
0.02165783942
-0.02779404446
0.2104309946
0.02860084921
0.08455401659
0.1344800442
-0.1369553506
-0.0241119042
-0.07158667594
0.1581295878
0.04405543953
0.3063420653
0.05539206415
0.1046686843
-0.04511088505
-0.1823126078
-0.02758486755
-0.1314644814
-0.2988060713
0.03902727738
0.2681583464
0.07517503202
0.2528184354
-0.1043793261
-0.02565760538
0.02107350342
0.163604036
-0.03054918349
-0.002370530972
0.1625121981
0.1271374822
-0.1472564787
-0.09384324402
-0.07161120325
0.19020392
-0.02502928115
0.04890974984
-0.05005586892
-0.007665981073
0.2219382823
-0.2680701315
-0.1452387124
-0.1355912089
0.0002944410953
-0.04253615066
-0.1080903113
-0.1023730338
-0.03606813401
0.0664562434
-0.2972885966
-0.01052867435
-0.07296956331
0.0725696981
0.03417368233
-0.1873078346
0.3314929903
-0.02401155792
-0.09397623688
-0.07975704968
0.06659604609
0.05617894605
0.2388696671
-0.1093347296
-0.1211299673
0.06566748023
0.01924059913
0.07445601374
-0.02674658038
0.1614330709
-0.06242676079
-0.03772643954
0.02874196507
-0.1011034474
0.02301743999
0.1053050756
0.05718885735
-0.03122706711
-0.03600917011
-0.001017392264
0.02577413246
0.03213822469
-0.1496776342
-0.04056277499
0.002227805555
-0.04455568641
0.09018167853
0.1616032124
0.06189718843
-0.0343413204
0.007823294029
0.04535094276
-0.05162908137
0.08337968588
0.02827245742
0.1064684838
-0.1484823376
-0.103997618
0.000893185148
-0.06686424464
-0.02175623365
-0.03352675587
-0.09672503918
-0.03859787062
-0.01692738757
-0.08302389085
0.08095831424
-0.1151243299
0.1338727325
-0.02938100696
-0.05181439221
0.02327920124
-0.02412510477
0.02440670319
-0.03845260292
-0.1004794165
-0.05636766553
-0.06855416298
0.1238602176
-0.03666025773
-0.0316654779
0.0008091026684
0.01318517327
-0.1060588732
-0.1506889015
-0.1320555806
-0.04872650281
0.0748995766
-0.07377564907
-0.02053136565
0.05780646205
-0.01418851037
-0.241632551
0.05376690254
0.116216071
-0.1087962016
-0.07467086613
0.01434890646
0.02803291008
-0.01076323912
0.1768307537
-0.1913488656
0.2359279245
-0.04979257658
-0.03172891214
-0.2166362107
-0.009895831347
-0.1985859275
-0.06531053782
0.1344488412
0.2355854809
-0.1025477722
0.1117490008
-0.1662298739
-0.07939764857
-0.1960405409
-0.1651598066
-0.1982939392
-0.1708219051
-0.1093132421
0.09636759013
-0.1175760776
-0.1042538434
0.07503113896
0.2307635397
-0.0380776003
-0.03982865065
-0.08476367593
0.1221959963
-0.1578028351
0.01175232511
-0.2283902764
0.07932755351
0.1501563936
-0.04748620838
0.004455741961
-0.07804631442
0.08139374852
-0.1488549262
-0.150911957
0.08960436285
-0.1260081232
0.1900632679
0.009602328762
0.02485712431
-0.03119428456
0.09523485601
-0.1618687212
-0.07118521631
0.05065638572
0.06779646873
-0.1430232525
0.0763566047
-0.05884509534
0.1126449555
0.06998754293
-0.04204291478
0.09049841017
-0.02816735208
-0.04050599784
-0.02006135322
-0.02114328369
-0.01659396477
0.09854052216
0.02210970223
-0.01614804566
0.01723266393
0.003985774703
0.02847094834
0.0245922152
0.00644053705
-0.06207230687
-0.02143916115
-0.05984133482
0.03766293824
0.09675779939
0.09950259328
-0.02365113609
0.01246264204
-0.02573196962
0.001768901246
0.08565619588
-0.03140277788
0.05102735013
-0.0004747399071
-0.04392345622
-0.02674940415
-0.06507348269
-0.02088732645
-0.04736700654
-0.03453986347
-0.008504423313
0.0001615152287
-0.05230301991
0.06091084331
-0.08479920775
0.09562958032
-0.007849212736
-0.01925945096
0.02609578334
-0.04861301929
0.05364404991
-0.05813184381
-0.03543026373
-0.06388244033
-0.02284949459
0.04478051513
0.0571821332
0.04374929518
0.001123919501
0.02365250885
-0.1037110984
-0.1080442145
-0.08924491704
0.009960753843
0.02697714046
-0.06125039235
-0.01791039854
0.06251543015
