-0.1133677959
0.1456922144
0.1997466981
0.09273420274
-0.0791220516
0.1057366878
0.2893235981
0.2076091617
-0.177032426
-0.1862884015
-0.1484396011
-0.004384949338
-0.1577726156
0.01814361289
-0.2094051987
-0.3448522389
-0.2301124483
-0.06864142418
0.02962337621
-0.05102032423
0.1473337114
-0.04422711954
-0.3725224733
-0.1305634975
0.04256619886
-0.01666025445
-0.09763251245
-0.00678151194
0.005795157515
0.1399976611
-0.01764144935
-0.1406776458
0.2010924816
-0.2587865889
0.08340343088
0.2644702196
-0.0183524508
-0.3393286467
-0.260212779
0.09433125705
-0.3075245619
-0.1411537677
-0.07849172503
-0.2417504191
-0.09698326141
0.5251848102
-0.1438437402
0.02306043729
0.1432091445
0.2265393883
0.4158861339
-0.3334140182
0.2626556158
-0.1047220454
0.1437429637
0.05645584315
-0.2357333452
0.02451435849
-0.5078678131
-0.4138762951
-0.174943924
0.1006414071
-0.1228007749
0.167801708
0.07392279804
-0.1310130209
-0.1529348493
-0.3853362501
-0.2058732957
0.1590384692
-0.1576499492
-0.1148539409
-0.4590920508
0.1576373428
0.02764699981
-0.05795182288
0.01935100742
-0.2746276259
0.1710698158
-0.2420378327
-0.2500061691
-0.1728826314
0.03559476137
-0.1635416448
-0.1524849236
-0.01265585423
0.1684301943
-0.1859661192
-0.426769346
-0.435536921
0.146353364
0.07602974772
0.001042056247
-0.1566189677
0.1701814681
-0.09404172003
0.3145951629
0.04062462226
0.3071877658
0.2697196007
-0.221130982
-0.2935632467
0.07515722513
0.0468919836
0.04680211842
0.142517969
-0.2176625133
-0.4228726923
0.04172758386
0.2477758676
0.2379479855
-0.2822212577
-0.02598103136
-0.05102162436
-0.204786852
0.1754128188
-0.2545541227
-0.3425426483
0.138197884
-0.04296377674
-0.2076619118
0.1399372965
-0.1534233242
-0.02278310061
-0.1333743185
0.01101698354
-0.3831209242
-0.01420641504
-0.06691509485
-0.2513872385
0.327742666
-0.03191882744
0.221399501
0.2237524092
-0.05042509362
0.1621273756
-0.09025461972
-0.1437659711
-0.1097031459
-0.07779233903
-0.1263357103
-0.0550894253
-0.2515476346
0.2106474936
0.3686169684
0.001284716884
0.06371655315
0.103670463
-0.2120398283
0.1373411715
-0.2597272396
-0.1806745529
-0.1633082479
-0.06052548811
0.2505634427
-0.5105968118
-0.1951057911
-0.415869832
0.1389934123
-0.1512600631
0.1366951615
0.3375402987
0.09943972528
-0.0105350418
0.1684249341
0.1013143808
-0.1882821918
-0.05601812899
0.2057112157
0.0269892402
0.07321432233
-0.07483030111
0.04364068806
-0.1558115184
-0.01485977508
0.1007902026
0.3007426262
0.01987317018
0.1407207549
-0.02259112336
0.06524447352
0.1032387465
-0.117010802
0.1023046002
-0.1281006187
0.09961123765
0.3107878864
-0.004440366756
-0.08397637308
-0.1393324435
-0.06905703992
-0.2604385912
-0.1829383224
-0.2768180668
-0.2849546373
0.02100569941
0.2342097014
0.2894403934
0.09688767046
-0.3211714029
0.07577546686
-0.03305614367
0.005294347182
-0.1366140842
0.03263200074
0.1121700257
0.009850850329
0.2180344015
0.2236392349
-0.2322195321
0.1639140397
0.1843744963
0.205096662
0.1704989523
-0.06361748278
0.281355381
-0.4610845745
0.1424077451
0.05909387395
-0.05809981748
0.2621814609
0.09033486992
-0.1759107262
-0.0706108734
-0.02372823469
-0.1001378223
-0.1156568676
0.272117883
0.1214859113
0.0748989284
-0.03979191557
-0.2503151894
0.07183504105
0.1549358666
0.03570019826
0.3169398606
0.1182297096
0.02444173582
0.045956783
-0.1943031996
-0.2368472666
0.0981740728
-0.138920188
-0.07084966451
-0.07232655585
0.02366997115
-0.03295774013
-0.1770539284
0.1947038323
0.1559380889
0.1865051687
0.02102493681
0.08357643336
0.06006673351
0.03683623672
0.166493088
0.4132753909
-0.197185412
-0.1432951242
-0.223601386
0.1573101729
-0.02437784523
0.01804886758
0.2166826725
-0.1107423678
0.0004759082512
0.124573186
-0.0362248756
0.3333758116
-0.3214207292
0.05071143061
-0.07059143484
0.1113052443
0.03059991449
-0.3292394578
0.0006830920465
-0.2459248304
0.03394073993
0.004775851965
-0.1318255216
-0.02505210601
-0.05474048108
0.01571171917
-0.02988232486
-0.1161632091
0.1175973415
-0.02559209429
0.2463261485
-0.3659641445
-0.01616954617
-0.3326081932
-0.1591288894
0.07202471048
-0.1881323904
-0.04094852507
-0.1459156275
-0.02065977268
-0.09420880675
0.1088486314
0.04010738432
0.4709993005
-0.1253964305
-0.1322097927
-0.3552770615
-0.1386955678
-0.08110307902
-0.205270052
0.1353097707
-0.06150860339
-0.4870970249
0.0462811403
-0.2409328967
-0.1297038198
0.9266971946
0.3713097274
-0.1119142696
0.2973085642
-0.06881677359
-0.135822013
0.1566616744
-0.03631047159
-0.1620776355
-0.07026366889
-0.01487097889
0.1386871934
-0.0002534503292
-0.1156542003
0.03450295329
-0.05155159533
-0.03179605678
0.07815717906
-0.09630844742
0.01842883229
-0.1519274414
0.006235561334
0.1171395183
-0.1691543013
-0.04097991809
-0.04499455914
-0.04885051399
-0.05765394494
0.211782366
-0.02029824816
-0.002656402299
0.03232000023
-0.05196548253
-0.08250962943
0.02959165536
-0.04147746041
0.005608770065
0.06150272489
0.07327849418
0.3028918207
0.1070290208
0.1204014495
0.3132918179
0.2894644141
-0.2565446496
0.04941402376
-0.01139665302
0.01007691678
-0.1315236092
-0.1611590087
-0.113189213
0.04175458476
-0.04524605349
-0.01375391427
0.3919439316
-0.2051266283
-0.2153805643
0.1128929853
0.0240518041
0.3997695744
-0.2961781025
0.06985080242
-0.02492888644
0.07756061107
0.377746582
0.01748958603
-0.2570030093
-0.172927171
0.1399835199
0.3380521238
0.1446778774
0.1378958374
0.1421121061
0.09282997251
-0.1967885047
-0.340051502
0.2244371176
-0.1791671216
0.09016806632
-0.2391400635
-0.09912995994
-0.4155075252
0.05470837653
0.2510098219
0.1081350595
0.08439596742
0.07087726146
0.3812991381
-0.2072609812
-0.2210922241
-0.3229680657
-0.02978860587
-0.3360905945
-0.0293249432
-0.3863659501
0.1011044011
0.2238577902
0.3051244318
0.1559976637
-0.1801439077
-0.3728434145
-0.02605053782
-0.153063342
-0.1398713291
-0.04263563082
0.04701622948
0.1529661268
-0.1763966084
0.05179448798
0.09483978897
-0.0277122464
-0.02209726721
0.08659327775
0.01993683167
-0.1467629969
0.03443134204
-0.103291966
0.06966234744
0.1457806528
-0.07744400203
-0.04775208607
-0.0597268343
-0.1747370213
0.08760295808
-0.330896616
0.07983870059
-0.2199439108
0.2305841297
0.4955390096
-0.1533154398
0.09808852524
0.1875174344
0.1088978723
0.1750812978
0.232198596
0.3337309062
0.07266057283
-0.02303962596
0.1711108983
0.1188545451
0.08209285885
0.453030467
-0.1693896353
0.4320863783
0.2234442383
0.077171579
0.4087363183
-0.07072786987
-0.01795610972
0.2061601132
-0.238520205
0.120795384
0.04322190955
-0.1170647144
0.0221857857
0.1505402625
-0.2558496594
-0.6474527717
-0.03387748078
-0.3208910525
0.01611776464
-0.1046643257
-0.4051861167
0.04473046213
0.002902929438
-0.4005667269
-0.3952242136
-0.1928527206
-0.2375096232
-0.1659362018
0.131808877
-0.002171281725
-0.2602168918
0.02701612189
-0.005865650717
0.06900797039
0.07278642058
0.228846252
-0.342179656
-0.07791609317
0.03313453123
-0.03359443322
0.08117133379
-0.007188546937
0.2626329362
-0.1216483638
-0.1071748137
-0.03457149118
0.2650323212
-0.1321929693
0.3491877615
0.1952168196
-0.01558804978
-0.01842242479
0.1893501729
-0.3262272775
0.2552714944
0.2363726944
-0.1511784047
