0.07907072455
-0.02320112474
-0.06917981058
0.1077533215
-0.05551270396
-0.002443287987
-0.00807141047
0.1186682656
-0.08815211803
0.00803351216
0.09885378182
-0.02353399619
-0.01108952612
-0.01659163646
-0.0172658544
-0.1290453821
-0.04334619641
0.02549518831
-0.008180637844
0.0262807887
-0.09623277187
-0.0922145918
-0.08327869326
-0.03768123686
-0.06257928163
-0.008182150312
-0.01361017954
-0.07961147279
0.1211445779
-0.01986601204
-0.1044427976
0.006266167387
-0.1908075958
-0.01698838361
-0.09090804309
-0.102075994
-0.01054913178
0.01448439341
0.195879519
-0.05255398527
-0.03109459206
0.07969474792
-0.03945888206
0.001563478843
-0.04947691038
-0.02720384672
-0.08648522943
0.0803412348
0.09828026593
-0.0955388248
0.03180606663
-0.05699380487
-0.08720277995
-0.04765611514
-0.05062698573
0.03612784669
-0.04299168289
0.02046715096
-0.04658278078
-0.07511418313
0.07383857667
0.02302585915
-0.05770893395
-0.07767240703
0.03783793375
0.07918723673
-0.006044432987
0.06079827249
-0.06185797602
-0.003958422225
-0.02391894534
0.05269536749
-0.04587285221
0.0903178677
0.04198649153
-0.0003015502007
0.04561830685
-0.01645429805
0.09151630104
-0.0432956405
-0.05269852281
-0.01167586353
-0.004928687587
0.03282113373
-0.05531163886
0.07243518531
0.006695832126
-0.1141408458
-0.03856706992
-0.0280865822
0.05114640296
-0.04464209452
0.04255362973
0.01833204553
0.03175047413
0.168830201
0.0636343658
0.01490803901
-0.05623108521
0.01613401622
-0.1746351123
0.0710196197
0.01813729852
-0.09267027676
0.05858953297
-0.07195148617
-0.01693164743
0.09295127541
-0.03671368584
0.01274769939
0.03154620156
0.01483828761
-0.007890556939
0.1066065207
-0.06035490707
-0.06451194733
0.07075747102
-0.002059447579
-0.01967059076
0.04344304651
-0.03192831948
0.04931151867
-0.04009145126
-0.1045692116
-0.02046808414
0.06804816425
0.0373240225
0.01242018025
-0.0613113381
0.08946937323
-0.02821349166
-0.04912117124
-0.07229395211
-0.05679653212
0.0229412429
-0.1119249389
-0.05816281214
-0.08331237733
-0.09084446728
-0.08993124962
-0.08434814215
-0.3050845265
-0.1086518541
0.07572147995
0.009701155126
-0.1519399136
0.1600519121
-0.05256391317
0.09435337782
-0.02646524087
0.1236292124
-0.1459554583
0.05488954484
-0.0008448311128
-0.1096806005
-0.09775544703
0.01452366449
-0.09845552593
0.0005385223194
-0.004602075554
-0.002751670079
-0.1151739433
-0.119180575
-0.1069844887
0.01267170627
-0.02900628373
-0.05701268837
-0.01126438286
0.03940977529
0.01408997271
-0.1080186591
-0.01133192889
-0.07516454905
0.07761011273
0.09819570184
0.1589150131
-0.09037149698
0.09363594651
0.08970721066
-0.05065236613
0.04131700844
-0.005546847358
-0.03689609095
-0.03159859031
0.1536314487
0.1727723032
0.01346945483
-0.01646598987
-0.0391164124
-0.000829948578
-0.07802946121
0.01447135583
0.02842930891
-0.01804571226
-0.0663383007
-0.1171450466
-0.05449016765
-0.05312923342
0.03760359064
0.008848728612
-0.01978664845
-0.03655498102
-0.03530804068
0.0117184734
0.03521143645
-0.03682472929
0.01917114668
-0.03735617548
-0.01062601432
-0.01909026317
0.003185450099
0.02620832063
0.06476391107
0.1003724113
-0.03096437454
-0.0473164618
-0.01533237565
-0.00782456249
0.04766719043
-0.07249373198
0.02255672589
-0.01077356376
0.05641737953
-0.01635678671
0.04476709664
0.002963659121
0.08788140118
-0.08159220219
-0.07912857085
0.04081582651
0.0146648474
0.0882697925
-0.02473295294
-0.08733589202
-0.01729981415
-0.02537313476
0.002679338213
-0.05213138089
0.009983387776
-0.0004301866866
-0.006085771602
-0.006020350847
0.03269030899
-0.08037935942
0.03493412212
0.03970584646
-0.1162558496
0.02912014723
0.04365029559
0.009652454406
-0.2101096064
-0.05238653719
-0.04436484724
0.0461374335
0.02887096629
0.09512571245
0.1381762475
-0.07062362134
-0.03980651498
-0.10150484
-0.1278057992
-0.00626129657
-0.02750563435
0.04827781767
-0.04381276667
-0.07811961323
-0.05242647976
-0.1981725842
-0.03981514275
0.1117166132
0.09136530012
-0.1851492524
-0.0196683947
0.1310546845
0.1893559992
0.05418073758
-0.07426356524
-0.05511687696
-0.02376113646
-0.1539425105
0.2282705158
0.008936814964
-0.08887218684
-0.1357192397
0.1132440642
-0.1212877631
-0.1510750055
0.007616909686
-0.1286599934
-0.06284616143
-0.04500713572
-0.2665791512
-0.1087213084
0.02100713551
0.2056494057
-0.1406383067
-0.03204166144
-0.1208667234
0.008800127544
-0.05999041349
-0.1635308862
-0.07265719026
0.0159487538
0.05529270321
-0.04044984654
-0.06331702322
-0.004759992007
-0.02576352283
0.0408455804
0.0138984127
-0.1350555569
-0.1043868661
-0.1867765635
0.1062853262
-0.112925306
-0.02762445062
-0.01129013393
-0.03449973091
0.03572586551
-0.0808460936
0.05940148979
0.01003824268
0.1188585535
-0.07180006057
-0.02466327883
-0.03521739319
0.0514584817
0.008327449672
0.06376568973
-0.08763349801
0.007322476711
-0.0327575691
-0.02638828754
-0.0111011425
-0.04452384263
-0.1808064878
-0.02789354138
-0.009167613462
0.04617008567
0.1000168324
0.03362838924
0.06939721107
0.02831650153
-0.02006928995
-0.01577179134
-0.07575663179
0.01949539967
-0.1818640232
0.0594939664
-0.02730940655
-0.04796492681
0.002149026608
-0.1314866245
0.006319060922
-0.002334795659
-0.01873001084
-0.06339723617
0.06068311632
0.02429668605
-0.001920902287
-0.04392034933
-0.03231005743
0.05516851693
0.009035029449
0.0038358327
0.08209948242
-0.01064580679
0.07833265513
0.007624360267
-0.01328563504
0.02376111969
0.03647374734
0.01074303687
0.04452355206
-0.1253470182
0.03219011799
0.02586486004
0.03981176764
-0.04804098979
-0.1523284763
-0.02469250932
0.04022203758
0.05426104367
-0.02167149819
0.2214426845
0.1566271484
0.1253101677
0.02574807219
-0.0749579072
-0.04192903638
0.02443055622
-0.01783505641
0.08434917778
0.02046454884
-0.06934785843
0.1492501348
0.0121675171
-0.1289472878
0.1278098822
0.04367887229
0.1641978621
0.1927908212
-0.005340208299
-0.02450140007
-0.004060237668
-0.04776611179
-0.1385939121
-0.1676721722
0.09433782101
-0.1147353202
0.03528888896
-0.1242462844
0.07320860028
-0.03750871494
-0.1567535698
0.0087074982
-0.05762229487
-0.06883640587
0.009285321459
-0.01924718544
-0.105320558
0.0165274404
0.03974236548
0.1059454232
-0.003089112695
0.09435097873
-0.2084441483
-0.05986553803
-0.05779004097
-0.07263445854
0.1066559032
0.1124776155
0.1407488436
-0.1585229188
0.008984819986
0.1116095111
0.1074186563
0.07220542431
0.001000981312
0.02123429812
0.1112006679
0.07989308983
-0.02932345867
0.05842187628
-0.0691549778
0.04656101018
0.06879794598
0.0006020377623
0.05629696324
0.0297933463
0.04468467459
-0.07934632152
-0.1764605641
-0.06471749395
0.02479487099
-0.1247636378
0.06521367282
0.03990893811
0.06015562639
0.1287218481
-0.007447509095
-0.0095857298
-0.04314832017
-0.0634278208
-0.07639344037
-0.02041309327
0.09910733253
0.101109162
0.0371689871
0.02910293452
0.03289700672
-0.03385821357
0.01805303991
-0.1468471885
0.04071269557
-0.1097839177
-0.001838366035
-0.07220055908
0.0072576846
0.02798702754
0.1745286733
0.0005479010288
-0.09365518391
0.02963195741
-0.06987413019
0.0304954648
0.04884023592
0.08258142322
-0.05098435283
0.1631366014
0.04769497365
-0.04041174054
0.03478442878
0.02852484584
0.01390069444
0.01226230804
0.01443294715
-0.01337870397
-0.01371680293
0.01056448836
0.01445966773
-0.02787772939
-0.01709426194
0.010192791
-0.09754900634
0.007782448549
-0.02365822904
0.2919925153
0.02597691491
-0.008178252727
0.05946369097
0.0513442196
-0.09811778367
-0.177851364
-0.1107126847
0.0536012724
-0.08674291521
-0.01634712704
0.004692485556
-0.1273153722
-0.1018707007
-0.02197536267
-0.05062374845
-0.1494694948
-0.06132815033
0.05609236285
0.03139429912
0.04474567994
0.08858432621
-0.06897866726
0.006000624038
-0.05502579361
-0.1356938183
0.0790310353
-0.06420319527
0.1080364063
-0.03667621687
-0.01957986318
-0.1280821413
0.05545015261
-0.1370624155
0.00944051519
0.01203637384
-0.003098126035
0.06658743322
-0.09832812846
-0.09909809381
0.05617475137
-0.03410097212
-0.1424803734
-0.008917612955
-0.1133105308
-0.07951036841
-0.06789144874
-0.002288635587
0.03707165271
0.006713596173
0.1098853499
-0.007072120905
0.09349274635
0.06193019077
-0.00083265797
0.01296868734
-0.2095180601
-0.16343759
-0.1063284427
-0.1492386758
-0.06279981881
-0.1211048588
0.165384233
0.08640303463
-0.01203012932
-0.06957640499
-0.1612137556
-0.05094818771
0.02363158204
-0.03503839299
0.02378346585
0.009561818093
-0.08509400487
-0.07891795784
0.05665972829
-0.007911915891
-0.02126243338
-0.04547957703
-0.004997719079
0.008567027748
0.02263600938
0.00792241469
0.0832676217
0.1247491241
-0.03764887899
0.02457655594
0.01492973138
-0.09641436487
-0.09932180494
-0.02977716178
0.04670802131
-0.02596960217
0.04056050628
-0.05924289674
0.01773370802
0.007615613751
-0.01610536128
0.003178489394
0.05114910007
0.08170776814
-0.03104426153
0.03105371632
-0.01407318376
-0.05377459526
-0.03895916417
-0.05593507737
-0.02967719361
-0.02171678655
-0.08754872531
0.005358886905
-0.05857774615
-0.06449019164
-0.007534014992
-0.09415153414
0.01890380308
0.05181778595
-0.01044928655
0.02044972777
0.01551540475
0.07194361091
-0.1102871671
0.01677866094
-0.02173963189
-0.04942282289
-0.1171768457
-0.05215433612
0.04843944684
-0.02215638384
-0.1016695946
-0.003630604828
0.03653714061
0.02727269754
0.09394802898
0.07427850366
0.08397131413
0.0531325452
-0.06135086343
0.06312958896
-0.02905359119
-0.02612620778
-0.01991549693
0.03628572822
0.08190330863
-0.04651261121
-0.1114967018
-0.0748398155
-0.132257387
-0.1150301322
0.08490868658
0.1332300007
-0.01307049766
-0.01320835482
-0.2013054043
-0.04973455518
-0.05725899711
-0.1192636192
-0.1490878165
0.05881869048
-0.04043989629
0.01808672212
-0.02608587965
-0.06270802021
0.1412659287
-0.007415323518
-0.06315742433
-0.2007643133
-0.0727936402
-0.07140351087
-0.03575557843
-0.09965886921
0.1143077165
-0.2054126114
-0.02001695521
-0.05172139406
0.08371277153
0.06227189302
-0.009905439802
0.01331546064
0.006030211225
-0.04402155802
-0.089628838
-0.006197141483
0.07255408168
0.1060294583
0.2824623883
-0.04134872928
0.1743012369
-0.05605642498
-0.1412970722
0.1000604704
0.1184504032
0.1066321135
0.07506069541
-0.1588918865
0.008007563651
-0.006528309081
0.1989837885
0.05135686323
-0.07115864754
0.09039226919
-0.1105497405
-0.07771556079
0.03213895485
0.012539424
0.01572398469
0.08366430551
-0.1630102694
-0.01352853049
-0.09859114885
-0.1166047007
-0.00566092832
-0.1013473868
-0.06559988856
0.01161231566
-0.00547793787
-0.04946747795
0.03470764682
0.05386598036
0.03772284463
0.01659869961
-0.04569366574
-0.05269203335
0.02189566381
0.0060979072
-0.02285454609
-0.015756635
-0.1198498979
-0.1255196184
-0.06158164889
-0.1344867647
-0.01814961992
0.03944333643
-0.1051161736
-0.1391584277
0.0128572518
0.001859109499
0.07988800108
-0.003189707873
0.02952381782
0.02889229544
-0.05534183979
-0.04028917477
0.05680835247
-0.005660717376
0.03317594156
-0.0240227282
0.01224166155
-0.01728490926
-0.03391857445
0.007553623058
0.04512673616
-0.09770449251
0.05644964427
-0.009771890938
0.02006501146
0.08528243005
-0.09151113778
-0.1118324101
-0.05341652408
0.02219649777
-0.03292112052
0.04793407023
-0.08157954365
-0.06136367843
0.1523649842
0.1107113734
0.05790184066
-0.02170357667
0.3611837626
-0.01899603568
0.05609372258
0.1315431148
0.0389806293
-0.1497030258
-0.1895751655
-0.0016280727
-0.1990615129
-0.2043504864
0.1404861063
0.1368588507
-0.1684903949
-0.286178112
0.02559090964
0.1299744546
0.07904487103
0.05586929619
-0.1374724656
-0.1081659347
0.2326187193
0.03404697403
0.1799418926
-0.1655229628
-0.05933425203
-0.1086200178
-0.1427178979
-0.04435771704
-0.3162998557
-0.02933188342
0.007687560283
0.0293745026
-0.1071100235
-0.0147285508
0.1238684133
0.1941354424
-0.09017585218
-0.002851603786
-0.02792032249
-0.05521616712
-0.2347375751
-0.05486251414
-0.05104327574
0.08586412668
-0.05794068053
-0.1189816967
-0.1123991236
-0.09432800859
0.02794683725
-0.2453085333
-0.2320145369
0.1500292867
-0.01127578132
0.2880388796
-0.01770228334
0.0984570682
-0.1241218448
-0.008678534999
-0.05480366573
0.1193023473
0.1102143303
0.05302828923
0.2142059058
-0.05757855996
-0.1857188344
0.0341370739
0.06522613764
0.009647503495
0.05727624148
0.1905773431
0.1217709109
-0.04735225067
0.01094399299
-0.01231040712
0.003172821598
0.02037839405
0.2043594271
-0.01308085583
-0.07383856922
0.01361590065
0.1135813966
-0.01776335575
0.1223724559
-0.03284969181
-0.02007512562
0.02538607456
-0.1069896445
-0.07203498483
0.07819602638
0.06232440844
0.005169810727
-0.02959250845
0.08668927103
0.07175847888
-0.03299463168
0.0324299857
-0.07583669573
-0.03753233701
-0.08081311733
0.140977934
0.1024686024
-0.03539971635
0.02568890341
-0.1107031852
0.01157039963
-0.01005674899
-0.03511430323
-0.06181940064
0.171869278
-0.05697225407
0.04653087258
-0.008441139013
0.007002859376
-0.06124348938
-0.03586417809
-0.0211242158
0.03712701797
0.2917846739
0.02402002923
-0.04515966401
0.01436245814
-0.01023239736
-0.09513087571
0.0490086861
-0.06065432727
-0.12024571
-0.033351399
0.02860294655
0.06611149013
-0.133686915
0.002245545387
0.02164318785
-0.07160394639
-0.01738174073
0.1667863727
-0.04137015343
-0.06175024807
-0.04733880237
0.07752612233
-0.07831418514
0.1428501308
0.005989127327
0.08734228462
0.1011658162
-0.02623678744
-0.0294100102
-0.08561679721
-0.1217087805
0.1693612635
-0.05013382807
0.02920250595
-0.07678128779
-0.02849566564
-0.1317070723
-0.05485459045
-0.03160966188
-0.1328879446
-0.01735414006
0.04281812534
0.03382346779
-0.06536895037
0.04549093544
-0.1283350587
0.0726846531
-0.02334897779
0.01336615533
-0.09405784309
-0.1700508446
0.03174065799
0.03272077069
-0.02387432195
0.08243089914
-0.03987774253
-0.1429909468
-0.08196694404
7.820313476e-05
-0.01365464833
-0.1416226029
-0.0704132244
0.002656360622
-0.02224299684
0.03928805143
-0.003548731795
-0.0567661263
-0.1367542148
0.01569035277
0.00678977184
-0.07451678067
-0.02178567089
-0.04916504025
0.01452797092
0.04583860189
0.02720665373
-0.01296919119
-0.0006628013798
0.02427285723
-0.06213957071
-0.004004926421
0.01400519814
0.01177923102
-0.0735514164
-0.01256830245
0.03442119434
-0.01138635445
-0.01152002905
0.007327566389
0.02032410167
0.01873823628
0.0262558125
-0.008042890579
-0.0216268301
0.02419366688
-0.06640455872
0.02430287749
-0.01626847871
-0.02187705599
0.03066297993
-0.007931699976
0.02514581569
0.01910971105
-0.05612495914
-0.07646802813
0.01144233532
0.02305028774
-0.004427158739
0.003563088132
-0.03845278546
0.03159419447
0.04610826075
-0.01846656017
0.03674773499
-0.02070624195
0.007741936482
-0.03108006157
0.02925462835
-0.02517589554
0.01329561602
0.02678591013
0.0403082259
-0.03016090952
0.007304465398
-0.05930345878
-0.01339734439
-0.06018762663
-0.1217208728
-0.008624393493
0.006679099519
0.03474863619
-0.01240958925
-0.06913628429
-0.1012549624
-0.1796084344
0.09256663173
-0.1155773997
0.0007182475529
-0.01929630712
-0.08887445927
0.006606331561
0.01737158
-0.05932940543
-0.1986582577
-0.05512438715
0.04813026264
-0.01402870845
-0.04671141133
0.02302714624
0.02498458326
-0.07325982302
-0.2841421664
-0.1450248361
-0.00338538806
0.08011793345
0.113522619
-0.07704848051
-0.04009331763
-0.09684988111
0.1109817326
-0.1137682945
-0.07659561932
-0.07878389955
-0.02000213228
0.02825673856
-0.1446909308
-0.1532852054
0.0243995674
-0.02648482285
-0.1905977726
-0.01867219433
-0.1878029704
-0.08008045703
-0.1223114952
0.009547306225
0.002309291391
-0.07543636858
0.04262749106
-0.05358824879
0.1456240267
0.01622440107
0.05299069732
0.1253376156
-0.2285674214
-0.1712768227
-0.1080385223
-0.1075123847
-0.01731361076
0.009859872051
0.1273206174
0.008748845197
-0.005983984098
-0.09836962074
-0.148196891
-0.1540497541
0.05617948622
-0.04055013135
-0.02020979114
-0.04579598829
-0.01531598344
0.03482747823
0.0749380365
-0.005022882018
-0.004044751171
-0.07246866822
0.042766653
-1.453736331e-07
0.04712714627
0.03435428068
0.05159839615
0.1426916718
0.07242269814
0.00127852126
-0.001989189303
-0.01083918288
-0.05285925046
-0.07968942076
0.04373107478
-0.05683785304
0.06033316627
-0.06020404771
-0.03625971079
0.003590370528
-0.03165751323
-0.01809067279
-0.002871001605
0.06471081078
-0.01735170372
0.03875509277
-0.03077003919
-0.03417571634
0.04589153454
-0.004444618244
-0.04345903918
-0.02332815528
-0.02840197645
0.02286961861
-0.06889215112
-0.07668039203
-0.04740467668
0.02310862206
0.01675105654
0.02276178263
-0.04324503243
0.01371540036
-0.006505304947
0.04998933896
-0.03837753832
0.02351940796
-0.07133410871
0.01018164773
-0.09071712196
-0.02582566068
0.01956675388
-0.04964430258
-0.01233128458
0.0470774509
0.04576205835
0.004454419948
0.05996986851
0.08138369769
0.02545202896
0.04938049614
0.08332634717
0.07491669059
0.02960602194
-0.002139869845
0.07948655635
-0.01103464607
0.01044472307
0.0377921164
-0.04394757375
0.02137433551
-0.0246543102
0.01842590794
-0.05567001924
-0.07135136425
0.04192683101
0.05538924411
0.1650111675
-0.1054725647
-0.02234979719
0.06640056521
-0.02279799804
-0.05763820931
-0.1509589404
-0.01055447198
0.03404105455
-0.1811026186
-0.05752814561
-0.02326395735
-0.03976250067
-0.05288337544
0.07523342222
0.002548402175
-2.085219603e-05
0.0704234764
0.01801789366
-0.006054453552
-0.05475481227
0.07109338045
0.01171583962
-0.05656795204
-0.06301438808
-0.03195223585
-0.003601545701
-0.05538637564
-0.005030469038
0.04320208728
0.06973080337
0.05814763531
-0.05529799312
-0.02912407182
-0.02201120742
0.03797638044
0.006525113247
-0.1151542515
-0.1642966419
-0.1424038708
-0.02024640702
0.09959559888
-0.08175096661
0.04537346587
-0.03424815834
0.01131339278
0.04803139716
-0.07571277022
-0.0460308753
-0.2008401603
0.08371341228
-0.0411051698
0.02371833473
-0.02442847006
0.0461628288
0.03054795228
-0.06590612978
0.007018519565
-0.02756865509
0.09383554757
-0.05955503881
-0.04616408795
-0.03041099757
-0.02296518534
-0.004657119978
-0.008537319489
0.01718567498
0.03302041814
-0.01753444225
-0.04069776088
-0.1013183147
0.01220389176
-0.03233640641
-0.04224878922
-0.0246552825
-0.004900681321
0.04191276431
0.02744404413
0.02076094039
-4.260842979e-05
-0.09696271271
-0.07872352004
0.004469973501
0.01641533896
-0.08951138705
-0.0003871332738
0.03032703139
-0.02453232743
0.03264184296
-0.07131557167
0.0534918122
-0.009388118982
0.01579422131
0.01996622048
-0.01349949092
-0.03480053693
-0.03802367672
0.005635956302
-0.01293862332
-0.04375701025
-0.02617962286
0.04382132366
0.008917246014
-0.005107900593
-0.05216345564
0.1315279454
0.01590077579
-0.00670014834
-0.01450563967
-0.001338377013
-0.03631537035
-0.0121291168
0.03386611864
0.03110754304
0.03381074592
0.01408637781
0.06697771698
0.07878112048
0.0541433394
0.1232116893
0.01444758195
0.04453469813
0.01918664202
0.003816336161
0.006045110524
0.04250730574
0.06032217294
-0.03504632786
0.1239283532
0.009998272173
0.08888380229
0.04248474166
-0.07160182297
-0.05739564449
0.02542832494
0.05792913213
-0.01317005325
-0.09099442512
-0.1277951896
-0.03911345452
0.009326223284
0.01756401174
-0.08178374171
-0.08760461956
-0.03279108182
0.01669724099
-0.04096093774
-0.006379913539
0.03093744069
-0.0647213012
0.08757835627
-0.003624873469
-0.08433523774
0.003636983456
-0.03585812449
0.01309708133
0.02618425153
0.04878868535
0.01694346219
0.005444347858
0.04382936284
-0.04345084727
0.02113070153
0.03889089078
0.04409095272
-0.03994221613
0.002162651392
-0.1510288417
-0.01556789596
0.02371421084
-0.0540391542
0.00606372254
-0.08865386993
0.04779550433
0.03147857636
0.07768854499
-0.08818740398
-0.1269415617
-0.06520484388
0.01728633605
0.07554655522
0.01594512351
0.1654096693
0.004978374578
0.08369243145
0.02715486474
-0.06556849927
0.03194874525
-0.0187243782
-0.005760070868
-0.007425834425
0.05519052222
0.06790495664
0.0116438102
0.01004188228
0.00928690657
0.03828921169
0.01404706854
-0.05134829879
-0.01835862361
-0.007819317281
-0.0009410670027
-0.02558923885
-0.02265716903
-0.0251018703
-0.02456177212
0.02483560145
0.1117532179
-0.02882660925
-0.08500490338
0.01561628189
0.0252222456
0.05615603179
-0.02490573935
0.009228559211
0.01739741676
-0.01012514718
0.04326401278
-0.007784680929
-5.869757661e-05
0.001106709242
0.02500220202
-0.07751262188
-0.02002737299
0.03405517712
0.005478426348
0.003917101305
0.1477467865
0.0127185313
-0.0390531607
-0.007440797985
-0.05160546303
0.02099002898
-0.03239272535
-0.002567540156
0.05311123282
-0.04510071501
0.09438682348
0.009383914061
0.1085907444
-0.02852309681
0.01891568489
-0.08356544375
-0.03316862136
0.02681409009
0.02130990475
-0.1045726612
0.03191542625
-0.1460813582
-0.04904900864
-0.076865457
-0.04680752382
-0.09140853584
0.0463941209
-0.05437932536
-0.08147086203
0.06021659821
0.1363559365
0.02831293084
-0.09102305025
-0.001964202849
-0.01276733354
0.01744855568
-0.07581555843
-0.001956551103
-0.08910817653
0.1261122525
0.003529428504
-0.05508734286
-0.01658036746
-0.05669078976
-0.01475549396
-0.1378004104
0.07511027902
-0.02196739987
-0.07216858119
0.004709157627
-0.03315203264
-0.09318490326
-0.004906385671
0.08124710619
-0.08379015326
-0.08955048025
0.05911395326
-0.03016639501
-0.002383835381
-0.000703646685
-0.01820920967
-0.09119695425
0.0106177181
0.0243790634
0.108337678
-0.01174858771
-4.134330084e-06
0.1276465058
-0.1099948585
-0.07789689302
-0.01543110609
0.1304911971
-0.135639295
0.104495272
-0.009779466316
0.01151147299
0.04396687075
0.1170450896
0.09854155034
-0.08154921979
0.02391101047
-0.1417497545
-0.03161083162
0.07868427783
-0.02951350249
0.05122835189
0.03258421645
0.02921531163
0.06206869334
-0.05343559012
0.02341092192
0.009390535764
0.02198831923
-0.01502618007
-0.03352533653
0.02225094102
-0.0004766976053
-0.02659017406
0.02753991075
0.0104376357
0.01590784453
-0.04725492746
-0.03722825274
0.03912232071
0.108205311
0.02305852994
0.08075445145
-0.01069764886
-0.06601517648
0.01087806467
0.02306874283
0.0003526537621
0.00627799239
-0.01832868904
-0.03067763895
-0.05347850919
-0.009736138396
-0.00492610177
0.04384376854
-0.06345663965
0.04204142839
-0.03277797624
0.0303096734
-0.03845534101
0.06061979011
-0.041302789
0.03985818848
-0.09007339925
-0.02912969887
-0.02856796235
-0.003333929926
0.0156317465
0.008481875062
0.05364117026
0.01041211188
0.05897280201
-0.02246287465
0.03573571518
-0.01397581305
0.1739833802
-0.01017356571
0.1639565974
0.2187776417
-0.001327638747
-0.002255960833
0.07150281966
0.139773041
0.01185869239
0.1425517499
-0.02477303147
0.08548726887
-0.1026610509
0.01497774851
-0.01201944146
-0.1355946809
-0.08893804997
0.0858469829
-0.1960582733
0.03097448125
0.09117265791
-0.09377655387
0.002291179728
-0.02753802203
0.01283856574
-0.0140397558
-0.02003039978
-0.0217812378
-0.2514470816
0.01963687502
0.09253241867
0.09750892967
0.0590903163
0.09123022854
0.0290051233
0.1351640224
-0.1140324697
0.002702995203
0.04225058481
0.05100213736
0.2094875425
0.0352056399
-0.1237292662
0.1132703498
-0.08624196053
-0.1331609488
0.05452721566
0.1470237076
0.09293948114
0.05885075405
0.115932323
0.08995296806
0.03964972496
0.03710095212
0.2399163246
-0.2064843178
-0.2451505959
0.2997869253
-0.1391275078
-0.01374964695
0.002564289141
0.04257366806
0.02893316001
-0.009172970429
0.05640725046
0.1392108798
0.06276687235
-0.05584877357
-0.03331018239
-0.1269920468
0.1211451367
0.07824927568
0.05495362729
-0.01248232741
0.0817072317
0.08810748905
-0.05424493924
0.138397187
0.07747816294
-0.04650861025
-0.004666166846
0.06850426644
0.1332598925
-0.0714577958
-0.003990892321
-0.01744548604
0.05521632731
0.02221795358
-0.08027331531
-0.0421584174
-0.03603089973
-0.03988754749
0.02596006915
0.1094521582
0.02005401067
0.03394914046
-0.01299179159
-0.03441546857
-0.06243799627
-0.02717305161
-0.02772035077
0.01822032593
0.006722995546
-0.07964248955
-0.09006495029
-0.01776559837
0.05955570936
0.02405744419
-0.1243607253
-0.09451600164
-0.08612160385
-0.04026314616
-0.07546980679
-0.05495372415
0.1119174212
-0.07890036702
-0.1082721725
0.04940457642
0.004379185848
-0.02618310601
-0.02311312221
0.153740257
0.0862730965
0.1726970226
-0.00578917237
-0.05898383632
-0.02572846785
-0.06110976264
0.05063935369
-0.07625454664
-0.03419762477
-0.04505502433
0.2036611438
-0.08475645632
0.1693721861
-0.04343858734
0.05549506098
0.2250535041
0.1707914472
0.05947405845
0.1125420555
0.03647086397
0.1189510077
0.08003970236
0.09569343179
0.1332416236
-0.1630482376
-0.06980650127
0.138828665
0.03366621956
0.07054269314
-0.01768722758
-0.2012883127
-0.04431628436
-0.0006085854257
-0.05056874827
-0.1679982692
-0.05566043779
-0.05264616013
-0.05439876765
-0.03527528048
0.1048964038
0.1738651097
0.09722671658
-0.2215929627
0.1693165302
0.01521111745
0.07843624055
0.1261070222
0.01573538408
-0.1446696073
0.04450013861
0.0162365362
-0.02005535923
-0.1221486852
-0.1260465086
0.004801829346
-0.1810088754
0.2695861757
-0.05131197348
0.1244089827
-0.02284665965
0.05937490985
-0.0976306349
0.03129125386
-0.1220603436
0.01352414582
0.132585898
0.04447343946
0.02565322444
-0.1307240874
-0.02730412781
0.05998467654
0.04555913806
-0.01059829164
-0.08540447801
0.07778679579
-0.07151219994
0.08152876049
-0.01748023368
0.0416594781
-0.04388219118
0.08111324161
0.1269357651
-0.01999201439
0.0538116917
0.1652608514
-0.08221510053
-0.05297004431
0.09359753132
0.03756647557
-0.0306916032
-0.01770020835
-0.04888469353
0.02762201801
-0.05019142106
-0.02789217047
-0.05721684545
0.03241767734
-0.02374341153
-0.08802928776
-0.02438889444
-0.02133768983
-0.03102820553
-0.038193129
-0.02964081429
0.00642543612
0.02399374545
-0.04231086373
-0.008124024607
0.04619280621
0.009632611647
-0.03972962871
-0.01719593816
-0.0219745636
0.0195052065
0.004544405267
-0.07752405107
-0.01771315932
0.012144587
-0.003889543703
-0.04049197584
0.09889954329
-0.09689796716
-0.05290354416
-0.02195770852
-0.001236167038
-0.003247989342
-0.02137268893
0.03873795643
0.07306005806
0.08248612285
-0.009452513419
0.01169777103
-0.07053138316
-0.1307019144
0.07974996418
0.06287844479
0.06689914316
-0.1417799443
0.1598829925
-0.07942070067
0.04359969497
0.08680005372
0.007271268871
-0.1614561379
-0.1205604002
-0.0190860983
0.06453111768
-0.1676310301
0.2456913739
-0.0391086787
0.009356728755
0.04511800408
-0.2385719717
-0.03601830825
-0.05216982588
0.1966546774
0.1666840464
-0.03261429444
0.03227657825
0.06961078942
0.04907390848
-0.0312297903
-0.1768881679
-0.1356189996
0.01682881452
0.1221075505
-0.1285499781
-0.1048940718
0.1535795331
-0.08105899394
-0.1458698213
0.04744964093
-0.04228095338
0.06024629995
0.01875972748
0.08422534168
-0.08421336859
-0.1034488082
0.1190395281
-0.07846412808
0.1508577615
-0.1160002574
0.0009108639206
0.06576442719
-0.06405893713
-0.2298419625
-0.1018935665
-0.05908592418
0.06893720478
-0.0201936923
0.1037284881
-0.2213141471
0.03519819304
0.05389174446
-0.1954655796
-0.02663625404
-0.1748397499
-0.04810479656
-0.07995494455
0.1088521332
0.03649290279
-0.03659211099
0.1116883084
-0.003731293837
0.1120408624
-0.08924416453
-0.03231282532
0.02751939744
0.008159743622
0.01618299261
-0.04449687153
0.0743175596
0.01477143727
0.01228866633
-0.02990651131
-0.02014957555
-0.03933379054
0.01044129673
-0.02420131117
-0.02583121322
-0.002426566556
-0.01983605325
0.02117304876
-0.007248395588
0.04848922789
-0.03161520883
0.05327817425
0.02386260033
-0.02170695923
-0.08149134368
-0.01778967679
0.01407855097
0.0327253975
-0.01356808003
-0.05741530284
-0.01787755266
0.003629249521
0.0432594642
0.1194432303
0.02543509938
0.008778216317
-0.07111612707
-0.02805851959
-0.04785065725
-0.009443509392
0.0271822717
0.0565219745
0.02567776106
0.05863094702
0.01656484604
-0.03816731647
0.1047970206
-0.07613825798
-0.1429590881
0.001963233342
0.09343036264
-0.01469075307
0.1052221209
0.02366460115
0.0152419284
-0.0190281719
-0.01897950843
-0.09990752488
-0.1098059267
0.1773072928
0.07359178364
-0.07246535271
-0.01261663716
-0.1494259983
-0.0419876799
0.1365411729
0.08446455002
-0.007268120535
0.03092870675
0.131411463
-0.04780195653
-0.04386709258
-0.03962799907
0.06552037597
0.0009658604977
-0.230223164
-0.1553754359
-0.2215342373
-0.0825567618
0.09377098829
-0.005108004436
-0.1451964378
-0.07605032623
-0.03156801686
-0.1251628399
-0.02125158533
0.05354353786
0.06008801609
0.3431742787
0.005163063295
-0.02920643799
0.0888382867
-0.09279488027
-0.291580081
0.1048510745
-0.1213405952
-0.1309311837
-0.06402710825
0.0289682094
-0.1538717151
0.03170112148
0.1131451949
0.1437476873
-0.01552042831
0.2264204323
0.09249017388
-0.02838553861
-0.2042178214
-0.2621276677
-0.1280887872
0.2343629599
-0.04582980648
-0.08609712124
0.1996951699
0.2557770312
0.001912253792
-0.05631138012
-0.1234063804
-0.136006698
0.139489755
-0.0530670546
-0.1414254904
-0.003306522733
0.04388646409
0.158338353
0.1735979319
0.08124120533
0.02143627591
-0.2373322546
0.219668895
0.0004763781908
-0.1642551422
0.2136915922
-0.0003251719754
-0.07883794606
0.01917373575
-0.01802672446
0.005538117141
-0.1783623993
0.061183054
0.0976870358
0.03489475325
-0.07014203817
-0.1846856326
-0.04384547845
0.0361225903
-0.05810362101
0.08109418303
0.06662523746
-0.1263069808
0.0219227355
0.08535598218
0.1944364011
-0.002095115371
0.05238040164
-0.06562888622
-0.2576119602
0.01068411395
0.06893160939
0.07486923784
0.1693190038
-0.01894675009
0.02331086621
-0.05813116208
-0.05980899185
-0.04436645284
0.00458994275
0.02595607936
0.00418374408
0.002511458704
0.1347718239
0.09541160613
0.053529419
-0.1418563575
0.009672675282
-0.09038143605
0.06361834705
-0.02416322939
0.1869452447
-0.001028400264
-0.01032905746
0.006389336661
-0.0629466027
0.09382364154
-0.03164088354
-0.0535434857
-0.009568151087
-0.02970248833
-0.05937803164
-0.03580117971
-0.01122616883
-0.07918687165
-0.1677295119
0.01470804121
-0.1229577661
-0.07514739782
-0.09073098749
0.1502613127
-0.03917095065
-0.05962345749
0.05314343795
-0.01354219578
0.04957813397
0.07467183471
-0.08899661899
0.008603553288
-0.08167234808
-0.02999365889
-0.05969069153
-0.01850979216
-0.05723543838
0.08087129891
-0.06495393068
-0.0352197662
0.01970912144
-0.006609892473
0.05200606212
-0.05898945779
-0.08256103098
0.04638075829
-0.06911452115
-0.005458941683
-0.02542518266
-0.1218241826
0.05877879634
-0.1100831181
-0.02598793991
0.04057924077
-0.06956977397
0.0132768359
-0.01743095927
0.1212786809
0.01598692685
-0.05795926973
0.0007784486515
-0.1220978349
-0.1400236338
-0.0563079007
-0.1244898438
-0.03820396587
-0.04112141952
0.06706892699
-0.01845842414
-0.003217851045
-0.02413571626
-0.0283474382
-0.03460083902
0.1101648659
-0.00426268205
0.0337811932
-0.1729492396
-0.03813233599
-0.04291729257
0.04534459114
0.0076674507
-0.007488117088
-0.02530912682
-0.03306077421
-0.006910010241
-0.01044559851
0.01099820156
0.01574136131
0.0506875813
-0.0168516729
-0.001109185629
-0.0008852413157
-0.09413021803
-0.04102145508
-0.003119932022
0.04801794887
-0.008787084371
-0.02744008973
-0.04197958484
0.03611600399
0.0328756161
0.02682100795
-0.00381271285
0.03644730896
0.06366520375
0.02943385206
0.06764248013
0.0007847286761
-0.01768682338
0.02649070509
-0.1058478728
0.01940516755
-0.01159748808
-0.08356910199
0.006839743815
-0.07910824567
-0.01724995114
0.04594135657
-0.07089352608
0.01921320148
0.04875642806
0.02021659911
0.001562823425
0.06060084701
0.003676913679
-0.05325914174
0.05486168712
0.01622178964
-0.03927870095
-0.04171169549
-0.07033201307
0.04779375345
-0.08435037732
-0.0979744494
-0.02228430286
0.05546547845
0.02782474831
0.09566541016
-0.07788795233
-0.117777653
0.0962466225
-0.03188781068
-0.03990952298
0.07890189439
-0.04610491544
0.1259791404
0.07675694674
0.2515763938
-0.08755981177
0.07706086338
-0.05489666387
0.01639934815
-0.002913590055
0.1171492636
0.02491514757
-0.09650544077
-0.05598562956
0.07170666754
0.03898796067
0.1116938666
0.06796518713
0.03364995122
0.03786043078
0.0241075512
-0.04117883742
0.07042322308
0.04474279657
-0.03598249704
-0.04564387724
-0.006381990388
0.1655731052
0.1635333747
-0.0148776779
0.01583712921
-0.1323945969
0.2099233121
-0.06593203545
-0.05712820217
-0.05342335999
0.1919793934
-0.09228226542
-0.04906970263
-0.004754377529
0.1123602241
0.01717775688
0.003139235079
-0.1964320242
-0.009216916747
-0.04846160114
0.1583090276
-0.01491129026
0.1378697753
-0.1007934958
0.004125812091
-0.02682076767
0.05811891705
-0.03902769461
0.09010070562
0.05048306659
0.06849759072
0.06765230745
0.1475165337
-0.03310835361
0.05894163623
0.1499153525
0.02784753777
0.14021945
0.01009648386
-0.03748296946
0.1572083384
0.05029105023
-0.01680924185
0.07786417007
-0.1406489015
-4.079510836e-05
0.0994784385
-0.09200300276
0.1188510433
-0.01919608377
0.00259526819
-0.09874865413
0.04415460303
0.07681600004
-0.08153514564
0.008109972812
-0.04730803147
0.06247225776
0.07880880684
-0.1002121642
-0.2018063813
0.02749280259
0.02390131541
-0.05420871079
-0.049871061
0.1533475965
-0.000844876864
-0.01713824645
-0.1229283586
0.08278702199
-0.0205385033
-0.005185525864
0.03782689571
-0.0002464027202
-0.04829535261
0.09450688213
-0.02590921521
0.08344237506
0.06906607747
-0.003146274248
0.01944886148
-0.05278144404
0.08069470525
0.0279128179
0.03563488647
-0.07967019081
-0.02041877992
0.02985909767
-0.01406959072
-0.07220476121
-0.007405715995
0.1150466949
0.1397633702
0.04830253869
-0.08407488465
-0.02151069231
-0.1293361932
0.03119646944
0.05078477412
-0.01441881061
-0.01702144183
-0.06584553421
-0.08132791519
0.03328161687
0.05319444835
0.0151663376
-0.06543193758
-0.0653617233
-0.06477302313
-0.05696817115
-0.05654415116
0.05200768262
-0.04558235034
0.001698527369
0.02148188464
0.05508973077
-0.05150029063
0.04512672871
-0.05695818737
-0.08664815873
-0.1640493721
0.008304714225
-0.003009768203
0.0387551412
-0.01021580771
-0.06509437412
-0.176020965
0.03171757236
0.0270102378
0.1000861302
-0.00389971328
-0.06997984648
-0.007200558204
-0.06624016911
-0.002502091229
0.01840466633
0.08683872968
-0.06672878563
-0.01867568679
-0.01842796803
-0.02169971913
0.04527678341
-0.03784061968
-0.04917577282
0.05453934148
0.1293101013
-0.01613588631
0.04404690117
0.140207082
0.07484766096
0.1260789931
0.0383801423
-0.01284720376
0.02877701074
0.02275417186
-0.03423427045
0.03492089361
0.0547342971
-0.05890280753
0.1118315086
-0.02832379937
0.03615646064
0.03324054927
0.007126507349
-0.08349836618
-0.09452971816
-0.03836193681
0.04896415398
-0.1132511795
0.006722662598
0.05680853501
0.02102807537
-0.01664853282
-0.04906420782
0.01699660718
-0.06411454827
-0.1154844314
-0.02768087946
0.01387647726
-0.01277526282
0.02582716011
0.02392102964
0.005979512818
0.01253743749
-0.04825569317
0.001596220536
-0.02872407623
-0.01944655925
0.05764422938
0.03480890021
-0.03447426111
-0.0460138768
-0.03115795925
-0.01463993825
0.01219644677
0.02785946056
-0.008900369518
-0.07223852724
0.02491584234
0.02117343992
0.07308014482
-0.02810116671
-0.009401273914
0.04656652361
-0.02346754447
-0.06495700777
0.002930595307
-0.01753678545
0.02319785766
-0.01219679415
-0.0217870269
0.0008390031289
-0.008442858234
0.0001045500685
0.04274148494
0.06872229278
0.008137932047
0.04041260481
-0.004706939217
-0.06612870842
-0.02170439251
-0.05375018716
-0.02987737022
0.04773718491
-0.001592844725
-0.1446754336
0.005715626758
-0.09402936697
0.1695091128
-0.02712847292
0.1864270717
-0.04975595698
0.06925241649
0.06610610336
0.09012427181
0.00341249397
-0.09204226732
0.06555914879
0.1863325238
-0.02200763673
0.1006238982
-0.2484573275
0.06780243665
-0.03504826501
-0.1757075191
-0.03994105384
0.08611667156
-0.01515736897
0.1246233881
-0.1612085551
0.04295780882
-0.1157273352
0.04602704197
0.05932171643
-0.005105163902
-0.3841871619
0.02357069403
0.0247947257
-0.1275525838
-0.07251919806
-0.03575506434
0.1213341132
0.1674203724
-0.1186407283
-0.1945078671
-0.1442883164
0.00931999553
0.3324200809
-0.08084764332
0.09691794217
0.02091546729
-0.04646171629
0.08667681366
-0.2704668343
0.0975965485
0.1056550294
-0.1946034431
-0.3038139343
-0.2906281948
-0.1825979203
0.05876164511
0.05569601804
0.1161176562
-0.1925832629
0.151061669
0.001923971926
-0.06559314579
-0.1332439482
-0.1850508451
-0.002988886088
0.01107411366
-0.07441044599
0.07891898602
-0.05886951461
0.07629474252
-0.002279823879
0.01535482332
-0.1275687814
-0.008995583281
-0.03751462325
0.02028978057
0.1117101312
0.04738393053
0.02055942826
-0.1086420566
0.0145637719
0.04069040716
0.01947425492
0.03180499375
0.006429024506
-0.03364578262
-0.02798996679
-0.0753158778
-0.01291023567
-0.05494941771
-0.002924352186
0.02163418196
-0.02950637974
0.03720766306
0.005668894388
0.09338922799
0.1258361042
0.006058396772
0.04638404027
0.01588890888
-0.03948011994
-0.003338184906
0.02532395162
0.04170612246
0.1908361912
-0.09945797175
-0.0171873793
0.01599312201
-0.1669157594
-0.08469150215
0.03179429471
-0.06404858083
-0.0151376538
0.08757467568
0.07144165039
-0.03074336424
0.01376293227
0.01046161633
-0.01787710004
-0.0241187755
-0.0445522964
-0.02311559394
0.08177724481
-0.07510570437
-0.04050353542
0.03481268138
0.008127865382
0.007896323688
-0.1849422157
-0.09380576015
-0.1145886257
0.07217094302
-0.09702913463
0.0218255911
0.01940838248
-0.03646120429
-0.100416705
0.03685600311
-0.08807691187
-0.06636000425
-0.005099403672
0.2061784416
-0.02881996147
-0.05877625197
-0.03950588778
-0.05492812023
0.07577845454
-0.3909004927
-0.1088625789
-0.03111945279
-0.06043321267
0.05949860439
-0.05377478525
0.04091126472
0.03211582452
-0.0300417468
-0.1005321369
-0.2047899812
-0.07643844932
-0.05464943498
0.118445389
-0.1141966432
-0.08560612798
-0.007048337255
0.007489212323
-0.1731994003
-0.1423876286
-0.04883893952
-0.04676472023
0.1070937738
0.07324749976
-0.02160982229
-0.09901887178
0.1072628349
-0.122042954
0.1719717234
-0.0004480951175
-0.02410617843
-0.01318806224
-0.09904928505
-0.209198609
0.01440446824
-0.2180288285
-0.05149953067
0.005132941995
0.2672009468
-0.005544266663
0.06515153497
-0.05484307185
-0.143414095
-0.1584209353
0.04100038484
0.01352972165
0.02332808077
-0.06811257452
-0.0821082592
-0.08202778548
0.01813186891
0.01831127331
0.0144607313
-0.1412074566
0.01878080145
0.01489107963
0.06448480487
0.08288881928
0.04058354348
0.0961458385
0.1337044686
0.003573786467
0.02017191239
0.008443127386
-0.02641516738
0.02424988896
0.02214351669
0.01969318651
-0.06719751656
-0.03311471641
-0.04174671695
0.00265382207
0.008705093525
0.02916515432
0.0185902752
0.03341618553
-0.01532701775
0.01052904315
0.05544732884
-0.004943616688
0.09425832331
-0.08763413876
0.02693253383
0.004731399473
-0.002680743579
-0.005340572447
-0.1445796043
-0.02911007404
0.006611946039
0.01504762005
-0.04261257872
0.05712467432
-0.004404593725
0.006430385634
0.04345580935
0.02964320965
-0.1167524084
0.05039956048
0.04486955702
-0.07590930909
-0.06184506044
-0.03324823081
0.02035015076
-0.1433871239
-0.001998115331
-0.1360555142
0.04146614671
0.03503645957
0.09573988616
0.1014461815
-0.09204269201
0.01504810993
-0.04764861614
-0.1592008322
0.05097143725
-0.03786588833
-0.02705605328
0.03187029064
-0.004778438248
-0.05911911279
0.1258436143
-0.01995782927
0.08020461351
-0.004153237212
0.1196762621
-0.02998698689
-0.04216280207
-0.01408483181
0.07117725164
0.13416785
0.007882014848
-0.03820405528
0.01007010695
0.07899204642
0.0284058433
0.08633486927
0.1655195504
0.08237424493
0.05654998496
-0.1087994501
-0.04601234943
-0.0128443893
-0.008367147297
0.1514816731
-0.03952273726
-0.04270402342
0.0671319142
0.04392491654
-0.02629477344
-0.132433936
0.1580248326
-0.0487854369
0.04780079797
0.07881199569
-0.05305079371
0.0005422190297
-0.1093347073
-0.01270858757
0.006402682979
-0.04795622826
0.1396505684
0.06142756343
0.05689749867
0.1806150079
-0.1064604148
0.1875644624
-0.2403409183
0.1874657869
0.07841275632
-0.08411005139
0.1232868209
-0.08474010229
0.009047414176
-0.03684087843
-0.0909454748
0.1427121907
0.03226674348
0.1024697497
-0.07712919265
-0.07727124542
-0.07664085925
0.047644604
-0.01209457777
-0.05349607766
0.07869856805
0.01496621594
-0.02463677526
-0.144542709
0.08257672191
-0.009754458442
-0.03641703352
0.00596738141
0.03746691346
-0.03285802156
-0.06627506018
-0.02459279448
0.07116667926
0.03741981089
0.06102724001
-0.04566278309
-0.09572763741
-0.01190012973
-0.03326372057
-0.01653422229
-0.001649324317
0.03325333446
-0.04650935158
-0.03067068197
-0.1368070543
0.1341079175
-0.04795173556
-0.04645736888
0.09190109372
-0.1004424542
0.05255169049
0.02178503387
-0.01539635565
0.0206882637
-0.01460575778
-0.03043310903
-0.07738496363
-0.04091400653
-0.06400938332
0.005626385566
0.01922171377
-0.08374438435
-0.07019591331
-0.06835009903
0.01927085966
0.02465763316
-0.08928340673
0.03846811131
0.1289954633
0.01493335143
-0.0298295524
-0.07499711961
-0.04552773014
-0.03741369769
-0.09344487637
-0.1315410435
-0.2079461515
0.05048934743
0.03296227753
0.05262329802
0.04220652208
0.05443353578
0.1532851607
-0.06033546478
-0.1028716937
0.005444414914
0.09069573879
-0.02788015269
-0.06419362873
-0.03847474605
0.1448167861
0.1276705265
0.0654111281
-0.2147098333
0.01490509883
-0.197338298
0.08615573496
-0.05231799558
-0.07084850222
-0.05848675221
0.02029095404
0.04205686226
-0.08000546694
-0.1292464882
-0.1073272601
-0.05361298844
-0.1592988819
-0.04621250182
-0.2563436031
0.1070777997
-0.1808738708
0.05949565396
-0.01079336647
-0.1081670895
-0.1025322601
-0.1010241136
-0.1207205132
0.08082973957
-0.03408109769
-0.1496974677
0.07170633227
0.2291243821
0.09751494974
0.1201639995
0.07545428723
-0.08935408294
-0.1051245108
-0.03548144549
0.01485582069
-0.009970049374
-0.1021599099
0.04338089377
-0.08122252673
0.065772973
-0.1866268814
-0.1493995339
-0.03749737889
-0.02058472112
0.006246312987
0.008389487863
0.1065916866
0.05855083093
0.02841646224
0.03988808021
-0.1226088256
0.008750822395
0.03243812174
-0.01812706701
0.07363279164
0.1017988622
-0.01324287802
0.05495772138
0.02096735686
-0.04480741546
-0.01727371663
0.1012283266
-0.04162681103
0.04212012887
-0.02603607066
0.01285523828
0.1126104817
-0.01063772663
-0.04729680344
-0.02179261111
-0.0353109315
0.04104450718
-0.04503088817
-0.02728083171
0.05942635983
-0.001213035779
-0.02143372037
-0.02090870216
-0.05209129676
0.03203774616
-0.01746630669
-0.01088830922
-0.02781184576
-0.05852958933
0.02569271252
0.07317139953
0.03194722161
-0.1320682019
0.001902141725
-0.0252432581
-0.01756906323
-0.06283003837
-0.01782439835
0.0180218257
0.1164215282
0.03156695887
-0.0260096956
0.009833927266
-0.07474028319
0.1202652603
-0.01618789323
0.14666906
-0.03633297235
0.07362397015
-0.005222386681
-0.01194429584
-0.09309785813
-0.01328256726
0.139617756
-0.08998328447
0.04780715704
-0.02129960991
-0.01740672812
0.04403763637
-0.05667510256
-0.1204854771
-0.1481357962
-0.007621624507
-0.1701043546
-0.01655288041
-0.1651689112
0.007955315523
-0.1205154508
0.0242970027
-0.07846852392
0.04181282595
-0.01685188897
0.05320423841
0.03935657442
-0.01761610992
0.03163228557
-0.01228309888
-0.04099208862
-0.06784456968
0.1001380533
-0.1159877628
0.06238798052
0.075269036
0.02584472671
-0.047771018
-0.0412235558
-0.01587957144
-0.1512156874
-0.04634727165
0.03150406852
-0.04322658107
-0.04014518112
0.02461303957
0.00439949939
-0.06783875823
0.07590117306
-0.06125382707
0.1406328231
0.06340146065
0.001009682659
-0.01470846497
-0.05969752371
-0.02382545173
-0.09209740907
-0.1313958913
-0.08818988502
0.001571769128
-0.06956727803
-0.04930312559
0.07993002236
-0.1316609383
-0.004371491261
-0.04418561235
-0.09379483014
-0.109003067
0.0204533264
0.002397706732
0.01575119607
-0.1022975594
-0.02052066103
-0.07837744802
-0.03896904737
0.01910613477
0.10969951
-0.09550020844
0.01287784427
0.00805084873
-0.033489611
0.01420285832
0.05351537839
0.01668966562
-0.1408756971
0.06196542457
0.01854992285
-0.04347142577
0.04696683586
-0.0143314274
0.07165725529
-0.005435465835
-0.00455641374
-0.00862634182
0.02097689547
0.02178871259
-0.09854059666
0.01671373658
0.04330613837
0.1216319948
0.009622265585
0.06107500196
0.01624189503
-0.07166808099
-0.07171596587
-0.07108493149
0.01527449768
-0.004980416503
-0.03837680444
-0.07817901671
-0.06073184311
-0.0838362053
0.01113400795
-0.04482904449
-0.03607706726
0.06914237887
-0.01664382033
0.01125843171
-0.0385569483
0.02258986793
-0.09288728237
0.05820095912
-0.01963345893
-0.1564935446
-0.07295449078
-0.02772103623
0.002703487175
-0.1572933793
-0.05732838437
0.0096368175
0.06739936024
0.03245396912
0.08402559906
0.01533067785
0.2457467914
-0.03702602908
-0.03057635576
-0.1012075692
0.003532044357
0.04405121505
0.009704815224
-0.167638585
0.08489414304
0.02515642904
-0.06362113357
0.1537168622
-0.03842627257
0.04991075769
-0.05455200747
0.02310457639
-0.05788299069
0.2128535509
-0.01467868406
-0.08779703826
0.1322370172
0.02000608481
-0.1746947765
-0.06689915061
0.05873659253
0.1711931229
-0.004531710874
0.04141772911
0.1305219531
0.1791795492
0.02373478562
-0.09627380967
0.08737327904
0.01796220243
0.0371597372
0.007303066086
0.1398151219
0.06235590577
-0.04629200697
0.04557760805
-0.03243079782
-0.07834747434
0.002362625906
-0.1383477747
-0.1461741775
0.143036589
-0.1521703154
0.1011313125
-0.03695464879
-0.0382351391
0.1137372851
0.06712856144
0.02585038729
-0.1746728271
-0.07203608751
0.01676332951
0.0829288289
-0.2171150893
-0.0246874541
0.03907624632
-0.119097054
0.09864228219
0.07785411924
0.006966937333
-0.1366265267
-0.04509618878
-0.04791079462
-0.05170551687
0.04625593871
-0.0007236822275
-0.002644743538
-0.05188848823
-0.02506726049
-0.02142036706
-0.140215978
-0.0019448807
-0.05469343066
-0.01460392121
-0.1059968248
0.04699042812
0.003788947361
0.007378949318
0.1605913937
0.07327416539
0.05028396845
0.03635011986
-0.05247681588
0.04177450761
0.07718274742
0.03632013127
-0.06649692357
-0.08594248444
-0.02558829077
0.03646893054
-0.04174340144
0.1598303914
-0.0001842465717
-0.00996792037
-0.02918487974
0.0696310997
0.03896243498
-0.01722414978
-0.01387890056
0.05557922646
0.005977574736
0.09298286587
-0.04205258563
0.01479275525
-0.008582914248
0.02886842191
0.02284133993
0.02632479556
0.02354925871
0.01900422201
-0.06304621696
-0.0414384678
0.08285868913
0.06908846647
0.02958810702
0.02363074943
0.02094988152
-0.2497111559
-0.1586212665
-0.04134182259
0.04186972603
-0.02226552553
-0.0006103134947
0.14384076
-0.01382630877
-0.0878886953
-0.06544919312
0.1992065459
-0.02213164419
-0.02386243083
-0.02344889008
-0.004529721104
-0.07653219253
-0.05437656119
-0.003646898083
-0.02102506347
0.02987829037
-0.05719191581
-0.07540015131
0.05208274722
0.0848402828
0.01438568439
-0.2063331455
-0.1101414785
0.03010418639
-0.08576054871
-0.09586019069
0.04746051878
-0.01041311957
0.001157987979
-0.0681925565
-0.05739034712
-0.08584030718
-0.01225018874
-0.01192648895
-0.07668138295
-0.01659414917
-0.1252463013
-0.2048333138
-0.04996176064
0.02445143275
-0.02216155455
0.06876021624
0.009868711233
-0.1185994074
0.1055133641
0.009525850415
0.08731918037
-0.1576912403
-0.07442135364
0.1375956535
0.03274340555
0.1054619476
-0.03181704506
0.07393727452
-0.1155520454
-0.0675201416
-0.06024928764
-0.05690731853
-0.09987029433
-0.02706161328
-0.02664939314
0.04417488724
0.02089743875
-0.0001020795826
-0.05816884711
-0.00138795434
0.04655696824
0.008338493295
0.04787920043
0.005879038945
0.00558427535
-0.03445115685
0.01468830649
-0.0403457433
0.01407358795
-0.04747442529
-0.02431037836
-0.1347474605
0.04424547032
-0.006338524632
-0.01234815083
-0.1237344593
-0.07410321385
-0.02218246646
0.07729721069
0.01114086434
-0.03382346779
0.002753583249
0.0004805651261
-0.07335026562
0.009840984829
-0.00494061783
0.004779037554
-0.1072783992
0.04875024408
-0.03493641317
-0.02136703953
0.0250011757
-0.0251679346
-0.01952090859
-0.01745491102
0.01734636165
-0.03079726174
0.02870942838
0.01139478758
0.03925764188
-0.03839875013
-0.0174946934
0.04206128046
0.02130303346
0.007037959527
0.03781413659
-0.04373987764
0.01164422743
-0.0219758898
-0.008869025856
0.003961253911
0.04915186018
0.01801146567
-0.015086703
-0.05659797043
0.02962066419
0.07568299025
-0.008434599265
0.02705761418
0.037945427
-0.02597824484
0.02631045878
0.007740369067
-0.01593575068
-0.1043679267
-0.05473500118
-0.04327382147
-0.08482430875
0.07763571292
-0.009871410206
-0.004025197588
-0.02059805766
0.06016973779
0.05269195139
-0.09821912646
0.07719549537
-0.04239752516
-0.06926336884
-0.005638990551
0.1012746319
0.03784246743
0.002785204444
-0.01552029792
-0.07469251007
0.003646343015
0.1619556099
0.05085403845
0.02231641486
-0.039328821
0.06471096724
0.05033503473
0.002027649898
-0.2150109559
-0.0748918131
0.01655378565
-0.03558046743
-0.04284134135
-0.0703228116
-0.01824524067
0.06672167778
0.0154508613
0.0106997611
-0.02281168103
-0.08673418313
-0.05628120899
-0.03429803252
0.1987436116
-0.05017237738
0.1452841312
0.1718677729
0.1035087183
-0.0827864632
0.02750985697
0.08265927434
0.02344814502
0.0009758638917
-0.03027923778
0.04792775586
-0.03981498629
-0.05501858145
0.0587166138
0.04028460011
0.1174238846
0.1608909816
-0.01816631667
0.03559102491
-0.01044426393
0.07689710706
-0.03487158567
-0.06540538371
0.0005475262878
0.0106914863
0.09547372907
0.004501591437
0.02187484503
-0.0721404627
0.03128601983
-0.07484296709
-0.03015486151
0.1579284519
0.01765282266
-0.01342001185
-0.0696348846
0.1312028766
0.00952159334
-0.01014134102
-0.001992785838
-0.02112928778
0.05648346245
-0.02854784206
-0.03327393904
0.1159920916
-0.0001834629365
-0.01336688548
-0.04327898473
0.04064437374
0.02803879231
-0.02828836069
-0.05015514418
-0.1015433595
-0.01194559783
-0.02094605565
0.04937208444
-0.02246222273
0.1003457755
-0.03976593912
-0.02647980116
0.09249527007
-0.03365271166
0.06796552986
0.02808095515
-0.07521897554
0.08538511395
-0.03563215956
-0.008555721492
-0.02399702929
-0.01385024842
-0.08541052788
0.0289140325
0.106438987
-0.03474204242
0.02965326048
0.03002810478
-0.05270791426
0.01469218638
-0.01413377654
0.05885886401
0.01838019118
0.007538679056
-0.0636472255
-0.01178027596
-0.02400253527
-0.1290524602
-0.01895641349
0.01285897382
-0.07945406437
0.02612498961
-0.01250059903
0.03660563007
-0.06026448682
-0.07896465063
0.02098168433
-0.05909596756
-0.03390229866
-0.05345452204
0.05043077096
-0.01090609096
-0.06236791238
0.03999407962
0.02208705433
-0.03116347082
-0.1136842445
0.03399433941
0.01090136729
-0.08603490144
0.07691590488
-0.05907339975
0.03086873889
-0.05984026566
0.02540758066
0.1237457693
0.1194346547
-0.004932592623
-0.004718393553
0.007244563662
0.05781703442
0.04670550302
0.01967781596
0.02464997582
0.0679287985
-0.08151719719
0.04186057672
0.05237057433
-0.1324307919
0.02164853178
0.02088271827
0.003904580139
-0.063383542
0.05562521145
-0.1260502487
0.02099740878
-0.04613476619
-0.07282355428
-0.1303245723
-0.02458628267
0.0125845708
0.009571655653
-0.006022658665
0.01639695838
-0.04962885007
0.08096955717
0.01873021945
0.07264898717
0.003046860453
0.001794623211
0.06752078235
-0.03933854029
-0.004578031134
-0.1019045413
0.05368304625
0.09962756932
0.02223036252
0.04752355069
0.004126889631
-0.04274019971
-0.04658055305
-0.02434126288
-0.01555794571
0.001926046913
0.01217253879
-0.03313327208
-0.004301119596
0.06309260428
0.06556856632
-0.05211022496
-0.01813772507
0.04637961462
-0.02213670872
0.01581546664
0.06317038834
0.03148055449
0.07137532532
-0.009633841924
-0.01576317288
0.04402722418
0.07312098145
0.05336024985
-0.008722352795
0.01040959824
0.01572313346
0.05059142411
0.01835831814
0.08998951316
0.007848524489
-0.01404096186
-0.03035912663
0.06528414041
-0.003927638289
0.0262363553
0.02062788419
0.002566783223
-0.04334157705
0.01838843897
0.009339069016
0.001745958347
0.02640591748
0.04772963375
-0.006591383368
-0.02302946523
-0.01468055323
0.01348215714
-0.03213402629
-0.02827744
0.01890959032
0.05405367911
0.04361332953
0.01145142224
0.02613377385
0.01141727809
0.04097031802
0.03168173879
-0.0146331368
0.2391375005
0.007700412534
0.008329150267
0.157801643
0.01030602958
-0.04712786525
0.1383066922
0.003834268544
0.004764887039
0.09355551749
0.06311731786
0.05855431408
0.1611633599
0.1618021876
0.1602055132
-0.03043283895
0.06339236349
-0.04784298688
0.08621090651
-0.08640237153
0.08418428153
0.0678787902
-0.08863116801
0.0399030149
0.1027632654
0.1388467848
-0.1225844696
0.1529333293
-0.06274032593
-0.02474658191
-0.1151074693
0.03634023294
-0.02522616461
-0.06650470942
-0.09271451086
0.1562846154
0.1380008608
-0.01998695359
0.02327253111
-0.02526506223
-0.03634174541
-0.05761141703
0.01601756737
-0.1183856726
-0.09384831041
0.116857551
-0.2112728357
0.003182791872
0.06674666703
0.09328243136
0.04596867785
-0.01080287993
-0.09434764087
-0.1000671089
0.02704918385
0.04122913629
-0.07406314462
0.001136768144
0.10002435
0.2022642791
0.2649467587
-0.1679016203
-0.005205578171
0.1241391227
0.1269912124
-0.01216125954
-0.06753019243
0.01454703603
-0.02012823708
0.1582279056
0.2453367114
-0.07783342898
-0.007319790311
0.06812836975
0.02000831999
-0.05671914667
-0.02718963847
0.05199829489
-0.01400250103
0.00805318635
-0.05810308829
0.08573181182
-0.002343032043
0.01028884295
-0.03047194518
0.05536800995
-0.01593658142
0.01853382215
-0.04594787955
-0.09453003854
0.245774433
-0.05005441606
-0.08973780274
0.03561285883
-0.003883022582
-0.01825254783
0.08506837487
-0.06286601722
-0.007790235337
0.05061257258
0.03305586055
-0.06801471114
0.07425551862
-0.02319563925
0.02264291607
0.1219136268
-0.02651705407
0.02643057331
-0.1372749507
0.03462177143
-0.02036849409
-0.02443913929
-0.07859319448
0.1859478801
-0.1025458574
0.02101757191
0.09281286597
0.1038038582
0.07277542353
0.04368337616
0.0476841256
0.1473895013
0.1086774766
-0.01359469071
0.07366086543
-0.0753756389
0.001041721553
-0.09764014184
0.1259485781
-0.07443094254
0.1196452603
-0.02304357849
0.04574112222
-0.1319276989
0.07006842643
-0.02774285339
-0.1085302234
-0.3035119474
-0.2455262542
-0.1321054548
0.03888263926
0.06536475569
0.06035324559
0.0416989699
-0.07014974952
-0.1223421395
-0.0629542768
0.05152468383
-0.01359523553
-0.05541942641
0.0716368407
-0.1144071296
-0.09729789197
0.0964679867
-0.08580286801
-0.04787722602
-0.1783959866
-0.01404085383
-0.1679847091
-0.08009090275
-0.1157966182
-0.0228114035
0.1344466805
-0.1374150813
-0.03179733083
-0.08630702645
-0.1272654682
0.03825854138
-0.03110665828
-0.1358925849
0.08663602173
0.04645923898
0.2509267628
0.1541636884
0.07812815905
0.1392473131
0.2335026264
-0.1328762025
0.09029088169
-0.01675133593
0.05766349286
-0.0527398102
-0.1639220119
-0.03158586472
-0.136761874
-0.04271554947
0.08944351226
-0.0909832567
-0.1516839266
-0.06474281102
-0.01755332947
0.04352397844
-0.08839191496
0.07574502379
0.1101148725
0.07231739908
0.04719036072
0.01712832414
-0.03490794078
0.02319481224
0.01905818284
-0.2070490718
0.06876918674
0.03624992445
0.07012113929
-0.1598677933
-0.01624227501
-0.01247400511
-0.1094863638
-0.07770848274
0.0003502320615
-0.02968574129
0.03945979849
0.01576128229
0.03818430007
0.03471041471
0.01171282399
-0.1046623811
0.08277708292
-0.02603354305
0.01355372649
0.06915131211
0.09309562296
0.02416440472
-0.1428446621
-0.04458430409
0.01995268278
-0.02165009826
0.02020041645
0.01980745606
-0.0008044905262
-0.033229094
-0.009198390879
-0.009060315788
-0.03946519271
-0.002498370595
0.03590898216
0.002722914796
-0.004572269972
-0.0784875676
0.02683202922
0.1697108895
0.1266875565
0.0254796464
-0.102367796
-0.1332779974
-0.1377188712
0.004769526888
-0.01992156729
-0.01258110255
0.1200368032
-0.02750333212
0.03161108866
0.01293667313
0.08931431174
-0.04327898845
0.02781643905
0.1077105403
0.09998783469
-0.05568609387
-0.03367195278
0.02716840431
-0.02533299103
0.03600598872
-0.05507525429
-0.09164407104
-0.008652940392
-0.1840304285
0.1766182035
-0.07843928039
-0.09663255513
0.02535377815
-0.1892397106
0.04703787714
0.2143691182
0.01501723938
0.03948044404
0.04405130073
-0.04905698076
-0.0565450415
-0.1153035313
0.04395757616
0.2882775664
0.06651087105
-0.1175318062
-0.1210391372
0.08788978308
-0.07534456253
0.06835615635
-0.0395992212
0.1657890081
-0.03437962011
-0.0358571969
0.01810334995
-0.1537111551
-0.1031616032
0.1145690829
-0.1570158154
0.004733284935
0.0138280252
0.2112659812
-0.2711767852
0.0144491056
0.03874640167
-0.04484908283
0.02079299837
0.001653758809
0.1601187438
0.03960876912
0.01280639693
0.1147300154
-0.1971538812
-0.1210449934
-0.04312545434
-0.02954833023
-0.01255359314
0.0210457854
-0.02444340289
-0.01303557213
0.04771152884
-0.1235982701
0.06587829441
-0.04311990365
-0.02592075244
-0.02415731177
-0.09179509431
-0.03503375873
0.01864649355
0.02815152332
0.08899656683
0.09079369158
-0.02767601237
0.1529918015
0.04917198792
-0.07179772854
-0.005516274832
-0.002512248466
0.1270308048
0.05160319805
0.04442094639
-0.01325819455
-0.06065765768
-0.05272323266
-0.04796584323
-0.04641025886
-0.03678438812
0.08452300727
-0.001240359386
0.05975668132
0.03092703409
0.1084678546
-0.005455998238
-0.07880037278
-0.02137073129
-0.02772246115
-0.03917485103
0.001825801446
0.04305590689
-0.1302431673
-0.1649817377
-0.04493060708
0.05941452459
0.004698878154
0.01231097244
0.08266603947
-0.05348335952
-0.03499026969
-0.06229235604
0.01098903082
0.01321937144
0.0712248385
-0.03390393034
0.003862241283
-0.06390649825
-0.149993211
-0.04988140985
0.1746263802
0.02886937186
0.06542372704
-0.01834269613
-0.04699330777
0.1519282013
-0.1463478059
0.06235674769
-0.08705852926
0.003587058047
-0.06523309648
-0.03224392608
0.03153314069
0.02774354443
-0.01808668487
0.1065918952
-0.004952850752
-0.09746552259
-0.06468050927
0.09651142359
-0.05998310447
0.09183826298
0.1760714948
-0.117482543
0.1050634012
-0.001740779262
-0.02319957875
0.07809234411
0.01150199771
-0.0791997835
-0.03083741106
0.05405315384
-0.0393492952
0.01061636768
0.06477984786
-0.122433126
0.07685163617
-0.005703628063
0.09085123986
0.05006123334
-0.1014781594
0.1216393933
-0.01165034715
0.009584274143
0.09081043303
0.02137241699
-0.03029221669
0.07933800668
0.1629678607
-0.04248072207
-0.04324255139
0.07340686023
-0.04034505412
0.03881339729
-0.1549101919
0.08314486593
-0.09712173045
-0.05039306358
-0.04924806207
0.06691901386
-0.08867750317
-0.02048121393
0.001207523514
-0.01847285964
0.2108216584
0.004554933403
-0.01907834969
-0.08824586123
0.09672597796
-0.06980538368
-0.02374380641
0.009712680243
-0.1142302454
-0.0318626985
0.03644288331
0.04752977937
0.00561686838
0.06032120436
-0.0538648665
-0.0390948616
-0.001760626212
-0.03268267214
0.006082283333
-0.03358133137
-0.08996421099
0.07615295798
0.01109993365
0.01121292077
-0.02810279466
0.003079313319
0.03063609079
-0.0296905674
-0.03661673889
0.04260460287
0.02016941272
0.07602736354
-0.02502971329
-0.01867178455
-0.008160559461
0.03740376979
-0.003956225235
-0.06428855658
-0.04926582053
-0.009586865082
0.03883928061
0.1134093702
0.06982199848
-0.005001902115
-0.02427947894
0.09435646236
0.07446067035
-0.02016794868
0.0130946897
-0.03670611233
0.05889976025
-0.03294983506
-0.01960935257
0.01780153811
-0.05011498556
-0.001047404832
0.03998696804
0.02948113903
-0.04133355618
0.01107788738
-0.03676585108
-0.02307702228
0.03813027218
-0.01502937078
0.04674460739
0.09979936481
-0.03425525501
-0.008884957992
0.02199376747
-0.01589012332
