0.005875371862
0.009160066023
-0.01110930648
-0.02464641072
-0.0008047106676
0.009003544226
-0.0193820633
0.005680111237
0.001910285093
-0.02853970788
0.01145103853
-0.02776604705
0.02488686517
0.01888661832
0.006517066155
0.01368577499
0.03115244955
-0.01992032304
-0.008445060812
-0.007338914555
0.03205494955
0.04267836735
0.05204351991
0.01468713302
0.007295859046
-0.006567568518
0.01998922229
0.03525931761
0.01890836842
-0.02584985271
0.01601070724
0.004156855401
0.02983922139
-0.02238904871
-0.04458292574
-0.01203080639
-0.01983461902
-0.02665014379
0.007590083871
0.00514606759
-0.0001200850456
0.04084215686
0.01084911916
-0.007278911304
0.03924426809
0.0175695885
-0.03504841402
0.04155484959
-0.02848303691
0.003302541096
0.01373507269
-0.02984253876
-0.191459313
-0.03386292234
-0.004146727733
-0.007174639031
0.01296358835
-0.02975870296
0.009639220312
-0.002256748732
-0.003191022202
-0.002879440319
0.02107529156
0.06152324006
-0.007990914397
-0.0137822004
-0.003220516723
0.01550601143
0.03866703063
0.01179517433
-0.008736949414
0.01203744393
0.02152388915
0.006402828265
0.009682019241
0.03914523125
-0.004915479105
-0.01861501671
-0.01730832458
0.06434606016
0.008416043594
-0.003848951543
-0.02162642591
0.01329561137
0.004799822811
-0.0009663817473
-0.01086559519
0.01067280583
-0.006378063932
0.0001334152039
-0.01282486413
0.03791702166
0.002266342752
-0.001940427232
-0.004472464789
0.01164775342
0.01988948882
-0.005707574077
-0.01019489951
0.000506572309
-0.01883664355
0.002621177584
-0.009938468225
-0.0139721306
0.007332819048
0.01178773679
-0.0004278341075
-0.005361410324
0.03025460243
0.03645022586
-0.00110212015
0.004468304571
0.004132152069
0.01466865465
-0.003183438908
0.01711811312
-0.01535424404
-0.003296611365
0.001127174008
0.000150040898
-0.015602923
0.009709879756
0.01709738001
0.001001424156
0.002727036597
-0.002362611238
0.001629529288
-0.01673996262
0.1157517806
0.03005591407
-0.004388671368
0.04769988358
-0.06164431572
-0.01275346987
-0.02361561731
-0.01142385788
0.03689669445
0.05213777721
-0.0752408728
0.05298256502
0.0843506828
0.05409261584
0.0002267053642
0.01123789232
0.01919314079
0.00403941283
0.006539077032
0.0707718879
-0.08849536628
0.02127425745
-0.1230252013
0.009597973898
0.03166743368
0.03132981062
0.02106614225
0.00373890833
-0.06951574236
0.1438798308
0.2300136536
0.02339909226
-0.005518764723
-0.0007240003324
0.02530590817
-0.03667002544
0.0320697315
0.05569653586
-0.02347452007
-0.01263607945
0.02075193264
-0.01653761789
-0.1529488117
0.04237001389
0.001602527569
-0.04956800118
0.01633030549
0.1043913737
0.01150602847
-0.03950387612
0.03483767435
0.06466445327
0.01250423957
0.01215603109
0.02296218835
-0.001650815597
-0.03741339967
0.05364201963
0.02366716228
0.04184203967
-8.164330211e-05
0.09304667264
0.03158513084
0.07916738093
0.003957646433
-0.020048704
0.01043579355
-0.05561577156
0.02643741481
-0.02903821692
-0.008305234835
-0.01057585981
-0.00739075616
-0.00711874757
-0.02823968977
-0.0154669974
0.01450541243
0.01494550053
-0.04016481712
0.02504782379
-0.001648153062
0.0137445135
0.01374220196
0.01890852489
0.02177411877
0.02476202138
0.00900744088
0.05233481899
0.001816104748
0.01152422279
-0.02708134428
0.008358428255
0.05422855914
0.006191239692
0.02530535683
-0.02970513701
-0.005129831377
-0.0152240945
0.0293797832
-0.03475359827
0.07197927684
-0.01622721739
-0.01040312182
0.02505788952
0.02863307856
-0.01559259091
0.004039383959
-0.005705979653
0.02398874238
-0.06230949983
0.03380168229
-0.02604421601
0.04644412547
-0.006047037896
-0.01651838049
-0.01870377921
-0.01512657199
0.02496682107
0.01277572475
0.01205450855
0.04646077752
0.002826315118
0.01009136904
0.02020456828
-0.01984765194
0.01617896371
0.003859398887
0.002993166447
-0.04301401228
-0.02258172631
0.05388531834
-0.09461554885
-0.1049168408
-0.07937042415
0.04617086425
0.0188582819
-0.009025245905
0.019484194
0.02821674012
0.08376401663
-0.02313426509
0.00360104139
-0.1036780253
-0.1071504056
-0.2173022926
-0.04598842934
0.1556926966
0.07864908874
-0.06723548472
0.00467643654
-0.1598708481
0.06979970634
-0.1026099473
-0.1803874224
-0.002060843166
-0.2104362994
0.08324115723
-0.1196268126
-0.08037342131
-0.05110473931
-0.1270414442
0.1010128409
-0.01111763343
-0.01699931547
-0.04211959615
0.08527763188
-0.1686372161
0.1571394652
-0.03052440286
0.09804445505
-0.03841561079
-0.126060158
0.1660283059
-0.0155832544
0.126120314
-0.1292603761
-0.09551417083
-0.1369068027
-0.1354023963
0.1776355952
-0.2127171606
0.1259842813
-0.0004887576215
-0.06630554795
0.01566692069
0.05855171755
-0.01278932113
-0.05831775814
0.006360797212
0.1249235272
0.2001864612
-0.0306117814
0.02330229618
0.01617435366
0.00910067372
0.03273501992
-0.04585294053
0.04765618593
0.0502824448
0.01592219993
0.03941854462
0.009163898416
-0.004031498451
0.02553506009
0.005458735861
-0.02142657153
-0.005179770291
-0.04580289125
0.01670620777
-0.02732187323
-0.04400314763
-0.007668357808
0.02598993853
0.01648645476
-0.0147057632
0.003697723616
-0.01399949007
-0.01902222075
0.06148126721
-0.02639923617
-0.04961513728
-0.01132932398
-0.05534975976
-0.01708384417
-0.05889207497
0.01191010047
0.01855927892
-0.01161381789
0.01072848681
0.01169310417
-0.02249296568
-0.03762396052
-0.004743559286
0.01862015948
-0.01376412157
0.00445474172
-0.01830374263
0.003529981943
-0.02377746813
0.0242996607
-0.02499546111
0.001875079237
0.003051372943
0.02751823515
0.0208464209
0.05690292269
0.01282622106
-0.004313454498
0.03366344422
0.04209057614
-0.05000138283
-0.03222294152
0.02495597303
-0.05230064318
0.01847254485
0.01456374489
0.1194258258
-0.05567258224
0.005920010619
0.0549955368
-0.0842924118
-0.02307897992
-0.007302088663
-0.02412002347
0.05717402697
0.08121405542
-0.04617752135
0.1476178765
-0.004957792815
0.01480373554
0.05125974864
0.009963634424
0.0209169127
0.0228612721
0.04710367694
0.07548809797
-0.0228317026
-0.07174640149
-0.1187046915
-0.01912216842
0.04524902999
0.06471032649
0.01159407292
-0.06943146139
-0.03184810653
0.1165739149
0.1283180863
0.01765054837
-0.02848778851
0.0003785334411
0.1125044152
-0.01856345125
0.05477312952
0.05766248703
-0.140757069
-0.02116163634
0.0388334617
-0.08246344328
-0.1031034961
0.05205824226
-0.06106757373
-0.08164539188
0.06306786835
0.0565261282
0.125986293
-0.04324268922
-0.007921319455
-0.002713020891
0.06165060773
0.04801783711
0.03267817944
-0.0004205505247
0.02606653422
0.05997748673
-0.01237784419
0.04288834706
-0.009328702465
0.1348237544
0.05001743138
0.01514889952
0.01383140497
-0.006426946726
0.01313712727
-0.0966546312
-0.06663572043
-0.0540724583
-0.001765718567
-0.01924660057
-0.01745773852
-0.00383904879
-0.03822817653
-0.03836350515
0.02033478767
0.03184141964
-0.0006078592269
-0.03486526385
0.007383565884
0.02472019009
0.04201548174
0.01435009483
0.0255873967
0.01924596727
0.01528602745
0.05348922685
0.01587323286
0.005956973881
-0.01574198529
-0.05826096237
0.05622277036
0.01795383357
0.0343510136
-0.04539909959
-0.03801619634
-0.003363269381
0.04532589018
-0.02554817684
0.06580466032
-0.01201537065
-0.004294774495
0.02860159613
0.03197849542
-0.03682747111
-0.01128291711
0.001395144034
-0.01857336238
-0.1050638035
0.0484178327
-0.01819543354
0.04827249795
-0.01881001703
-0.002352570184
-0.04574649408
-0.01302655879
0.04936247692
0.03311657533
0.00646101404
0.07436967641
0.005587847903
-0.02765484899
0.001874191454
-0.03380294517
0.02092708461
0.002510909457
0.0245752316
-0.05894449726
0.01335938647
-0.004574890248
-0.04649721831
0.009074390866
-0.00462713372
-0.002847118536
0.006936988793
-0.01095719542
-0.04172699898
0.01707225107
-0.05547358468
0.003366766032
0.04012854397
-0.02447044291
-0.004852333106
0.02587144449
-0.01168031618
2.001282701e-05
-0.03882502392
0.05824392289
0.02276104689
0.02795308083
0.00353228976
0.001939362148
-0.01562926359
0.04779236019
0.02421393245
0.01761859283
-0.03352459148
-0.02519724704
-0.0006366822636
0.01275442075
-0.01751904748
-0.02045423351
-0.02350301668
-0.02775691263
-0.04616871476
0.02159670554
0.02430029027
-0.009153708816
0.01753387228
0.02703254111
-0.01127377618
0.02372168377
0.005809243768
0.01077468041
0.01660768501
-0.03849044815
0.004557607695
0.02133481763
-0.03292387351
-0.1098204255
-0.005142720416
-0.006451524794
-0.01251152158
0.0185096655
0.01164146978
0.00290194666
-0.01611712202
-0.009326115251
-0.01440146752
0.01642017625
-0.01914083771
-0.01435840596
-0.007019697223
-0.001841781777
0.02952159382
0.03705045581
0.01831155643
-0.01221659128
0.01485189702
0.02581918426
0.01359714195
0.01279292442
0.04242801666
-0.02271040529
-0.02449341863
-0.01763852872
0.02355904505
0.004184731282
-0.006335595623
-0.01311697811
0.006194142625
-0.009552459233
-0.009147812612
-0.01900181547
-0.008115418255
-0.005473249592
-0.005984758958
-0.003835874842
0.03657385707
-0.01510015503
-0.008323754184
-0.007459270768
0.01958872937
0.013052186
-0.006242834497
-0.01716393232
0.002271685516
-0.02714145184
0.0008058027597
-0.009563369676
-0.008072385564
-0.00499458285
0.01225396898
-0.004199819174
-0.004310721997
0.01467172988
0.04474754632
-0.01674516127
0.008229848929
-0.01237071492
0.01421487052
0.003205800429
0.01661610976
-0.01362394635
-0.01775365137
-0.005888515152
0.0001968533034
-0.01102979481
-0.003909004387
0.01336151082
0.01112033613
0.005477145314
-0.003708605189
-0.01169343665
-0.01337919664
-0.0211875122
0.02602613717
0.004216924775
-0.03477076441
-0.04689963534
0.02920927107
0.02972010896
-0.04044398293
0.01779578254
-0.05294599384
0.0194308944
0.0664389804
-0.06160929799
-0.03612903506
-0.1380396932
0.06481417269
-0.001826970489
0.002373407129
0.08555363119
0.09513089806
0.06555767357
-0.0735341683
-0.05865000561
0.04954477027
0.03345609829
-0.02224365063
-0.00746640889
-0.04978320375
0.03652342781
-0.09873084724
-0.09943769127
0.008856743574
-0.0436100103
0.0151187731
0.01862460747
0.06213367358
0.0215071477
0.1316993237
-0.09122695029
0.1062072664
0.03638428822
0.04806974903
-0.1137805805
-0.03758481145
-0.06096294895
-0.0243412815
0.06016651541
-0.01173480134
-0.106692344
-0.04521933943
-0.07511053234
0.07648161054
-0.04100643843
0.0737593174
0.02639366314
-0.02376820333
0.02752089873
0.04729867354
0.04371167347
-0.01960364729
0.03738963231
-0.05194298178
0.06583941728
-0.1382208318
-0.003682306968
0.01766444556
-0.002621261636
-0.007802201901
-0.05214290693
0.03302700818
0.009321008809
0.02940641902
0.0475166589
0.02991189063
0.001297809999
0.1006640792
-0.02051167004
-0.02553616278
0.03197460994
0.01287194341
0.02561283857
-0.02303191274
-0.01241014339
-0.007024973631
-0.002289660741
-0.0283682216
-0.03221389279
0.02424477413
-0.0003302546393
-0.005117773078
0.008302231319
0.02081761137
-0.04390914366
-0.02053457312
-0.03581329063
-0.03044890612
-0.03574321419
-0.006040318869
0.01497093868
0.005712926853
0.02335110493
-0.005537878722
-0.03934087977
-0.0071235504
-0.000433466339
0.01898928359
-0.04851254821
-0.01311432943
-0.004412407521
0.01822317019
-0.02489417046
0.01306631602
-0.005828378256
0.002326334827
-0.007367058191
0.003481282853
-0.005332258996
0.01104195509
0.03406270966
0.008605891839
0.0357173793
0.04188628122
0.001926849945
0.004132163245
-0.01063395198
-0.01658000238
-0.01125011779
0.02242031135
-0.07142708451
-0.05370358005
0.04883204773
0.009922853671
-0.03535208106
-0.07183758914
0.001061956165
0.0225956291
0.06746526808
0.1183973104
-0.1103649884
0.01431742869
-0.07151661813
-0.02505075559
-0.03483974561
-0.07751966268
-0.117038019
0.03287310526
0.07109483331
0.01950104162
-0.1410585046
-0.01100052707
-0.0508749187
-0.06796888262
-0.05885473266
-0.004669770598
0.04538490996
-0.1166236252
0.02142563462
0.07673191279
-0.05658195913
-0.03459533677
-0.03647653013
0.1076586768
-0.01963164099
0.03979924694
0.01944163255
0.01939743944
-0.04311754555
0.01674920693
-0.02448144555
-0.02493450604
-0.03865652159
-0.001945423544
-0.03272072598
-0.05598766729
0.07235790789
-0.1448177099
0.0806665644
-0.003228697926
-0.06364354491
0.01759567484
0.04582024366
-0.05114552751
0.01256838255
-0.01188113354
-0.07481279224
0.01437071059
0.02065956034
-0.01361050829
0.01010757033
-0.03677325696
0.03511012718
0.1343516111
0.02605872415
0.009855756536
0.0265801847
-0.02848683298
-0.07081753016
0.008142629638
-0.003269317094
-0.02817907184
-0.02327766269
-0.009780431166
-0.01658782549
-0.1017087922
-0.02050901577
0.02136242948
0.02216454409
-0.07558309287
-0.01449544448
0.005268642213
-0.01301067136
-0.01134029031
-0.002554175677
-0.003802058985
-0.0009456070256
-0.03550000489
0.006448255386
-0.01855478436
0.02124197036
-0.06191525608
0.005568224937
0.001676296699
-0.00598324975
-0.02722465433
-0.06087422743
0.01872341707
-0.00600966718
-0.003197210375
0.002785564633
0.008894285187
0.002945668297
0.001213292475
-0.01256398298
0.001133729937
0.006497787312
0.009498977102
-0.05601754785
-0.04164147004
-0.003932520282
0.002263562288
-0.007884723134
-0.02482990362
0.01994107291
-0.008541998453
-0.00137064408
0.0250924509
0.0124689294
-0.02920562774
0.00306467968
-0.01750295237
-0.04488003626
-0.02964937501
0.0142091224
-0.01048723888
0.006664814893
0.004398552701
0.02603819408
0.01622825488
0.003414400155
-0.0008461739635
0.01185782161
-0.01342914999
-0.001474237535
0.02034375258
0.000723717385
-0.002213185653
-0.0001785481436
-0.01158362441
-0.0202571582
0.002814938547
0.008805832826
-0.0005926051526
-0.01263899729
0.009139851667
0.007909327745
-0.02433802933
0.01559864078
-0.01160372794
0.03732565418
-0.0002641636529
-0.01010805368
-0.00789736025
-0.01072894409
0.004527092911
-0.006502503529
0.009109491482
-0.01521148905
-0.004454630427
-0.004892664496
0.008969952352
0.006374713965
-0.01687825844
-0.005403977353
-0.02975784056
0.01638369448
-0.005015568342
-0.008903833106
-0.0151778711
0.0138425855
-0.003680405905
0.004134198651
-0.003975448199
-0.008551361039
-0.003499224549
-0.0002248653327
0.01265779231
0.02059525996
-0.01566340961
0.03967784718
-0.008145882748
-0.005171242636
-0.006399210542
-0.009783730842
-0.05187282339
0.005885860883
-0.02047193982
-0.006529453676
-0.04429007694
-0.0130144041
-0.02276196517
-0.002197225811
-0.001379740424
0.001197138103
0.008855901659
0.01861028746
0.006009519566
-0.007791304495
0.003939182032
0.004574709106
-0.002012061188
0.006922814529
0.0004573962069
0.0006505940109
0.006145462859
0.01561309211
0.01871241257
-0.007295538206
0.001468493836
0.003316080663
-0.01462601684
-0.01001288928
0.004020434339
-0.00579686556
-0.0201683417
-0.005663589109
-0.01070839446
0.007804083172
0.006031583063
-0.008401796222
0.0003869727661
-0.000597522594
0.01642678864
0.01311689522
-0.0008513807552
-0.01440596953
0.006067684386
-0.02036844753
-0.002948702546
0.001169162104
0.005601626355
-0.0007379184244
-0.007326317951
-0.01333817653
0.005046180915
0.0009467920754
0.01307968143
-0.009598591365
0.006585953757
-0.01343620382
0.003930024337
0.0008470184985
0.004959591199
0.005252752453
-0.00383848045
-0.01999157295
-0.012752885
-0.01438741945
-0.01352915354
0.01109121274
-0.01723906398
0.00188382878
-0.005978778005
-0.0007372950204
-0.006505228579
-0.005205372814
-0.1055273861
0.08956652135
-0.002507503843
-0.1041895226
-0.1277071238
-0.01961047389
0.01090556476
-0.05362470075
0.09427926689
-0.1575583369
-0.08533060551
-0.01394625008
0.03994473815
0.1183679104
-0.1183167472
-0.1812028438
0.005667731632
0.09283089638
0.04943144321
-0.09664478153
0.07354161888
-0.03069135174
-0.001818324788
-0.04543697834
0.0004857283784
0.08080495149
-0.1773596108
0.03315598518
0.1331977844
0.1231324971
-0.06948905438
-0.09432812035
0.09172686934
0.004469405394
-0.005624616053
-0.05438862741
-0.01048027445
-0.08329834789
0.05443866923
-0.03753408417
-0.05395015702
0.03371887654
-0.03084337898
0.0524026081
-0.1151601151
0.1038350686
-0.2748982012
-0.06928166002
-0.05013442412
-0.06303807348
0.02651986852
-0.02177148871
0.0910911113
0.005002819933
-0.02991508693
-0.08640407771
-0.113764748
0.02129681222
-0.08902096003
0.01691469736
0.04586721212
0.109503217
-0.1000861451
0.04366357252
0.01029740833
0.04697895423
-0.03181754053
-0.0979738161
0.00926814694
0.002640297171
-0.04513658956
-0.02351774275
-0.003847569926
-0.02628866211
-0.1023253649
-0.01317613013
0.00250677811
0.03670874983
-0.1303315759
-0.02640143782
-0.004564750008
-0.01839643531
-0.003676193068
-0.008285445161
-0.001134930993
-0.01615654863
-0.05381293222
0.001778417383
-0.01798532158
0.03822153807
-0.05672383308
-0.006770097185
0.001663536415
-0.008584927768
-0.03071467951
-0.08860940486
0.03123727627
-0.01525290404
-0.03639127314
-0.008959439583
0.02150056511
-0.003168119816
-0.001687177923
-0.0343067646
0.01267570257
0.002991074463
0.01259141043
-0.07057706267
-0.04498569667
-0.01511978637
0.001069445396
-0.03264456242
-0.02940763719
0.02837358043
0.005255206488
-0.009943067096
0.03528207168
0.0002747769176
-0.03940212727
0.006951029412
-0.03383764997
-0.05992829055
-0.03731410578
0.02639609203
-0.01327148918
0.01516679116
-0.00468241889
7.504583482e-05
0.004679425154
0.001222896972
0.001874344656
-0.003995873965
-0.007750652265
0.01071366202
0.0002632783144
-0.008064199239
-0.0003569359833
-0.008765214123
-0.003162773326
0.01155089308
-0.006150067784
0.004145367537
0.003724550828
0.002070881194
0.0005555583048
-0.004579490516
-0.003206066787
-0.001434591366
-0.000141221899
0.004298117943
-0.000611456926
-6.492343527e-05
0.003494425444
0.002847777447
0.001188290189
-0.001918496098
8.343307127e-05
0.004894899204
0.001550589688
-0.0006315792562
-0.003651014296
0.00243547326
-0.0009316303767
-0.002113192109
-0.0002667114604
0.00796902366
-0.006000239868
0.0001441362547
-0.01276267506
0.0004258976842
0.001358822687
-0.0008074389771
-0.004281781614
-0.001660520211
-0.001245780033
-0.001730589429
0.0002558871929
-0.001543549472
0.001081253868
0.003335118759
0.003052033484
0.001149439602
-0.002074753633
-0.005347835831
0.001290342887
0.0003318622184
0.001396233332
-0.00369322882
0.003620504169
-0.005881016143
-0.005692497361
-0.0001601983968
-0.002369491383
0.001346465549
0.0001506360713
0.002883405192
-5.584416067e-05
0.001476811827
-0.004337765742
0.000392841117
-0.004053050186
-0.004398459103
-0.002433155198
-0.001135556144
0.001637589186
-0.001561485697
-0.004501570016
-0.0004581579415
0.0007604547427
0.006346511189
-0.0003140180488
0.001077587018
0.0002357121848
-0.003090811893
0.001525366795
0.003919719253
0.003387527075
-0.002365435008
-0.002918320941
-0.00104338408
0.002309308853
-0.0009966510115
-9.703876276e-05
-0.0048118704
0.00160436274
0.001283787424
-0.001720099594
0.004113343079
-0.0005105721066
-0.0005787050468
0.00331089762
-0.001524503226
0.0003652267915
0.002585785231
-0.00198206841
-0.0009958499577
0.0004883804359
-0.002878831467
-0.002168235835
-1.729027645e-06
0.0003674687177
-0.002453538822
-0.002660469618
-3.457222192e-05
-0.002341085114
-0.0005992675433
0.001866126433
0.003549008397
-0.001667296165
0.001121538226
0.003630273975
-9.477832646e-05
0.0003900408919
-0.001135374769
-0.001467250055
0.005993026309
0.0005136609543
-0.06418541074
0.005637890194
0.09978548437
0.05984952673
0.04616197199
0.002475768793
-0.01835171506
-0.1179866791
0.01179416943
-0.1249490678
0.05842160434
0.1542772949
0.04753242806
-0.02638826333
0.1474569142
-0.06692076474
-0.1337404698
-0.1496569961
0.1585813612
0.04490594938
0.2253469527
0.007073218469
-0.02839291096
0.009022939019
0.3846827447
0.1494226605
0.001651908387
-0.08844329417
-0.009306571446
0.01649879664
0.05339538306
-0.1028933078
-0.08767274022
-0.08676849306
-0.0663914904
-0.07802381366
0.2575746179
0.006538990885
0.009919079021
0.07690448314
0.1355136037
-0.0298888199
0.08512788266
0.1551904231
-0.113461785
0.1072696894
-0.007342787925
-0.02201138251
0.1005501449
-0.06656514853
0.1113928482
0.02937905863
-0.003339971416
0.01893813163
-0.01712609455
-0.135321036
-0.08172915131
0.02469429374
0.04097247496
0.08528420329
-0.1328451782
0.195057407
-0.04658101872
-0.0199439507
-0.03920675814
0.06611729413
0.113833569
0.00546785444
-0.01077684481
0.06209956482
-0.02706542239
-0.02114577778
0.01326148957
0.08848130703
-0.009219451807
-0.03714906052
-0.06010126323
0.04649624974
0.004839052446
-0.01601814665
-0.01738196053
0.01522125024
0.02429679409
0.004189855419
-0.002419596305
0.00416035438
-0.009289006703
0.0371527262
-0.05092665926
0.01171037555
0.01633192785
0.004531239625
0.005656549241
0.04663137719
0.05691818148
-0.008510996588
0.007033554837
-0.004330940079
0.01165578328
0.009353229776
0.001564048929
0.01004237123
0.03413114697
0.07318849862
0.03479583189
-0.02424095757
0.09331959486
0.0701315999
-0.008613079786
-0.01237944607
0.009556786157
0.01194478944
-0.01141984388
0.02946741506
-0.001316796639
-0.08022008836
-0.01640501432
0.01245467644
-0.06359630078
0.006198049523
0.06047423184
0.09744698554
0.02312245965
0.0268963892
-0.0008927406743
-0.02373221703
0.2129013687
0.146870032
-0.05574382097
0.09535429627
0.07155768573
-0.008758076467
-0.01830787957
-0.008156386204
-0.08099717647
-0.005303584971
-0.03299076483
-0.04596908018
-0.00962905772
0.1888933033
0.1875220388
0.01464302186
0.1158181801
-0.009749799035
-0.1809585989
-0.08215713501
0.05469283834
-0.02305269241
0.1374903768
0.0366845578
-0.06103991717
0.1213220134
0.01350170374
-0.01988939755
-0.1107115075
0.007067861967
0.1912425309
0.006887652911
0.06983143091
-0.005261012353
0.04675881565
0.02929845452
0.03586269543
0.05639464408
0.1113109142
-0.07511301339
0.01216553617
-0.06399302185
0.02092125826
0.1164536476
0.1172465235
0.05072849616
-0.05309276283
0.05690062791
0.1439311504
-0.01154783368
0.1046504527
-0.02901415341
0.1068125293
-0.108500801
0.043897219
0.05217145011
-0.05116401985
-0.1486414373
0.06036840379
0.1178214625
0.006950972602
0.0309550669
-0.02057111636
0.05904647708
-0.01833476871
-0.01139458921
-0.01666922495
-0.01313829143
0.06630349904
-0.06532278657
0.007015770767
-0.009953326546
-0.05626123399
-0.01176960766
-0.009989490733
-0.03038073517
0.01109283697
0.02027352713
-0.05607319623
0.008985155262
-0.01992063597
0.02067122608
0.02403456345
0.01611550152
0.01859143376
-0.008973118849
0.05020693317
0.003447786672
0.01231682207
0.03004814684
-0.0509708561
-0.008794128895
0.06715908647
0.01968624629
0.05439246446
0.0110055441
0.04495530203
-0.002851772122
0.02114282176
0.01841419749
0.0337083824
-0.004823367111
0.04324196279
0.03117601573
-0.007153783459
-0.03381758556
0.05757502466
-0.009025165811
0.006067669019
-0.03177086264
0.04917623103
-0.028193634
0.05692312866
-0.01513087377
-0.001915214118
-0.03135095537
0.005440485664
-0.03662215173
-0.006069766358
0.01688587293
0.0380287692
-0.01020091493
0.02456886694
-0.04680296406
-0.01902167313
0.0449725166
0.000873981975
0.01782954112
0.07269496471
0.03129944205
0.008765812963
-0.003196797799
0.006389733404
0.0187234655
0.04004780948
-0.001951190759
-0.07298720628
-0.04421025142
0.0619911924
-0.09362546355
-0.05539407581
-0.0462173149
-0.1171043366
0.002645496745
0.02312276326
0.00312814978
-0.004101241007
-0.0259945523
0.04845255986
-0.05384347588
0.05323563889
-0.0005549645866
0.02327636257
-0.01165614091
-0.003146414412
0.04422070086
-0.03730972856
-0.02697637677
-0.09872297198
0.01703052223
-0.02036695369
-0.03118156455
0.05693122
-0.004782725591
-0.008710064925
-0.03561091051
0.03192293644
-0.001683262177
0.02150686085
-0.02926391363
0.03929478303
0.01856574789
-0.01370651275
-0.0005298417527
0.01447280776
0.03583201021
-0.0560744293
0.002318642102
-0.02544140071
-0.03154311702
0.2049599439
0.03050313331
0.01171882637
-0.02041045576
0.02019328997
0.02094153501
0.009548031725
-0.02185431123
-0.006549383514
-0.1190005839
-0.06101268157
-0.02230008133
-0.006324935704
0.01067161094
-0.008929669857
0.01241057739
-0.01759830303
0.002607074566
0.004089946393
0.001017082133
-0.0005616107956
0.002267852193
-0.001450748416
0.02450356074
-0.0100927623
-0.005876543466
0.01733864658
-0.01775247231
0.0006338174571
-0.0002990232606
0.01766494103
-0.008384266868
-0.003867634572
-0.01773730479
-0.003950276412
-0.002355796751
0.01003451087
0.01840300485
0.00476724375
0.01367177721
-0.02584104612
0.009182200767
0.002837284235
0.003668286372
-0.004883822519
-0.0005464117276
0.01139781345
0.01802485436
-0.006302797236
-0.002456497168
0.0001199453545
0.01269910298
-0.01872919127
-0.008930318989
-0.0139519237
-0.003117257031
-0.02044567838
0.01088505704
-0.0152801536
0.00397736067
-0.01687184535
-0.008407553658
0.00158808392
-0.01535593159
0.01256994437
-0.02516966872
0.002196277026
0.004960345104
0.01374721155
0.005493731238
0.01668571122
0.01330669131
-0.01011904422
0.01308921631
-0.02252705954
0.0197197739
0.08909930289
0.04337685555
-0.03326769173
0.02272797935
0.08096630126
0.02598339878
0.03108845279
0.02649950609
-0.04852710292
-0.03868214041
0.01079635974
-0.1071984395
0.01469802484
-0.03746037185
-0.02922425047
0.004801165313
0.04346856102
-0.005352916662
-0.06621969491
-0.1054401174
0.07555866241
0.004570731893
0.1356597692
-0.03127820045
-0.03116700798
0.03844106197
0.01866877265
0.07518620789
0.1363494247
-0.07749614865
-0.0410634391
0.002086024499
0.01870574988
-0.06812159717
-0.08240656555
-0.02961554565
-0.02724760026
-0.1221916005
0.1563230455
-0.02341191657
-0.02857296728
0.03622486442
0.1366917789
-0.004226244055
-0.005342163611
0.05355956778
-0.06233888865
0.03881507739
-0.05461237952
0.04175144434
0.09965492785
-0.07187284529
0.03242688999
-0.02123007365
-0.03448029235
0.007033678237
0.002191033214
-0.1521362662
-0.002092841081
-0.01486815978
-0.03270015493
0.03516642749
-0.06533711404
-0.03622715548
-0.02038654871
-0.0124605801
-0.02268697694
0.06331281364
0.08470802754
0.002564688679
0.00882198289
0.02009782009
-0.02429389767
-0.01218743436
0.01793393865
0.01480541285
-0.007110509556
-0.01174924616
-0.03096100502
0.03405829147
0.0005616535782
0.002256121952
-0.01406932157
-0.004228608217
0.01323387492
-0.00662021758
0.01974007115
-0.02404733747
-0.009055082686
-0.0001234404335
-0.008209427819
0.02595505491
-0.006091780495
-5.235913704e-06
-0.00767502049
0.04073752463
0.04101752117
-0.002887072507
-0.002254399005
-0.009091667831
-0.02618507296
0.003203592496
0.02478196844
0.01235344633
-0.008619144559
0.005821574479
0.02820937335
0.004433071241
0.02735596523
0.04931256175
-0.0009907673812
-0.001688243588
-0.002494671382
0.006874056067
-0.008259271272
0.02161768824
0.03601323068
-0.03828847781
-0.03243193775
0.005652689841
-0.06365682185
-0.009499007836
0.01525177341
-0.008741109632
0.0162745323
-0.01130242459
-0.002714484464
-0.013422939
-0.05704428628
-0.02234230749
6.164377555e-05
-0.04093899578
0.002551230835
0.007651458029
0.001058996771
-0.02354239672
-0.07432066649
-0.04407327622
-0.03795270249
-0.03184155002
0.05543398857
0.01608039252
-0.02112595551
-0.03073456697
0.01817522198
-0.04821910709
-0.007822567597
-0.02318296582
0.03228029609
0.07132140547
0.01157039125
-0.04371004924
0.0002131565707
0.004517767113
0.1175399572
0.001567973522
0.09461639822
-0.07616881281
-0.03043186106
-0.007163462229
0.01242451556
-0.008792500943
-0.0467951335
-0.04134780914
-0.03324117139
-0.003320406657
0.01738449186
0.0236731749
-0.007712614257
0.08046996593
0.01181757078
-0.02805664018
0.00921560917
0.01356940251
0.0005856462521
-0.02258644439
-0.0316584073
-0.02786825411
-0.03247399256
-0.01553767733
-0.04021493345
-0.05809337646
-1.299849464e-05
-0.01766001247
-0.01427651849
-0.0909531191
-0.01536470186
0.0269932244
0.02185783163
0.0002233199484
-0.01506021805
0.1354256272
0.003960292321
-0.01323128678
-0.003344587516
0.0426899679
0.0478996411
0.014246759
-7.564616681e-05
0.002445932012
0.004372220021
-0.004292399622
-0.001386281918
0.02548158541
-0.01216949522
-0.04003793374
-0.07205273956
0.01672858559
0.01484574005
-0.0242822133
-0.04483387992
0.02376916818
0.006451450288
-0.002978735138
-0.01414442621
0.002278899308
-0.004001298454
0.02129129134
-0.01155069377
0.02062318288
-0.006094373297
-0.007879805751
-0.01863652468
0.01190309506
-0.001997526269
-0.004991426598
0.003024949925
-0.03685284033
-0.005752507597
0.0104146013
-0.01056120731
-0.0176331941
-0.01505751256
0.02685624734
0.01906372979
-0.01428467035
0.02837084606
0.02839983813
-0.001977950567
0.002835743362
0.003628531238
-0.002974793315
-0.005241042003
0.02731364779
0.006103776861
-0.02007122338
0.002921192441
0.006796152331
-0.024763925
0.01868040487
0.01056160033
0.0232983958
0.0181105081
0.004580705892
0.00579591468
0.0003524106578
0.04482688755
0.0005495180958
-0.01025337912
-0.02792705595
0.008001796901
0.01909059659
-0.004167626612
-0.002949328627
-0.02291554958
-0.03147606179
0.02008333243
-0.0245311521
0.007601355202
0.02751338296
-0.06320798397
-0.001104094437
0.01350906678
-0.02427676134
0.03357866034
0.02186962403
0.024035668
0.04344052821
0.005022032186
-0.0067998413
0.01474087685
-0.02413234301
0.03518809751
0.01927090436
0.1054996699
-0.04756973311
-0.03539577127
-0.005083622411
0.02889953367
-0.02642023005
-0.03737973794
-0.02827237546
-0.009700986557
-0.01800983772
-0.01700534113
0.02969123051
0.01223884523
0.06436851621
0.01739229634
-0.01484890841
0.02816999517
0.0008718612953
-0.0474554114
0.01464836951
-0.04411163554
-0.007720489521
-0.02259111032
-0.02942664362
0.03078359552
-0.06184826419
0.006535507273
-0.0158628989
0.00966179464
-0.05372085422
0.007465375122
-0.01142170187
0.00591814518
-0.096471183
0.01038772706
0.08410213143
-0.004797765054
-0.006432717666
-0.005467200652
0.01778465696
0.03389733285
0.009786002338
-0.001593823195
0.01539955009
0.009169125929
0.006892929785
0.00249162456
0.02673875168
-0.01129383501
-0.01688138768
-0.03503797203
-0.004576263484
0.004187116399
-0.009416221641
-0.02223233506
0.01271275803
0.01849617623
0.002291071927
-0.004131682217
0.002964174142
-0.003729845397
0.004016451538
-0.00767403096
0.01647211611
-0.007135075051
-0.0007242419524
-0.01182924304
0.007938589901
0.01449692529
-0.003112395993
0.002700396813
-0.004947958048
-0.01026629098
0.003370559774
-0.009709010832
-0.01397965942
0.009444023483
0.01211773884
0.005883575883
-0.01082767174
0.01825258881
0.02258368582
0.008446549997
0.003771291114
0.01213693339
0.006190513261
0.001481420128
0.009602388367
0.008666130714
-0.001906216145
0.008689459413
0.0006833826192
-0.005073402543
0.01796658337
0.00286148442
0.01304281317
0.004956585355
-0.004768682644
-0.01056764182
0.002874399768
0.06162785739
-0.09521377087
0.04481663927
-0.04210118577
-0.05476629734
0.01600481756
-0.05048317462
-0.01192509942
-0.1593128443
0.05415265635
0.002961813705
-0.05407227948
-0.02232876606
0.09518036246
-0.2211454809
-0.08348207176
-0.2059044093
-0.008326164447
0.1307946742
0.02442869917
-0.0833426863
0.1201401055
-0.04665613919
0.120193921
0.0302997902
-0.0329920426
0.0710208118
-0.01696207747
0.07913848013
-0.06269393861
-0.2134064585
-0.08688040823
0.01931810006
0.04843405634
-0.0187920481
0.1024739519
0.08397459239
0.1404812485
-0.1697813272
0.1110047251
-0.02800039575
0.04790328816
-0.1972561181
-0.1303386092
0.03001657687
0.01257250831
0.03190006688
-0.3224913776
-0.03280764073
0.003030071035
-0.1496143937
0.04516964778
0.09896870703
0.1856385618
-0.06760565937
-0.01560739707
0.03312622011
0.1175375581
0.02298716828
-0.06383852661
0.04895283282
0.01305803843
0.003572089365
0.07717659324
0.0298480466
0.005093658809
0.003100076225
0.02914853022
-0.07803214341
0.06696469337
0.02951091342
0.0289818719
0.04354330525
0.01141805388
0.01906011254
0.08202206343
-0.01441096701
0.003770797746
-0.0005351814907
0.001643689582
0.0006023613387
-0.02321486734
-0.0683125034
-0.01920476183
0.01079822239
0.0161199756
-0.01974493638
-0.0163372457
-0.01428692695
-0.03283881769
0.0719839707
-0.03976327181
-0.04709436744
-0.04118271917
-0.07822235674
-0.01346861757
-0.03725074977
0.004111957736
-0.06176900119
0.07824774832
-0.0683221668
0.01523072086
-0.02770377509
-0.04711858183
-0.04496189952
0.02398370393
-0.02033478022
-0.01256645937
0.00668013934
0.01175473351
-0.02566918544
0.03516981751
-0.03794467822
0.005835687742
-0.0006035576225
0.01878054813
0.02083132416
0.03020773642
-0.1033156887
-0.04128186777
0.01307037193
0.03675062954
-0.02074892819
-0.02235259302
0.04510087892
-0.06150371209
0.0283149071
0.03658379614
-0.1041281819
-0.0103574926
0.01251296978
-0.01847801358
-0.06160420552
0.02748059481
-0.01628846675
-0.03928944468
0.03733291849
-0.01487195212
0.03803347796
0.04995718971
-0.02417797036
-0.05992941558
-0.03035943396
0.05008091033
0.040284127
0.008384129964
0.04379628971
0.06743722409
-0.01918238774
-0.06067097187
-0.138506487
0.03310150281
0.05183636025
0.007010500878
-0.03269854188
-0.02297097445
-0.009621544741
-0.009401421063
0.02464085259
0.0283911135
-0.003846032545
-0.02647022903
0.04137436301
0.03154842928
0.03964584321
0.1123457998
-0.1422843784
0.03980370611
0.03699044883
-0.02370431833
-0.1568542123
0.01966028661
-0.007199016865
0.001028753235
0.03777453676
0.0525168404
0.0580287315
-0.00926230289
-0.06187715009
0.04645995051
-0.02906819433
0.05568485707
0.04559934512
-0.03075157851
0.07337046415
0.1057427153
-0.01707131974
0.02497816645
0.02183759958
0.08442223817
0.01108788326
-0.03880855069
-0.002027396113
0.02118715271
-0.007748732809
-0.04580629244
-0.04493681341
0.00394947594
0.00150862895
0.002608953975
0.004773440771
0.02691598237
-0.01650056988
0.0220195204
-0.0102550704
-0.01638418622
-0.01169480104
-0.004966271576
0.01462411322
-0.003559003817
0.01793737337
0.007903286256
0.004002149682
-0.01084355824
-0.0140730748
0.04685538262
0.01413548645
0.02374139242
-0.02462941594
0.006583044305
-0.001104468945
0.001407898031
0.00927199237
-0.03858298436
-0.01640547253
-0.006531639025
0.03689923882
0.01076047216
0.05561444908
-0.009087922983
-0.03790389374
-0.007344486192
0.01631181128
-0.004946167115
-0.03651081398
-0.01498534065
-0.005904580466
-0.03243036196
0.01057779882
-0.005930623971
0.02697185986
-0.01255473401
0.00177640887
-0.01821694523
-0.03129483014
0.02116679959
0.05602028593
0.01239671465
0.06604588032
0.03025895171
0.008452931419
0.02946929261
-0.01928290538
0.02161897719
-0.01135556679
0.01591403596
0.1131582856
-0.007650492713
-0.01188969053
-0.04057065025
-0.01853158511
0.03179957718
-0.03596071154
-0.007990504615
0.02183176205
0.004557164386
0.0328299962
0.003454447957
0.003246307373
-0.04943272844
0.01961407438
0.04497960582
0.03966536
0.02287052013
-0.006843146868
0.005246487912
-0.02686092257
-0.0457572788
-0.04786954448
0.03188171983
0.02658230625
0.006156908348
0.03295641765
0.01829534769
-0.09157639742
0.006720792968
0.1025797129
0.02584953606
0.03129607067
-0.0197389517
-0.01949698105
0.0559470132
0.01469533518
0.02307923697
-0.07842046767
-0.009248072281
0.008395303972
0.01028225385
-0.0389351733
0.01536459196
-0.07354400307
0.03722355142
0.007370830048
0.06096574292
-0.06816085428
0.03542464599
0.01849615388
0.002967267996
0.01170621999
0.01101188455
0.001365283504
-0.003765823552
0.02247393131
-0.03417223692
0.01110808644
0.02827988751
0.01475221012
0.08231952786
0.01744401269
-0.04825117812
-0.004352491349
0.009333148599
-0.0130868908
-0.04348925501
-0.03489905596
0.01730094664
-0.01724369638
-0.001400459674
0.006310033146
0.01089027151
0.006932271179
0.02840559557
0.006117341109
-0.01099559572
0.01327513624
0.03106382675
0.01276628114
0.009499638341
0.0002532696235
0.002587131923
-0.02788510174
-0.003862496465
-0.02234833688
0.01561473776
0.005430145655
-0.004235585686
-0.01373115834
0.02174263448
0.00342393457
-0.004484038334
0.01143818162
-0.01734888181
0.007649482694
-0.002666913206
-0.01866506971
0.01185542438
0.003477788297
-0.001057889196
-0.01597856171
-0.01840873435
0.02044527605
0.007803173736
-0.02996442653
0.002495294204
-0.0005412620958
0.00128060719
-0.02018172294
0.002264016075
-0.001218850957
0.007672323845
0.00244770688
-0.000427447987
-0.06893084198
0.008868520148
0.007426990662
-0.004381081089
0.005613596644
0.008584055118
0.000958641991
0.007665571291
5.8812926e-05
0.01167880464
0.005164186005
-0.03155790642
-0.02754846402
-0.07385728508
0.04169283435
-0.03888775408
-0.06473737955
-0.0877379626
0.0641285181
-0.02258006856
-0.09227263927
0.05255456269
-0.02102520689
0.1583611518
0.05329793692
0.2016104162
-0.1645262837
-0.04572360218
-0.107592307
-0.0441891402
0.1029187888
0.01489702798
-0.08384906501
0.08110887557
-0.07323019207
0.1053221598
-0.04296191409
-0.03105486929
-0.07230374217
-0.2139783204
0.01362841204
-0.03469387442
-0.1216828823
-0.05284213275
0.007997861132
0.1376720816
-0.003816544777
-0.03349586204
-0.007742699701
-0.06572680175
-0.08494863659
0.08422050625
-0.02738020197
0.004159630742
0.008540160023
-0.1261087805
0.009048768319
-0.02962376364
0.07216927409
-0.1773164123
-0.09957619011
-0.04711419344
-0.1448942125
0.05648514628
0.00487982342
-0.06849858165
0.03484670073
-0.07681388408
-0.02760745771
-0.3289287686
0.02507809922
-0.01964611374
0.07726737112
0.1973819584
0.07226578146
0.06027374417
0.0466786623
-0.0004345752823
0.04437898099
0.004127137829
-0.0769989863
0.01710518822
0.01215087716
0.01449907105
-0.008365859278
-0.009000740014
-0.01099073235
-0.04668575153
-0.006213549059
-0.01119421888
-0.0002217977599
-0.09722662717
-0.006426648237
-0.02727328427
-0.03803259507
-0.002786169527
-0.01296508498
0.01028478611
-0.0281518288
-0.03313329816
0.001249224064
0.0268018879
0.04099756107
-0.003793433541
-0.01921771839
0.01091943774
-0.03835637867
-0.01694426499
-0.09946813434
0.02505833469
0.00429209508
0.06281947345
-0.01549581718
0.01903608255
-0.008402744308
-0.01577456854
-0.06001051515
0.0213853661
-0.00644054031
0.004504617769
-0.01967167482
-0.01033544354
-0.01833374426
0.003258193377
-0.04315729812
-0.02657288685
0.02974553965
0.0471660383
0.01231655851
0.06076936424
0.04439203069
-0.01257625781
-0.04175328463
-0.04125748947
0.05090597644
-0.0220310837
0.04114980251
-0.01563152857
0.03195787594
0.02274740301
-0.1788241863
-0.05142544955
0.001928880461
-0.06455136091
-0.02671660669
0.02686500177
0.02078835666
-0.03975788504
-0.0008707307861
-0.0652930811
0.02624824457
-0.02328269184
0.0006983326166
0.03165314347
-0.1431833208
0.0003413698578
-0.04355028272
-0.03442486748
0.1010477096
0.02197036892
0.07353479415
0.02835221216
-0.05100446939
-0.03246680647
0.01574091241
-0.06941188872
0.02947608754
-0.04178928211
0.08759665489
-0.0996017307
-0.1056439877
-0.005078786984
0.01233395562
0.0007703917217
-0.02991859615
-0.03542046994
0.02241930552
0.05846403912
-0.08757130057
0.1039648503
0.01204791106
0.03535985574
-0.05156773701
-0.05746956542
0.04545689747
-0.0007932909648
0.06684792787
-0.01053741574
-0.02389884368
-0.0246298369
-0.08810276538
0.08570177108
-0.05496124923
0.04380911961
0.01051147655
-0.06125863269
0.03038925305
0.004313720856
-0.01063782535
-0.008802713826
0.03764474019
0.005025111604
0.06299238652
0.03976741433
0.003595198272
0.01156573649
-0.01155829057
0.008748082444
-0.008542871103
0.03231814876
0.01250427961
0.01445922069
0.03318839893
0.008555027656
-0.002188681392
0.03616640717
-0.01932068542
-0.03410887718
-0.04509367794
0.02178477868
0.02225628681
-0.01886659674
-0.03964059427
8.246664947e-06
0.01002633572
0.003432113677
-0.0196725186
-0.002689628163
0.001565083396
-0.004868529737
0.01609336771
0.01372592151
-0.02676446177
-0.01306840591
-0.02663610503
-0.004789711442
-0.01712076552
0.004149944521
0.007275724318
-0.004278590437
0.008706282824
0.007665308192
-0.02700133435
-0.03515685722
-0.002536382992
0.02242808044
-0.0112927286
-0.01385588199
0.01693562232
0.02549792267
-0.006773189176
0.01901034638
-0.002492732834
-0.001136874547
0.0002441692923
0.0137307886
0.005850016139
0.01842170022
0.009219025262
0.000282669731
0.006402943749
0.03257828206
-0.01180639397
-0.003198398277
0.007043756079
-0.01562892832
-0.009441286325
0.01548790373
0.009021414444
-0.15970397
0.05664587766
-0.01900171861
-0.02037797123
-0.09631897509
0.068018049
-0.04458300397
0.01020759623
0.05331843719
-0.03578528017
0.06368092448
0.03493754566
-0.03718503565
-0.04666216299
-0.08882258087
-0.1548712552
0.02029671147
0.08867034316
-0.1119098589
-0.04457817227
-0.03607305139
-0.08246137202
0.01799628697
-0.03202178329
0.002166193444
-0.01096061245
-0.1438446641
-0.009996484034
-0.02641006187
-0.1513200849
-0.04396775365
-0.05255998299
0.1520178318
-0.09713535011
0.05185293034
-0.002524161711
0.1387902647
-0.02489989251
0.0663009584
0.01544392854
-0.00310900691
-0.02849732526
-0.04363327846
-0.07494401187
-0.05402142182
0.02976537496
-0.2172615975
0.008906013332
-0.09798993915
-0.1152238771
0.0866587162
0.06125829369
0.04337415099
-0.01149021927
-0.03642423078
0.03910235688
0.123124674
0.09775517136
-0.04135717452
0.01517662592
0.191743359
0.00547469873
-0.02590232156
0.02642622031
0.02208562009
0.03064179234
0.02034689859
-0.05276063085
0.02148593217
0.02750295214
0.02163717709
0.01001268346
0.003169510514
-0.00582991913
0.008365678601
-0.002465679543
0.007684229407
0.03188406676
-0.08243297786
-0.01306010131
-0.03218369186
-0.01929417439
-0.00159704953
0.01181028131
-0.009076702408
-0.006508375052
0.00232592551
0.008068535477
-0.00471893372
0.03377937526
-0.02073363401
-0.0285248775
-0.01152558066
-0.0263689179
-0.02422800474
-0.02850003354
0.007278807461
-0.01102930121
0.003459151369
-0.002902813954
0.007672213018
-0.01149888337
-0.01369605586
-0.00410684105
0.01482564677
0.02159572765
-0.004320072941
-0.03171733394
-0.00794080738
-0.003549899673
0.01569939777
-0.01421677228
-0.01809776388
0.01227166317
-0.003142755711
0.02042133361
0.01691317372
0.008871702477
-0.02030530013
0.02694705874
0.03328038007
0.006376470439
0.01727116294
0.01102711819
-0.01523579843
0.005095259752
0.007270297967
-0.0140972361
0.01123465691
0.005010347813
-0.01281225123
-0.006620982662
0.01652359776
0.002657323377
-0.0137858903
-0.01256751921
-0.01274746563
0.02128403634
-0.005255976226
-0.01611932367
-0.04362539202
-0.01220421959
0.01059680711
0.02789046243
5.240716564e-05
0.001347380574
0.01588712633
0.005869281478
-0.02531942911
-0.02833186276
-0.004213911481
0.01942797936
0.006661900319
0.004248893354
0.004032980185
-0.02861513197
-0.0009921911405
-0.01554726064
0.0151535999
0.01092610694
-0.01268380787
0.02197968587
0.0168831218
0.01413118094
0.04320205003
-0.02924576029
0.01703552343
0.01869341359
-0.01540162321
-0.02973468602
0.01030425169
-0.0230453033
0.006050948054
-0.004823773634
0.03685174882
-0.02287866548
-0.008820750751
-0.02268829569
0.01182991359
0.01421468705
0.02855491266
0.02009266615
-0.006490731146
0.0244183708
0.03689704463
0.0003008799104
0.01276256423
0.008127156645
-0.03515077382
-0.01147527527
0.02845726348
-0.006276776548
0.0114108799
-0.005960490555
-0.01287172176
-0.02616429701
0.001127572381
0.0007435293519
0.0008444968844
-0.01081308536
0.002876853338
-0.007980376482
0.01000640355
-0.006304712966
-0.01130219456
-0.01047977712
-0.009850290604
0.01133284252
0.004098839127
0.01507584937
0.007486223243
-0.005435626023
-0.01320385654
-0.01106331963
0.01520225033
0.01059935801
0.02335154638
-0.00603425689
0.007396347821
0.0004200507829
0.01057022251
0.01131565776
-0.0134501094
-0.01023802627
-0.002067345893
0.01800233684
-0.001438404783
0.01908138022
-0.00223095878
-0.00895966962
0.0038087375
-0.0003772261844
-0.0001249572233
-0.01528200228
-0.002023419365
-0.008039216511
-0.01105972473
-0.01066065487
-0.00201112451
-0.001466396498
-0.005927005317
0.003822547384
-0.003425301518
-0.01817077957
-0.005687285215
0.02258425392
0.0112103438
0.02093527466
0.001912330161
-0.0005181755405
0.01827538386
-0.003554204246
0.01755179651
-0.003903828561
0.007717974484
-0.00953757856
-0.04967985302
0.008559181355
-0.02922370844
-0.02280805074
-0.01336313877
0.0005545957247
-0.01680947654
-0.02489673905
0.006265927572
-0.03656828403
-0.0407070145
0.0496898368
0.05384096131
-0.01221204735
-0.04373748228
-0.04903658107
-0.03048046306
0.04655338824
0.01923168823
-0.03178958967
0.08680129796
-0.02998981439
0.03410926089
-0.01165164728
0.002808482619
0.02189324424
-0.02864379436
0.1290833354
-0.03369091079
-0.01946637407
-0.01715352573
0.00590923382
0.01272541098
-0.02453990839
0.02714682184
-0.02763177268
0.05008266494
-0.01958920434
0.05013347045
-0.01207126677
0.04443567246
-0.03791026771
-0.03594580665
0.009928485379
-0.01007838175
0.03244050592
-0.07625840604
-0.1073444039
-0.04713659361
-0.03395161033
0.009568729438
-0.1627888083
-0.02820297331
-0.01250317134
-0.0107260095
9.533019329e-05
0.03465263546
0.004776165821
0.02011339739
0.01599000953
0.08941643685
0.07186096162
0.04503000528
0.01197100617
-0.003569380613
0.01636358164
0.02653198875
0.01446870808
0.01345519815
0.006921729539
0.006234193221
0.01341081597
0.008094169199
-0.004909653217
0.03278467804
-0.001458153129
-0.02166197635
-0.01997707225
0.005925936159
0.002230837243
-0.0324886404
-0.03031593747
0.01234737691
0.002516746987
0.001277384232
-0.01529204007
-0.004129419569
0.00393798342
0.01911533251
0.003285559127
0.0236547403
-0.01273917314
-0.009974068962
-0.02165808342
0.001111439546
-0.004751654807
-0.003997974098
0.002659071935
0.00594391441
0.004537431989
0.004885931965
-0.01325319521
-0.02004135773
-0.007947315462
0.02098581195
0.02288233861
-0.01579994336
0.01134784613
0.01986195892
-0.005163336173
0.002150775632
0.0001955196203
-0.001961546019
0.006889268756
0.02099425159
0.007051561493
0.006711164489
0.01425566897
0.003241922474
0.00124199118
0.01459333766
0.005191624165
0.0233570151
0.01106933039
-0.004988061264
0.005288918037
-0.002740269527
0.03027095273
0.004534177482
-0.003419282148
-0.0004986792919
-0.06943636388
-0.04665048048
-0.03971903771
-0.01174041908
0.02735442482
0.05589453503
0.0735469833
0.07420654595
0.003529089503
-0.1215134487
0.0303030014
-0.05448555574
-0.1171885654
-0.04451126605
0.1560784578
0.1381859183
-0.04986754432
0.02563146502
-0.1331663579
-0.01572582126
0.06610985845
-0.09079362452
0.006072862539
-0.07469669729
0.006326292641
-0.01918906532
-0.07472676784
-0.03155098483
-0.03957950696
0.03098247573
-0.06859399378
0.05717863142
-0.01818673871
0.1537420601
-0.1875743717
0.04471375048
-0.09469521791
0.05993077904
-0.09507445246
-0.06932484359
0.05684926733
-0.02803954482
0.0383220464
-0.1282933801
-0.08443294466
0.06233041734
-0.1131030917
0.01425180584
-0.08730880916
0.08415538818
0.01091187075
-0.03485412896
-0.05659588054
-0.06120184436
0.02100631036
-0.09244773537
-0.008208585903
-0.1740739346
0.1356083751
0.09222982824
0.01548464596
0.009057731368
0.02427433059
-0.01729687862
-0.06422589719
0.05129737407
-0.00086116069
0.01148411725
0.05451799557
0.01434242167
0.004725543782
0.006715443451
-0.01798939705
-0.007025831379
0.02947490662
0.002908022143
-0.001457342063
-0.01459962409
-0.03176425025
-0.01079449058
0.0008325880044
0.007759734523
-0.02632574178
-0.008362654597
-0.01550698094
-0.0429617092
0.04498766735
0.02499446087
-0.03952852264
-0.0274697952
-0.04604913667
-0.01485199947
-0.04846544936
0.002514783526
-0.01507707965
-0.01853564568
-0.02878364362
-0.001897762762
-0.03526396304
-0.04472265393
-0.01154367439
0.0089516351
-0.03023787215
-0.002606944647
-0.01150119025
0.01615907252
-0.02035012282
0.01836827211
-0.0278380923
0.01364148967
0.005231306423
0.0183227174
-0.009821362793
0.05122796074
-0.02414065413
-0.02172806673
-0.005068630911
0.001230505295
0.02137015946
-0.03587925807
0.01622548699
-0.05053029954
-0.006143279839
0.003249038942
-0.002283349633
0.05364076048
-0.01231711451
-0.02704927325
0.01452001929
0.004507707898
0.005308737513
0.02440427244
-0.006961124483
-0.04920485988
0.04658834636
-0.03322131932
-0.02454239316
0.0221719034
-0.05505285785
-0.008903680369
0.02095958591
-0.004834800493
-0.008812091313
-0.0377141498
0.0647321716
0.01201821491
0.08482064307
0.003177689388
-0.00230716099
-0.02344048396
0.08663515002
0.05404038727
0.01191363856
-0.04296315089
-0.06259825081
-0.001361084403
0.01204401907
-0.02638898976
-0.02487177588
-0.03184491023
-0.03581024706
-0.06871204078
0.03093314543
0.02265122905
-0.008090652525
0.008963082917
0.04064442217
-0.009391889907
0.004084665328
0.008398077451
-0.01175034232
0.01348962542
-0.01355344243
0.0125962263
0.04803606495
-0.04072399065
-0.06358008832
-0.008732784539
-0.01212436054
0.000249009172
0.02164529264
-0.0074642892
0.01059263479
-0.03847354278
-0.02309974656
-0.03420957178
-0.0155216055
-0.06079852954
-0.01857303828
-0.003983453847
-0.00731955003
0.0350311026
0.03476735204
0.01577562094
-0.01485502813
0.02770599723
0.0223435089
0.01966119558
0.01895762049
0.04228775203
-0.02958052792
-0.0164953582
-0.001200919854
0.02627310529
0.005679461639
-0.001052297768
-0.0004077834892
-0.003614635207
-0.01235737186
-0.01001376379
-0.01669480465
-0.01558113936
-0.008380822837
-0.005909414031
0.001571012428
0.03238985687
-0.02130754851
-0.005152645055
-0.009214290418
0.03015117347
0.02147113159
-0.004281643778
-0.01097680163
0.01887716539
-0.03885031119
-0.002778343856
-0.00375315384
-0.005568877794
-0.007764184382
0.002594592283
-0.01669267565
0.0006154897856
0.01317631919
0.05063747242
-0.01920089871
0.00899306871
-0.02296440862
0.0155268088
0.0001561505487
0.01779026724
0.00228022458
-0.02359681949
-0.01075735129
-0.00223891018
-0.01837883703
-0.01752050035
0.02261034586
-0.004568147007
0.005421116482
-0.00974801369
-0.01231231727
-0.008064957336
-0.03815979138
0.07901407033
0.03000808321
-0.06358044595
-0.007442085538
0.03399169073
0.03060947917
-0.003131331177
0.07597588003
-0.01535894349
0.1425127834
0.007123439107
-0.2068110555
-0.1333688349
-0.1236266792
0.04614008218
0.01827059686
0.01627030037
0.02056034468
-0.09755241126
0.1023740023
-0.09706060588
0.01690514199
0.06233166158
0.06810452044
-0.06721746176
-0.08845241368
0.005098848138
-0.1399063468
-0.08594852686
-0.1384142339
0.02163518034
-0.07200565934
0.00830294285
0.07822659612
0.1261945814
-0.009170676582
0.04971471056
-0.08639848977
0.03348656371
-0.05496909097
0.007988964207
-0.01234917995
-0.0260492973
-0.1687681824
0.06977712363
0.07655588537
-0.006947002374
-0.1001840457
0.01453671977
-0.1364741325
0.06118569896
0.06460699439
0.05617629364
0.0455599837
0.01375540718
0.09205798805
0.1665691137
-0.002056670375
-0.08102166653
0.03539049625
-0.02579656057
-0.001654491061
-0.1941157877
-0.02224325016
0.02713550068
0.00929049775
0.02436649986
-0.02328163944
0.08186578006
-0.0130437538
0.03018139675
0.06679821014
0.05145260319
0.03322342783
0.07010038942
-0.01502069086
-0.01115603931
0.06421075016
0.09696258605
0.01641914621
-0.01888651401
0.01446144935
-0.03320001811
-0.03450062498
-0.04718776792
-0.04723294079
0.0115401838
0.002181675052
-0.04431886226
0.04548440129
0.06728638709
-0.08725405484
-0.04060177132
-0.04306578636
-0.01051845774
-0.00384746748
-0.008062176406
-0.03690198809
0.06954716891
-0.003838222008
-0.01689681411
-0.02945802547
-0.01936539449
0.004568505567
0.03244945034
-0.05080097541
-0.0017951068
-0.02083980665
0.06420298666
-0.07441192865
0.02921255119
-0.06506337225
0.03998454288
-0.001041957876
0.002234050073
-0.02465419285
-0.0137316538
0.0371844545
-0.009865158238
0.06893113256
0.02033303492
0.02492398396
-0.01217258722
0.01458771713
-0.03462694213
-0.03108369932
-0.01346229855
-0.1655655503
0.07342285663
0.02043847553
-0.03478885815
0.001152689802
0.07762498409
0.0004564648552
0.05408087
0.03657230362
0.03113090061
0.0621278584
0.01383406483
-0.1699387431
-0.2794659138
-0.08591391146
0.1638171673
0.09094126523
0.09431114048
0.07911192626
-0.1258298606
0.1770822257
-0.1365663707
-0.05543253198
-0.001473666169
-0.02314858697
-0.02144704387
-0.1868613511
-0.06174737215
-0.001217726269
-0.140303418
-0.04407483712
0.05312141031
-0.02137041464
-0.01615893841
0.03192498162
0.05281976983
0.0745947063
0.2118464112
-0.2379596084
0.04633223265
0.08159273863
0.03848769888
-0.02569256909
-0.006720123813
-0.1688646972
0.05237537622
0.009275907651
0.03701433167
0.1534848511
0.07345696539
-0.02562583983
0.04981596768
-0.1191790104
0.002527226228
0.08633746952
0.04824278876
0.01825362258
0.2399791479
0.1215745807
-0.02475400083
0.06850980967
-0.09050150961
0.03020863049
-0.2735187113
-0.01682497002
0.03076190129
-0.005438458174
0.01899861917
-0.02499328926
0.08999724686
-0.02449067496
0.04241933674
0.0727320686
0.06155436486
0.04215397686
0.119781673
4.944929242e-05
-0.02394058369
0.08884280175
0.06283062696
0.02227020636
-0.0110436976
0.003582267324
-0.04249561951
-0.04728401825
-0.01291001122
-0.06327526271
0.000813445833
-0.007099057548
-0.05991636962
0.02700423077
0.02752318606
-0.09800194204
-0.05458300933
-0.03953528777
-0.01058922149
0.01869153045
-0.0182384178
-0.04591200501
0.06576652825
-0.009779367596
-0.02120191604
-0.04987233132
-0.03440669924
-0.0003669240396
0.02463488467
-0.0752998814
-0.0145483017
-0.02008099854
0.04160846025
-0.09212815017
0.02910409123
-0.06581091136
0.03840347752
-0.003627209691
0.005665735807
-0.05392661691
-0.03722801805
0.04983954132
-0.01704024523
0.02230841108
0.0377128236
0.04860971868
-0.006325071678
0.02470885776
-0.03118640184
-0.01522811595
-0.01318675652
0.00361512159
-0.003188317642
0.005174674559
0.0031309193
-0.003247052897
-0.007262446452
0.001619867631
-0.001962468727
-0.008763295598
0.002482314594
-0.01033097785
0.003210621187
0.006394337863
0.001362130162
0.0008084313595
-0.0006336167571
0.004850923549
-0.00652407296
-0.002922085114
0.003258449258
0.001911774976
0.008639387786
-0.005211734679
0.00560207665
-0.001421938767
0.003077708418
0.007318765856
-0.001669696416
-0.002367971931
0.007736295462
0.007133910432
0.002888113959
0.005924965255
0.008224312216
0.004440376535
0.00331793353
-0.001142323366
0.006917608902
-0.001231831149
0.0004011560231
-0.003110950347
-0.009269448929
-0.003085114527
-0.0007272473886
0.007872316986
-0.001616686699
0.0008386975969
-0.002109138761
-0.007358555682
-0.004474418703
0.001008398249
0.00414798269
-0.008539058268
0.0001344183547
-0.001153043821
0.002760936972
-0.007798598614
-0.01291788835
0.0004012460704
0.00385175948
-0.004052086733
0.009075058624
-0.009168741293
0.006289014127
0.0001314499677
-0.003476870945
-0.003105991753
-0.002481480828
0.009453977458
0.00107971637
0.001821334707
-0.00436701905
0.003718876978
-0.001906728605
-0.004903874826
0.006240653805
-0.002670541406
0.0007875425508
-0.007771599572
-0.003772505326
0.004062300082
0.001377008623
-7.094607281e-05
0.003940030467
0.0004394395219
0.001915161498
-0.007075162604
0.01145739574
0.006719321012
0.006523578893
-0.001876846189
0.003075147048
-0.001295313123
0.00312066148
0.001464547473
0.000403929298
-0.007469400764
0.001902549411
0.004853346385
-0.003648055252
0.007926046848
-4.831632396e-05
-0.001997910906
0.004144799896
-0.00148267427
0.006282120477
0.006120277103
-0.002138888696
0.004374256823
0.001574863214
-0.002682104474
0.001811407739
0.001160525251
-0.002344022272
-0.004188707564
0.003672189545
0.001971546328
-0.001724079601
7.447332609e-05
0.0004758494906
0.005878094584
-0.0019929267
0.001719114953
0.005441445392
0.002287752461
-0.0006024006288
0.003789613023
0.001447528484
0.03139573708
0.06613831222
-0.001998311607
0.04884513468
-0.001736682258
-0.003408197779
0.02451334521
-0.02830619365
0.07222240418
-0.03049089387
0.0209805537
0.07795327902
-0.009647461586
0.08720459789
0.1497774422
0.04814327508
0.1110179797
0.01407510787
-0.07848334312
0.07595555484
0.04128004611
0.03020892851
0.0001268469059
0.1446879655
0.041448351
0.04484601319
-0.03252664208
-0.006000258029
-0.01883736253
0.09495010227
-0.02134873718
0.0454865545
0.03300782293
0.03178731352
0.1042275727
-0.03770488501
0.06944265962
0.06763143837
0.01211050153
-0.03185962141
0.03643434122
-0.05440937728
0.01125837211
0.06873819232
0.04287948459
-0.03751279786
0.03042252921
0.1344519109
0.155577302
-0.0688848421
0.04629343376
-0.04253301769
0.1337144077
0.07519514859
0.06273903698
0.009796920232
0.08682049066
0.0523459129
-0.01887611859
0.01640104502
0.02438654378
0.04022350535
-0.008155950345
0.08179762959
-0.002542758361
-0.005382431205
-0.003172211815
-0.07858787477
-0.0315919593
-0.08335211128
-0.0006279302761
-0.03445350006
-0.02622115053
-0.009780703112
-0.01966195554
-0.05039383471
0.02982515655
0.05125862733
0.00802582223
-0.02597857825
-0.008350001648
0.02671923861
0.05685633421
0.01761645824
0.02467049286
0.01276949793
0.04051219672
0.05137228966
0.01289352495
0.004676948301
-0.03260490671
-0.05559003726
0.06206703559
0.01290183701
0.05240498856
-0.0289391838
0.002739234595
-0.01572826505
0.03110753372
-0.01637494564
0.03917886689
-0.01617992111
0.02359137684
0.06466558576
0.02182716131
-0.0369636789
0.0006987093948
-0.008832049556
-0.001940401853
-0.1019217372
0.05400877073
-0.0292564407
0.05278102681
-0.00681930501
-0.01147687901
-0.08268174529
0.004234161694
-0.008018099703
0.01589709893
0.02245905623
0.05794204026
0.003003356513
-0.01248118654
-0.006096308585
-0.05873410776
0.04994246364
-0.01333734207
0.04674034193
-0.09384892136
-0.04702332616
0.009420019574
-0.03452059627
-0.01579420827
-0.006656020414
0.0374651663
-0.0135581661
-0.009792070836
-0.0259547662
0.008307609707
-0.07586732507
-0.0408087559
0.021839533
-0.06138337031
-0.008846097626
-0.03064679168
0.001058384078
0.08641324937
-0.01361892466
0.01632709615
-0.0001186842055
-0.03387772292
-0.01906559803
0.002190970583
-0.04085963964
0.008710305206
-0.04127814248
0.001246919623
-0.03791114688
-0.01626580581
-0.002946911845
-0.01436669752
0.01568317413
0.04471298307
-0.00350725092
0.01038640551
0.03435558081
-0.03359629214
0.07114116102
0.007304992527
0.001376916887
-0.04531175271
-0.02960048616
0.005224782974
-0.02951570787
0.03517312184
-0.04012987763
-0.08800378442
-0.02703497931
-0.06734085083
0.02854381502
-0.0529435277
0.02941068821
0.01100539882
-0.03821348026
-0.0005734590231
-0.0007111091982
0.004333612043
-0.02808483876
0.03235894814
-0.1091733649
0.05482493341
0.0569864437
0.002706441795
0.01298029814
-0.0007531011943
-0.006256329361
-0.03196382895
0.01918715611
0.001412978629
0.003268070752
0.008745197207
0.008126390167
-0.003793764627
0.01775545441
-0.01175863575
-0.02044108137
-0.003826367902
-0.01726659946
0.007374518085
-0.01237544976
-0.01031606551
-0.001897622831
-0.006543714087
-0.01792051829
-0.02312300727
-5.771376891e-06
0.006765434518
0.00197291607
0.01072396804
0.01372442488
-0.02400501631
-0.01002151333
-0.01867289282
-0.01199663896
-0.02127615921
0.005363058764
0.005969085265
0.01168807503
0.007673832588
0.000651197799
-0.01824197918
-0.01573084854
-0.008792819455
0.01009067427
-0.01876787283
-0.01356392819
-0.01054221578
0.01136806142
-0.02261153422
0.00587531412
-0.01810097136
-0.009433710948
0.008797772229
0.006731673609
-0.01508789789
0.006040457636
0.0160846822
0.004124962725
0.01645362191
0.001837720512
-0.008721972816
-0.003284360515
0.002971102018
-0.002762831049
-0.01184848603
0.008282500319
0.06288541853
-0.08393004537
0.001616021735
0.009061874822
-0.009064869955
-0.06080215052
-0.02947798371
0.01832687669
-0.01548376959
0.1043538228
-0.1342896521
0.06851916015
0.01766005717
0.08723814785
-0.0323405005
-0.07210659981
-0.05434203148
0.02315023914
0.007713920437
0.02570800111
-0.06549424678
0.04588019103
0.0003226591507
-0.02216151729
-0.04854425043
0.002067890484
-0.03960425034
-0.0813267231
0.01334584318
0.1175025254
0.04833035544
-0.02654019184
0.0003398619883
0.06504254043
-0.003916845657
0.00499050878
0.04263362288
0.02829039842
-0.03614928946
-0.05269065127
-0.02160337195
-0.031335596
0.01200920995
0.003195753321
-0.01250025723
-0.04545874149
0.007732279133
-0.07392268628
0.101232253
0.002135017421
-0.01605319604
0.01444507297
0.08845996112
0.02571649663
0.004152540583
0.0109575456
-0.06507126242
-0.009934220463
-0.01933436841
0.02690732107
-0.003169855103
0.06345050782
0.009410736151
0.05165078864
0.005893828813
-0.00433322601
0.008032174781
-0.03930243105
-0.01991874166
-0.02683164924
0.02129897662
-0.03016562946
-0.04595617205
-0.02310799435
-0.0208953768
-0.09667531401
0.01768726856
0.02236362733
-0.03819127753
-0.07344898582
-0.01450509019
0.009674401954
-0.01264614239
0.007788214367
0.02386202849
0.01916862465
0.02953525633
-0.01186718885
-0.004517710302
-0.002073165262
0.003637358081
-0.04886976257
0.03680169955
0.01631539874
0.01219762769
-0.01602713577
-0.03101680428
0.008092215285
0.0145380795
-0.05137132108
0.02694856189
0.001948353834
0.01664417423
0.002691368805
0.01606950164
-0.008725368418
0.03403367102
0.00500325067
-0.02343295887
-0.06971943378
0.03380376846
-0.01475583389
0.02472412214
-0.008294548839
0.01050249208
-0.0170059707
-0.003001266392
0.04358828813
-0.01482845377
0.003269933863
-0.00707591651
-0.0186909195
-0.03667447343
-0.02456724644
0.001305445796
-0.0009417293477
0.01914465986
0.0005650612875
