-0.01617434807
-0.07040471584
-0.03996892646
-0.09174839407
-0.3684973419
-0.05932550505
0.05800688267
0.04612248763
-0.06639602035
0.102504693
-0.01096798759
-0.05417149141
0.161820963
-0.06755780429
0.1604033858
-0.001528452151
0.3333802521
-0.02543229237
-0.4360940456
-0.3350504339
-0.1612542421
0.03366620466
0.005794585682
-0.1379813254
-0.5060145259
-0.507014513
-0.1741886288
0.3527526259
-0.692214191
0.2239081413
0.16295892
-0.07803879678
0.03413693979
-0.1811213642
0.1024782807
-0.2350520194
-0.2218332738
-0.4461331069
-0.07633413374
0.3616488278
-0.05052221194
0.414447546
0.01179416757
0.642413795
0.376229614
0.5399229527
-0.3310673833
0.3475543559
0.02725720033
-0.01745501906
0.006268661935
-0.1274351031
-0.1505307257
-0.4074608386
-0.3143449128
-0.02628236264
0.02343377843
-0.04068433866
0.0714969337
0.05702131614
0.01952908933
0.07422233373
-0.3254504204
-0.03243493661
0.1335068494
0.5068843365
0.1363002062
0.4161732793
-0.6698870063
-0.4298343956
-0.1752263755
0.09869038314
0.03563948721
0.155802235
0.09421845526
-0.1636717021
0.05552099645
0.2898890078
-0.4893880486
0.1107310876
-0.0005664562923
-0.001275241375
-0.001544882427
0.0007488704869
0.0002048404858
0.0006233889144
0.0008980653947
6.979775935e-05
0.0001924323151
0.0009778439999
0.0008472037734
-0.001230812981
0.0002818285429
-0.0001074575921
-0.001716993167
0.0008326443494
0.3835708201
0.123226583
-0.5573807955
-0.09985920042
0.7402710915
-0.1439042687
0.2540706098
0.2073003054
-0.4297774136
0.410397768
-0.2047485262
-0.05129511654
0.05443078652
0.2655727267
0.9471239448
0.2869159281
0.07779738307
-0.3026898801
0.313732177
-0.5574195981
0.4649058878
-0.08739209175
0.1490490139
-0.1038385481
-0.1247583553
-0.4075192809
-0.2443919927
0.4816861749
-0.4352738559
0.3107265532
0.0604365021
-0.491933167
