0.000353127165
-0.0291151721
-0.002993824659
-0.04257179424
-0.1504221112
0.00855448842
0.008905651048
0.05229911953
-0.02607411705
0.0860273689
-0.01894408651
-0.03273338825
0.07673169672
-0.005878297146
0.09344851971
-0.01834436879
0.1836688519
-0.2555335462
-0.3776357472
-0.3674462736
-0.1082810611
0.03754721582
1.964210242e-05
-0.2077024579
-0.3433001637
-0.4516786039
-0.1154588237
0.4186360538
-0.5398016572
0.149235636
0.1297696084
-0.07459492236
-0.01865133643
-0.2709220648
-0.002804578748
-0.2668359876
-0.1538673341
-0.1093778312
0.0105436407
0.1138601005
-0.1316463798
0.09136632085
-0.04203575104
0.7923448086
0.0207121186
0.3031915128
-0.2566783726
0.3221926987
-0.1152302027
0.07434995472
0.03165045381
-0.1263489723
0.07602555305
-0.3890247345
-0.3116188347
-0.3710161448
0.3136140108
-0.09636940062
0.579267621
0.1366073042
0.06117550284
-0.0917366147
-0.1090760306
-0.1658182442
-0.2508267462
0.5921401381
0.2962855399
0.5153915286
-0.8285548687
-0.2149597406
-0.2181442678
0.1849776953
0.4351433814
0.3192731738
0.2490485907
-0.2449703515
0.1694308519
0.4581617117
-0.5203412175
0.2564053833
-0.02783453465
0.2469980568
-0.001893244917
0.4289290905
-0.2977325916
-0.00143119425
-0.07059811801
-0.02201945521
-0.137741074
0.001883146004
-0.005681098439
-0.004355645739
0.1224586666
-0.08046909422
0.04236925393
0.06785086542
0.4168152511
0.2278005183
-0.4204129875
-0.04243049771
0.7121533155
-0.1254314184
0.2632381022
0.3148008883
-0.4544940889
0.4463927746
-0.2670361102
-0.1503362209
0.1706973761
0.2787858844
0.9633936286
0.3504792154
0.02523360588
-0.3720255792
0.1593004763
-0.4929481149
0.4898436069
-0.07296381891
0.1233828515
-0.2532085478
-0.09612353146
-0.3910118639
-0.1345877051
0.5536850095
-0.4687950909
0.2349805981
0.007602012251
-0.4830861688
