-0.389552176
-0.1150337681
-0.2240684181
-0.05649359152
0.07425507158
-0.03095595539
-0.1872145832
0.03724084049
0.180213213
-0.04350025207
-0.2390458286
-0.09634389728
-0.09798648208
-0.2053619474
-0.1148409843
0.1005466059
-0.05140703544
-0.1382259727
0.004611583892
-0.02329614013
-0.1760489345
0.1334344298
-0.106698662
-0.0495336093
-0.168669492
-0.07053632289
0.1313456148
-0.09466508031
-0.1248984337
0.4125609994
0.3110253811
-0.05354527384
0.1244813055
-0.3947568536
-0.2466698587
-0.5578634739
-0.1163556054
-0.06670284271
0.3152911365
-0.1838667393
-0.150197193
0.04586391151
0.04942094162
-0.01161402557
0.6665492058
0.03059657477
0.2305345088
-0.3047458827
-0.01506395545
0.1485791355
0.02830777504
0.4461683035
-0.2635899186
-0.08804798871
0.09694122523
-0.140393585
-0.09333803505
-0.00172422349
0.08337330818
0.1259925067
0.2543535233
-0.04152644426
0.314365983
0.08004672825
0.004473932087
-0.0140933441
0.06276016682
-0.1468193233
0.0942953974
-0.08861989528
-0.03002457693
0.00267325365
0.1247774512
-0.1193167716
-0.04715677351
0.08975827694
-0.09399838746
-0.05391318351
-0.3163031638
0.1846835613
-0.3102556169
0.1256756186
-0.07605694979
-0.1991888136
-0.02870633453
0.08748038858
0.1583860666
0.1712624133
-0.2090260834
-0.0009795140941
0.4373690486
0.09003057331
-0.138508141
0.1032845303
-0.09149581194
0.07132561505
0.3946031332
0.2045882791
0.2565397024
-0.06861043721
-0.05806597695
0.2851832807
0.01418926753
0.1049758866
0.02601676993
0.08518461138
0.06710229814
-0.1707716584
0.0369226113
-0.03842419013
-0.1636051387
-0.1787557304
0.1316872388
-0.2336515039
0.1128185764
0.1295967847
0.01201053616
-0.2742279172
0.1005576476
-0.09304491431
-0.06508675963
0.3543433249
-0.1133151054
-0.1377315223
0.3734308779
0.1771934181
-0.2772864699
-0.05782688782
0.02590990812
-0.1262186617
-0.2335400432
-0.1411902606
-0.1539603919
0.04601316527
-0.01961226761
-0.1686179936
-0.07477709651
-0.1675954461
-0.06202037632
0.02624371275
0.03898944333
0.1813461632
0.2003048658
0.2660263479
-0.1146940216
0.255900532
-0.2026358098
0.3529858291
-0.07580538839
0.4259745479
0.2966002822
-0.2939767241
-0.1715600044
0.1178124025
0.232042864
-0.1000007913
0.1107593253
0.4215861261
-0.004458993208
0.05457313359
0.1911201179
-0.01569136605
-0.004647536669
0.07295262814
-0.1146894321
0.09191773832
0.05161096528
0.03012289666
-0.205649063
0.04731734842
0.05046083406
-0.07318749279
-0.01675097831
0.03239866346
0.07141216099
-0.1020098031
0.04308152199
-0.06789070368
0.003516176948
-0.1275838912
0.1249674633
0.09270492941
0.002435849281
-0.08415456116
0.08314139396
-0.1628720462
0.1057944447
-0.1386695504
-0.04034733772
-0.1128081828
-0.1491827965
-0.1866513789
0.06502623856
0.3725196719
-0.1861212701
-0.06451718509
-0.1647409201
-0.07645677775
-0.5929690599
-0.04805796221
-0.2847602963
-0.482019037
-0.07047620416
0.07237251848
0.1337811053
-0.08146414161
-0.02427153103
0.2240322083
0.0237147864
0.4002231658
-0.02139763534
0.08498390764
0.2161065787
0.2749146521
-0.2611620426
0.1437865049
0.0773780942
-0.05578719825
-0.0006271750317
0.1342892796
0.1067884043
-0.3087787628
-0.04590383545
0.3619355559
-0.4380760193
0.4967228472
0.2204152048
0.3813703656
0.006818994414
0.4470591545
-0.4354798794
0.03469589353
0.01349740196
-0.1211868376
0.1040454209
-0.09209157526
-0.2446753681
0.1779737324
0.1424486786
0.2601215541
-0.1265140623
0.1957155019
0.3028242886
0.2928304374
0.3150936961
-0.006223358214
-0.04986028373
-0.05829274654
-0.02219948359
0.2094732374
0.2852421999
0.01882578991
0.03740302101
0.3356674612
0.1010404676
0.4102658927
0.2169120014
0.005884731188
0.07989750057
0.1386603862
-0.0949941054
0.2352052778
-0.01876363903
0.1970806867
-0.1341484189
-0.01281415857
-0.03252162784
-0.0676086545
0.06311080605
-0.2514320612
-0.1363628209
0.2572242618
0.0141637139
0.2181770355
0.1520116627
0.09652476758
0.3106761575
-0.09877878428
0.1782126129
0.1813483685
0.1115931422
-0.06526713073
-0.05051619187
0.06919908524
-0.1562369317
0.2230077833
-0.05612344667
-0.07585011423
0.04775620997
0.0121534951
-0.0563073568
0.08117804676
0.1350471675
0.01050652936
0.1174907759
0.06856018305
-0.01153504476
0.02940471098
0.1030853689
0.003983873874
-0.07940151542
-0.03235770762
-0.01801401563
-0.08645771444
-0.0165045578
0.02359746955
0.04905870184
0.05596311018
-0.09253517538
0.08390416205
-0.1092961431
0.05620352551
0.008817262016
0.03115935437
-0.008533199318
-0.01196537353
-0.07143380493
-0.04518063366
0.06028459221
0.009714822285
0.1995081902
0.4520300031
-0.3079420924
-0.3773995936
0.1426665634
0.09825664014
-0.2796966434
0.04705076665
0.3351118863
-0.3092812896
0.05539155006
-0.132659629
-0.0357042551
-0.2790505588
0.04540679604
0.07206739485
0.1156554744
-0.09264789522
-0.01135374233
0.4214984179
0.5389217138
-0.4394864738
-0.02645964921
0.2252145857
0.003919927869
0.04365716502
0.02348304912
-0.01074250787
-0.08851841092
-0.2226321548
-0.1080128849
0.1402469277
-0.004386577755
-0.1526496261
0.1417538226
-0.1927421093
-0.07157602161
0.01097796671
0.09714203328
0.05180141702
-0.1683122665
0.06363267452
-0.1007930338
0.01991696283
0.07013806701
0.2297911644
-0.09270986915
-0.1045551896
0.02607863024
0.1499068737
0.03705494478
0.1131105721
0.01647044905
-0.2906627953
0.06771079451
0.06891336292
0.03485279903
0.03690623119
-0.09264395386
-0.003268348984
-0.05286120996
-0.1417955905
0.02700848132
0.05013405532
0.07912866771
0.07856974751
-0.09652087092
0.004249273799
-0.01504892111
-0.3816467226
0.2126572877
0.1292983294
-0.06916087121
0.2449917793
-0.01870485395
-0.3198267817
0.3249949813
0.1253840774
-0.2776881754
0.08916852623
0.03828888014
0.0370452553
0.04763804749
0.2385424674
0.1798483431
-0.1997980475
-0.3562521338
0.169864729
0.173797667
-0.1464310586
-0.2327105999
-0.1261587441
0.2434519976
-0.1828217655
-0.1079858616
0.09279592335
-0.2553029954
-0.1112252101
-0.04173348844
-0.5983148813
0.2955399454
0.2515867054
0.3047910333
-0.1293901652
-0.1646329612
-0.0725928247
-0.2152996957
-0.3347505629
-0.4417343736
0.1930014491
0.3736563921
0.01183802728
0.2301175147
0.4731241465
-0.1112948582
-0.09702243656
0.03731491789
0.1238916814
0.2007205933
-0.3015226722
0.1055480763
0.00123608252
0.297021836
0.1002818197
0.2006136924
0.1110675931
-0.1723932475
0.2395164222
-0.09270623326
0.01937210187
-0.1831175387
0.3333529234
-0.07863365859
0.3838747442
-0.2675314844
-0.2776095867
0.1657511294
0.4270316064
0.1942089349
-0.0817797333
0.1363782585
0.03473330662
0.06118762121
-0.0208827164
-0.1893028319
-0.2215336114
0.09441633523
-0.1685686707
0.1788111478
-0.07098617405
-0.1501003653
0.01964585483
0.2921459675
-0.05032427236
0.2331787944
-0.4192773402
-0.5191966891
-0.07211916149
0.4263037443
-0.1909893751
0.1654967517
0.1250016391
0.08933164179
-0.1980733424
0.5461872816
-0.1047221795
-0.2498623878
-0.04028849304
0.4350797236
0.261290282
-0.1373160332
0.1444398761
-0.3704726696
0.09290079772
0.4695017338
0.4999637008
0.3553860486
-0.3884333074
-0.112455532
-0.0165623799
0.2927164733
-0.2229412496
-0.02709137835
0.2227772772
-0.1604251564
-0.1321287453
-0.09803297371
0.03347531706
-0.4224651456
0.2203115076
0.2756780088
-0.07068391144
