0.0003108545498
-5.880262688e-05
-0.0001146305949
-7.151196769e-05
-4.602832632e-06
1.027148755e-06
-0.003946210258
0.0004144467239
-0.0001872876892
0.009057924151
1.410838195e-05
-0.0005314823939
0.0156696178
-6.769752508e-05
-0.0003556937445
0.0004306718474
-0.004509024322
-0.001988877077
0.0005137877306
-3.779389999e-06
0.001332719577
0.003705853131
-1.327851624e-05
5.568739994e-07
-4.583836926e-06
-0.0002818096254
-0.000289399497
1.46586828e-07
5.697782399e-06
0.0001479704515
0.0006024640752
-0.0006332342746
