0.3553335667
-0.1878458709
0.2596724927
0.1738204211
-0.2677310407
-0.08397969604
-0.003670911305
-0.3968814313
-0.2331928462
-0.07075650245
-0.6621493697
0.1619228721
-0.4959618747
0.0198405534
-0.2038439512
-0.2908160686
0.5392401218
0.6677230597
0.1381526142
-1.117060304
0.1402968466
-0.2373732477
0.2594030499
-0.01851051673
-0.5007921457
0.0215937756
0.3711112142
-0.3943900764
0.1076710597
-0.006297131535
0.2966936231
-0.04028950259
-0.008877344429
0.09701347351
-0.4336500168
0.3916465044
-0.3802997172
0.1417593658
0.3581663072
-0.1880595535
-0.06251768023
0.137198627
-0.6504396796
-0.4938541949
0.06867057085
0.07028947771
-0.4070408046
-0.1025578305
0.001098997076
-0.07499904931
0.1682279855
0.2998787761
-0.1918269247
0.1816485524
-0.03546448424
-0.014991818
-0.1071858704
0.02288833633
0.5069859624
0.2649485171
-0.2757805288
-0.1909087449
0.8350996375
0.1902147532
-0.05591191351
0.0009971634718
-0.008547286503
-0.1214447767
0.01244798303
0.02586490847
-0.01277041808
0.04941531271
0.02509557828
-0.00773312524
-0.05354563519
0.01944277994
-0.06362210214
-0.04290991277
-0.0448868908
0.1476784348
-0.584074378
-0.4089923799
-0.06135456637
0.8868580461
-0.6807932258
-0.02774802968
0.6029663682
-0.070286192
0.1289979815
0.05423037335
-0.1524172574
-0.04729443789
0.3946712911
0.5678421259
0.4624158442
-0.8890201449
0.5910531282
-0.4774288833
0.3351900578
-0.104124397
0.05345514789
0.1058441028
0.124518171
-0.1157539785
0.3209710121
-0.1002481878
-0.554159224
0.150615871
0.01675951853
-0.3141038418
-0.3226074874
0.04388038814
0.4213867784
0.07053548098
-0.005667680874
-0.2137020528
-0.03128209338
-0.07144188881
-0.09500929713
-0.0806787461
0.1425061226
-0.07299436629
0.0745055154
0.06823210418
-0.01508430578
0.1300822943
0.4874535501
-0.2134286314
