0.2010484785
-0.02370596863
-0.2178568244
-0.1807163209
0.1452728212
-0.07039763778
-0.1664579511
-0.01107911114
-0.1888295859
-0.004652100615
0.4595906436
0.1917570829
-0.09761926532
-0.05672194436
0.2874858081
0.1363614947
-0.1202129722
-0.1143247634
0.0929743126
0.0001504262909
0.01282837801
-0.07350244373
-0.05983119458
0.1331322044
-0.1224859655
0.02853362449
-0.210926488
-0.2080782056
-0.008949199691
0.12810947
-0.05147772282
0.07487629354
-0.09360369295
-0.07789678127
0.2442678809
-0.07427850366
-0.1033921838
0.04748403281
0.1663146466
-0.06302659214
0.2690114081
0.003721265122
-0.09890855849
-0.06724800915
-0.07256111503
-0.1134403124
0.1919997334
-0.06095627323
0.3664131761
0.02151978388
-0.06549847871
0.3490031958
-0.05517647415
0.3486687243
-0.01678032987
0.1830492169
-0.02299141139
-0.2268215716
0.1220883802
0.09765640646
0.00181514502
-0.2135635912
-0.08018291742
0.1419136226
-0.02383170463
0.3052806854
-0.02482822351
0.1569518447
-0.09304619581
0.05849349126
0.05645919219
-0.06538257003
0.05680746958
0.001685552183
-1.959802466e-05
0.03493119776
0.03217925131
-0.05694438517
-0.04574537277
-0.03432729468
-0.0925507918
0.2130922079
-0.03569617122
-0.1022706926
-0.004706988577
-0.01700749993
0.03079566918
0.01329004951
-0.02383542247
-0.1313291341
-0.1252006739
-0.08589503169
0.0002582261222
0.2821163833
-0.08262159675
0.1045474634
-0.02198780514
0.08240523189
-0.1112590134
0.06499604136
-0.1424535811
-0.002757221926
-0.006816602312
-0.0237435475
-0.1133059263
-0.01284047496
0.01316179056
-0.01025701407
-0.04304347187
0.01082553435
-0.0325355567
-0.05486305058
-0.1729913354
0.0006605700473
-0.007097247522
-0.1387259066
-0.07562363148
-0.05830459669
0.02610055171
-0.004839351866
-0.0638685599
-0.03436178342
-0.1585304737
-0.1391823441
0.001251449692
-0.2441102862
0.003788903123
0.09216948599
0.1226079538
0.3876258135
0.196496889
0.2748386562
0.02109984308
0.1753985286
0.02572683245
-0.03953518718
0.1123305336
-0.0152447233
-0.2011101395
-0.2727684677
-0.1337842196
-0.3052092791
-0.0474691838
0.06621503085
0.21901384
0.1227398664
0.2800288796
0.07681395113
0.1800111234
-0.06495632231
0.03359321132
0.003643045668
0.2945485115
-0.07850444317
0.08787470311
0.3431529105
-0.001542306039
-0.03146724775
0.1090224311
0.09924309701
0.009554020129
0.2146605551
0.1035025567
0.03119374253
-0.006455075927
0.06328838319
0.07339839637
-0.01012255345
0.1158960015
-0.01453653909
-0.2021380812
-0.05869483948
-0.04927816987
-0.1059936807
-0.01607462578
0.05038205907
0.1777932197
0.05444621667
-0.01028126478
0.1506989151
0.02524149977
0.04711173475
0.009088642895
0.03488700464
0.08298826963
-0.02372690476
0.06439910829
0.06099279225
-0.007458155509
0.3313163221
0.01000871602
0.08682081848
-0.04859963804
0.172439754
-0.0322580412
-0.08936003596
0.04089146852
0.04905600846
-0.07260864228
-0.03547151014
-0.1979052722
0.001259538927
0.01418319531
0.122659795
0.001608621795
0.1531549245
0.02467571758
0.02521668375
0.1159754097
-0.03634220362
0.03500711545
-0.1063891649
0.02297155187
-0.03203194216
0.02595515922
0.05869174749
-0.04289570823
-0.08286573738
-0.1106673479
-0.2027826756
-0.003654651809
-0.2142092586
-0.03987259045
-0.07207249105
0.1027043387
0.01809508353
0.1765511483
-0.05507019907
0.002471646527
0.04712069407
-0.06999948621
0.005021564197
-0.06782669574
-0.01827945933
0.3225141466
-0.1667088568
-0.1212253645
-0.02921866998
0.06832318753
0.1726652831
0.1940991282
-0.03464374691
-0.09274144471
0.178908959
0.1764415652
-0.1157637462
-0.0271282047
0.06437188387
0.1923696995
0.06685163826
-0.1439249963
-0.05703301728
0.003372225678
-0.1315804869
0.02314344235
0.2766349614
0.05135791749
-0.09782033414
0.08267301321
-0.05653921515
0.02149437927
0.1019266322
-0.07812602073
-0.02066210471
0.07360601425
0.001663607894
-0.276504457
-0.148519069
-0.09559835494
-0.116127409
-0.0446973443
-0.08119280636
0.02274042554
0.1151853874
0.09325058013
-0.005854377523
0.02602424845
-0.04487380013
0.02514793165
-0.004293741193
-0.01208810788
0.01543471124
0.1219273955
0.2493512183
-0.006744886283
-0.01336468011
-0.01375945285
-0.04024678841
0.01833421737
-0.06970164925
0.02298583277
-0.09246408939
0.06964770705
0.02116540074
0.02761873789
0.03543209657
0.06295283139
-0.009695934132
0.001178406761
0.2457524836
0.1585908234
0.1062094495
-0.02008250915
0.05158548802
-0.3287706971
-0.007402942982
0.009505370632
0.06983464211
-0.03702249378
-0.06132579967
-0.01882882789
-0.07421384007
-0.01042852923
0.0476830937
0.1182977259
0.2287795991
-0.003248407505
0.04788807034
-0.008326072246
0.2149694711
-0.05234603956
0.09923757613
-0.02058850229
0.3642264605
-0.08513210714
0.03642895073
0.1604085565
-0.0285989847
0.1757908016
-0.00871673692
-0.1176885664
0.1158089489
-0.04558772221
-0.1784800142
0.007388346829
0.0177373942
0.165088743
0.1919857711
0.1084513813
0.0496179834
-0.02143556997
0.2311473787
0.03206190467
0.03076668456
0.1002047881
-0.1500354558
-0.03933933377
0.04291082546
-0.005871727131
0.1957255751
-0.004833914805
0.2009500563
0.009532907046
0.03896852955
0.001144556096
-0.01153859217
0.0003346375015
0.006837950554
-0.004292287864
-0.0006327647716
-0.02567594685
3.854416718e-06
-0.04769623652
-0.02350372076
-0.003033699701
0.02053423598
0.02844420075
0.001903061755
0.05081715435
-0.01292834338
0.004181028344
0.006163786165
0.0214108862
-0.01171836536
-0.004048790783
0.02333037741
0.009955892339
-0.003387073521
-0.009608049877
-0.01826188341
-0.003061081283
-0.001146927592
0.004368351772
-0.001854018075
-0.05591808632
-0.1913483888
0.09124208987
-0.1217656359
0.02715665475
0.2758852541
-0.1060650423
-0.02840293944
-0.2344396114
0.00916711241
0.05788120627
-0.2020744085
0.266248852
0.05399405956
0.1038690731
0.07632167637
0.3809215426
0.1741716117
-0.09304048121
0.06509042531
0.1208466142
0.1703051627
0.07310799509
0.02758986503
-0.004343844485
0.08293255419
0.1541412175
0.1768789887
0.006857160479
0.1292230636
0.07457929105
-0.2626746893
-0.0004247213365
-0.1844292432
-0.08437987417
0.0575578548
-0.02032627724
-6.994364958e-05
-0.03587517515
-0.009992293082
-0.0471955575
0.003457512939
0.1506077498
-0.1079209968
-0.008507422172
0.09722030163
-0.01457561459
-0.03927851096
-0.04709794372
-0.04912898317
-0.01434821915
-0.0853375867
-0.02123790234
-0.03960266709
0.01377697289
-0.02992767096
-0.0317051746
0.003352279076
-0.05699673295
-0.1485879272
0.001412397367
-0.06308897585
-0.009592328221
0.06893549114
-0.02620113268
0.05241679773
0.0008097024984
-0.01873215847
0.007398709655
0.009599838406
-0.04175842926
-0.01688589342
-0.02191488817
0.001868935535
-0.05664759874
-0.06574234366
-0.01344439667
-0.1004774049
0.02537986077
0.06643600017
0.1166546717
0.09739010781
-0.044195503
0.06540410221
0.02306019701
-0.1024925336
0.04666373879
-0.007043229416
-0.004252035636
0.02815904096
-0.2060546726
0.03318261728
-0.000464540557
0.1637487859
-0.08727092296
0.04801305756
-0.03328308463
0.08421611786
0.005327006802
0.2492319494
-0.03216182068
-0.0007822654443
0.08014579862
-0.01241897326
0.07488309592
0.005109768827
-0.09541527927
0.09303602576
-0.001310989726
-0.1067553684
-0.03504998237
-0.0199230928
-0.03823628277
0.1001323611
0.01273343898
-0.03591436893
-0.03370343521
0.08753781021
0.006496422924
-0.00630541658
0.01770125329
-0.05594913661
0.05304634571
0.04967438802
-0.0005540050915
0.1454975605
-0.01570413448
0.1151136383
