-0.0007546650013
-0.001063072239
-0.008413048461
-0.01468433533
-0.0003365214507
-0.0006864843308
0.1976711154
-0.2900437117
0.001657749177
0.0005102349096
-0.0004658597754
-0.007043297868
0.0003692613391
0.0004512457526
-2.392386887e-05
0.0009888564236
0.01008329261
-0.001968603116
0.2134650201
0.07323489338
0.007467958145
-0.0008942460408
-0.03957486898
-0.003423197893
-0.0006866683252
0.003276471747
0.002775324974
-0.01380865462
-0.00827859994
-0.003138418775
7.960872608e-05
0.003905959195
0.002124278108
0.002604623558
0.006942855194
0.0130540831
-0.001196719008
0.001782434992
0.1055742577
-0.211691007
-0.002608720446
-0.001932043931
0.002260977169
0.006022048648
0.00137696357
-0.001683116308
0.00212354376
-9.650201537e-05
-0.01087933127
-0.001071306062
0.02521085367
-0.008537892252
-0.0009668102139
0.001924310927
0.01234862022
0.001453421079
-0.1028319448
-0.0001644603035
0.001231761998
0.008011947386
-0.001330891508
0.001467166585
-0.001492504729
0.007004563231
-0.001281339792
-0.0009982860647
-0.003143006703
-0.001957737142
0.002154571237
-0.001175874262
0.2527059019
-0.3233039379
0.001021770411
0.001086504664
-0.001043889322
-0.0006929844385
-0.001689283992
6.277880311e-05
-0.002202900359
0.001120030996
-0.006624459755
0.002565135481
0.2674036622
-0.02098005451
-0.003672110382
-0.000734721194
0.0177968666
-0.0005337768816
-0.2495207936
-0.001182101783
-0.002265000017
0.001689609955
0.007964071818
0.001425564522
0.002180445706
-0.007312589791
7.816562402e-07
1.805668262e-06
-4.471552728e-08
-2.827961794e-07
-4.86709439e-07
2.521902047e-07
3.850579105e-06
5.311990753e-05
-6.656019309e-07
-5.764543403e-07
2.160837539e-06
-1.8056258e-07
1.395773324e-06
3.223389911e-07
1.540335575e-06
1.189789423e-08
1.46062348e-06
-9.6150643e-09
5.486223017e-05
-2.955698903e-07
1.024895653e-07
2.634567977e-07
-5.429358794e-07
3.679049598e-08
1.122620779e-05
2.247911652e-06
1.961077487e-06
1.419249713e-07
6.518937425e-07
2.021871808e-07
-5.47505465e-07
1.593807269e-06
-6.046778071e-05
-2.580454202e-05
0.0001061383882
1.558141958e-05
-7.69159783e-07
-3.322621706e-05
0.001160268788
0.003566286992
-2.139027856e-06
1.391341993e-05
-5.244589556e-05
2.857155596e-05
-1.722179331e-05
4.505220204e-05
-0.0001219504265
-1.869524567e-06
7.308259683e-06
0.0001283160236
0.001171307988
-3.70439484e-05
-8.731595881e-05
-2.254656101e-05
-3.194859801e-06
-1.06226446e-06
-2.222708281e-05
-0.0001501466031
-0.0001279502321
8.137769328e-05
3.951909821e-05
-8.812584383e-06
-7.660320989e-06
-0.0001454118174
0.003204864915
0.003410195
0.00134114956
-0.003950844985
-0.003662868403
0.002925920999
-0.1672734916
-0.1404323876
-0.003226814093
-0.002982415725
0.003831546521
-0.002530346625
0.00334952143
-0.00119036471
0.003753304714
-0.002338012215
0.01945129596
-0.002478626091
0.03357955068
-0.04116693884
0.0006266452256
0.002375258831
0.008072302677
0.002663843334
-0.06181895733
0.00333993719
0.003636757843
-0.000197634814
0.001766029163
0.00061387202
-0.003700549947
-0.002077241428
1.680540663e-05
-8.503571735e-06
-6.137927357e-06
8.711023838e-06
-6.382314041e-06
1.797350524e-05
0.0004590548924
-0.0007929546991
-3.97913891e-06
-1.252503262e-05
-2.134686656e-05
1.308849824e-05
-2.54836732e-06
-2.294471233e-05
3.308302894e-06
-2.960905476e-06
-5.036975836e-06
-1.088245608e-05
-0.001325543388
1.374043495e-05
1.201456234e-05
1.677636828e-05
3.450000122e-06
2.327335551e-06
-0.0004046215618
-3.182004366e-05
-3.128358367e-05
-4.910835742e-06
-8.794156201e-06
-2.500776873e-06
-4.166703548e-06
-9.619503544e-06
-1.723129208e-05
-8.207695828e-06
1.864038495e-05
5.13412997e-05
3.618713527e-05
-3.080843453e-05
0.0003207985137
-0.000104312021
3.722558176e-05
1.522332877e-05
-9.544584827e-06
5.907650484e-05
-3.256353466e-06
3.952565748e-05
-1.114998213e-06
1.555018753e-05
1.717095802e-05
3.62925457e-05
0.0003357515088
5.384416727e-05
-1.561114004e-05
-1.861424425e-05
3.024354373e-05
-9.731974387e-06
-6.279099034e-05
-3.249883957e-05
-2.150992441e-05
4.912705845e-05
2.776435031e-05
9.194992003e-07
5.077822061e-05
-1.54824229e-05
-7.470385412e-07
3.165245653e-05
4.569019438e-05
-2.352970796e-06
-1.499342579e-05
-9.56472104e-06
7.071079744e-05
0.002075997181
-1.986774441e-05
-1.154098936e-05
3.540049875e-05
-7.596552678e-06
1.683624032e-05
1.624674951e-05
1.468029404e-05
3.661140227e-07
2.270605546e-05
4.143075057e-05
0.001697096159
-4.302101661e-05
-1.871618042e-05
-2.748321094e-06
-3.926292266e-06
2.608325929e-07
0.0002530205529
-1.89550301e-05
5.415554369e-06
2.345474786e-05
2.30717651e-05
2.886474022e-06
-1.913001142e-05
-4.727783744e-05
-0.0004100428778
-0.0003384782758
0.0004730996443
0.0003533560084
0.0003273725742
-0.0002397272619
0.01080461685
0.01676091179
0.0002373340394
0.0002474633802
-0.0004313917307
0.0003736727522
-0.0003029188956
0.0002806673874
-0.0004367002402
-4.70848463e-05
-5.832653187e-05
0.0005515496014
0.006377405487
0.0006175187882
-0.0003327679588
-0.0002564800088
-1.335347588e-05
-6.053829566e-06
0.0005246322835
-0.0006301408284
-0.0006428430206
0.0004340013547
0.0001296427945
-5.851255992e-06
0.0002938781108
-0.0007731975638
-0.0001875132584
1.692113074e-05
-8.572820661e-06
-0.0001521761587
-0.0001467428665
-0.000244414754
-0.003659904469
0.005883218255
-0.0002068934118
-1.268047345e-05
0.0001787517103
-0.0002947509638
-3.886417107e-05
0.000144724967
-4.445312152e-05
4.686557077e-05
0.0001247317559
5.434656487e-05
0.002816842403
-0.0007624319405
-0.0001660163107
-0.0002134721435
1.06618827e-05
-3.088060839e-05
0.004003466107
7.603731501e-05
4.429725595e-05
2.683627099e-05
0.0001829993416
4.396056283e-06
-0.0002093313233
-0.0001044481251
-3.614198067e-05
-4.575915227e-05
0.0001224147272
0.0001596724906
4.67352038e-05
-1.728975258e-05
0.002016712911
0.006020513829
4.031465869e-05
3.01796299e-05
-6.717363431e-05
0.0001196249577
-5.073368447e-05
3.821162318e-05
-5.680323011e-05
-1.123823404e-05
-9.930159649e-06
0.0001354721171
0.003504241584
0.000120343997
-6.939900049e-05
-7.316295068e-06
2.571611049e-06
2.514794687e-06
-0.0007745479816
-0.0001949375583
-0.000174693967
9.208278789e-05
8.068175703e-06
4.269087128e-08
5.676642468e-05
-0.0001199531252
0.001030910644
0.0007698414265
0.000613739423
0.007371314801
-0.00184045569
0.0008899793029
0.05823363736
-0.04548778757
-0.001323681674
-0.001082022325
0.00112617109
-0.001552906469
0.001253792434
-0.0005322966608
0.001156684244
-0.001370962127
-0.003174253739
1.943011921e-05
-0.01171041746
-0.02785362862
-0.0008313442813
0.0005979710259
-0.0008312579012
0.001729379175
-0.03592391312
0.001807163004
0.001722931629
-0.0006137095043
0.001881064731
0.0002558180713
-0.001838560216
0.0005551021313
-0.0004637902312
-0.0001228106703
-0.001328649465
0.001806664281
0.001895421767
-0.0004958374193
0.1663817316
-0.02426062152
0.001153942081
0.0006299572997
-0.0008272796404
0.002070580376
-0.001460121362
-0.0001084140604
-0.0009284096304
0.0008500248077
0.006126201712
0.002511573024
0.062838763
0.01489467546
0.001415933715
-0.0001386061776
0.0008008038276
-0.00141382427
0.03691165149
-0.001170874108
-0.001518938341
0.0005365996039
0.002108619781
0.000403545564
0.002214105101
0.0009725677082
-6.417653964e-08
-2.485735422e-06
3.470919864e-06
3.98701377e-06
2.104639407e-06
1.080685706e-06
2.338530794e-05
0.0001346155623
1.620452053e-06
7.356391052e-07
-3.103107929e-06
2.452602757e-06
-2.029773214e-06
-1.187090788e-06
-4.858569355e-06
-1.792208479e-07
7.077018154e-07
5.759605301e-06
4.010222619e-05
2.010424396e-06
-5.62793457e-06
1.226853783e-07
4.995548579e-07
-2.720603476e-08
-6.341482367e-05
-4.946718036e-06
-3.75076911e-06
4.035784059e-06
4.595996188e-07
-2.532494818e-07
2.522074055e-06
-4.109613201e-06
-9.689701983e-07
1.683881965e-05
-2.530465736e-06
-1.426030485e-05
-1.172910379e-05
-4.309441692e-07
-0.0001106099371
0.0004080541548
-1.148978572e-05
-7.846306289e-06
2.027808478e-05
-1.353776042e-05
1.42130566e-05
3.644620165e-06
6.618117368e-06
-6.849970191e-07
4.307779363e-06
-2.96176222e-06
0.0004523979733
-1.432494901e-05
-1.513833809e-06
4.437507414e-06
-6.834606211e-06
8.050596989e-07
0.0002824025869
2.02220981e-05
2.04646567e-05
-5.30637044e-06
1.236647563e-06
1.270241228e-06
-1.242486542e-05
1.255192728e-05
